1 105 1 6.435 105 0 0.2625 0 0 0 0 0 0 
2 108 1 6.37065 108 0.1 0.27 0 0 0 0 0 1 
3 110 1 6.30694 110 0.195919 0.275 0 0 0 0 0 3 
4 112 1 6.24387 112 0.295919 0.28 0 0 0 0 0 4 
5 114 1 6.18144 114 0.395919 0.285 0 0 0 0 0 5 
6 115 1 6.11962 115 0.488365 0.2875 0 0 0 0 0 7 
7 115 1 6.05842 115 0.488365 0.2875 0 0 0 0 0 8 
8 122 1 5.99784 122 0.62186 0.305 0 0 0 0 0 10 
9 122 1 5.93786 122 0.62186 0.305 0 0 0 0 0 11 
10 122 1 5.87848 122 0.62186 0.305 0 0 0 0 0 12 
11 131 1 5.8197 131 0.72186 0.3275 0 0 0 0 0 13 
12 131 1 5.7615 131 0.72186 0.3275 0 0 0 0 0 14 
13 132 1 5.70389 132 1.03084 0.33 0 0 0 1 1 16 
14 133 1 5.64685 133 1.15732 0.3325 0 0 0 2 2 19 
15 141 1 5.59038 141 1.25557 0.3525 0 0 0 3 3 22 
16 141 1 5.53448 141 1.25557 0.3525 0 0 0 4 4 23 
17 142 1 5.47913 142 1.40416 0.355 0 0 0 5 5 25 
18 143 1 5.42434 143 1.50416 0.3575 0 0 0 6 6 26 
19 145 1 5.3701 145 1.65811 0.3625 0 0 0 7 7 28 
20 145 1 5.31639 145 1.65811 0.3625 0 0 0 8 8 29 
21 145 1 5.26323 145 1.65811 0.3625 0 0 0 9 9 30 
22 145 1 5.2106 145 1.65811 0.3625 0 0 0 10 10 31 
23 146 1 5.15849 146 1.7409 0.365 0 0 0 11 11 33 
24 146 1 5.10691 146 1.7409 0.365 0 0 0 12 12 34 
25 147 1 5.05584 147 2.02836 0.3675 0 0 0 13 13 36 
26 148 1 5.00528 148 2.08592 0.37 0 0 0 14 14 38 
27 148 1 4.95523 148 2.08592 0.37 0 0 0 14 14 42 
28 148 1 4.90567 148 2.08592 0.37 0 0 0 14 14 43 
29 148 1 4.85662 148 2.08592 0.37 0 0 0 14 14 44 
30 150 1 4.80805 150 2.51612 0.375 0 0 0 15 15 46 
31 150 1 4.75997 150 2.51612 0.375 0 0 0 16 16 47 
32 150 1 4.71237 150 2.51612 0.375 0 0 0 17 17 48 
33 150 1 4.66525 150 2.51612 0.375 0 0 0 18 18 49 
34 150 1 4.6186 150 2.51612 0.375 0 0 0 19 19 50 
35 150 1 4.57241 150 2.51612 0.375 0 0 0 20 20 51 
36 150 1 4.52669 150 2.51612 0.375 0 0 0 21 21 52 
37 150 1 4.48142 150 2.51612 0.375 0 0 0 22 22 53 
38 150 1 4.4366 150 2.51612 0.375 0 0 0 23 23 54 
39 150 1 4.39224 150 2.51612 0.375 0 0 0 24 24 55 
40 150 1 4.34832 150 2.51612 0.375 0 0 0 25 25 56 
41 150 1 4.30483 150 2.51612 0.375 0 0 0 26 26 57 
42 150 1 4.26179 150 2.51612 0.375 0 0 0 27 27 58 
43 151 1 4.21917 151 3.0701 0.3775 0 0 0 28 28 60 
44 152 1 4.17698 152 3.12806 0.38 0 0 0 29 29 62 
45 152 1 4.13521 152 3.12806 0.38 0 0 0 30 30 63 
46 152 1 4.09385 152 3.12806 0.38 0 0 0 31 31 64 
47 152 1 4.05292 152 3.12806 0.38 0 0 0 32 32 65 
48 152 1 4.01239 152 3.12806 0.38 0 0 0 33 33 66 
49 152 1 3.97226 152 3.12806 0.38 0 0 0 34 34 67 
50 152 1 3.93254 152 3.12806 0.38 0 0 0 35 35 68 
51 152 1 3.89321 152 3.12806 0.38 0 0 0 36 36 69 
52 152 1 3.85428 152 3.12806 0.38 0 0 0 38 38 70 
53 152 1 3.81574 152 3.12806 0.38 0 0 0 39 39 71 
54 152 1 3.77758 152 3.12806 0.38 0 0 0 40 40 72 
55 159 1 3.73981 159 3.53263 0.3975 0 0 0 42 42 74 
56 159 1 3.70241 159 3.53263 0.3975 0 0 0 43 43 75 
57 165 1 3.66538 165 3.88679 0.4125 0 0 0 44 44 78 
58 165 1 3.62873 165 3.88679 0.4125 0 0 0 45 45 79 
59 165 1 3.59244 165 3.88679 0.4125 0 0 0 47 47 80 
60 165 1 3.55652 165 3.88679 0.4125 0 0 0 49 49 81 
61 165 1 3.52095 165 3.88679 0.4125 0 0 0 51 51 82 
62 166 1 3.48574 166 4.53395 0.415 0 0 0 53 53 85 
63 166 1 3.45089 166 4.53395 0.415 0 0 0 55 55 86 
64 166 1 3.41638 166 4.53395 0.415 0 0 0 58 58 87 
65 166 1 3.38221 166 4.53395 0.415 0 0 0 60 60 88 
66 166 1 3.34839 166 4.53395 0.415 0 0 0 62 62 89 
67 166 1 3.31491 166 4.53395 0.415 0 0 0 64 64 90 
68 166 1 3.28176 166 4.53395 0.415 0 0 0 66 66 91 
69 166 1 3.24894 166 4.53395 0.415 0 0 0 68 68 92 
70 166 1 3.21645 166 4.53395 0.415 0 0 0 70 70 95 
71 166 1 3.18429 166 4.53395 0.415 0 0 0 71 71 96 
72 166 1 3.15244 166 4.53395 0.415 0 0 0 73 73 97 
73 166 1 3.12092 166 4.53395 0.415 0 0 0 74 74 98 
74 166 1 3.08971 166 4.53395 0.415 0 0 0 76 76 99 
75 166 1 3.05881 166 4.53395 0.415 0 0 0 78 78 100 
76 166 1 3.02822 166 4.53395 0.415 0 0 0 80 80 101 
77 166 1 2.99794 166 4.53395 0.415 0 0 0 82 82 102 
78 166 1 2.96796 166 4.53395 0.415 0 0 0 84 84 103 
79 166 1 2.93828 166 4.53395 0.415 0 0 0 86 86 104 
80 166 1 2.9089 166 4.53395 0.415 0 0 0 88 88 105 
81 166 1 2.87981 166 4.53395 0.415 0 0 0 90 90 106 
82 166 1 2.85101 166 4.53395 0.415 0 0 0 92 92 107 
83 166 1 2.8225 166 4.53395 0.415 0 0 0 94 94 108 
84 166 1 2.79428 166 4.53395 0.415 0 0 0 96 96 109 
85 166 1 2.76634 166 4.53395 0.415 0 0 0 98 98 110 
86 166 1 2.73867 166 4.53395 0.415 0 0 0 100 100 111 
87 166 1 2.71129 166 4.53395 0.415 0 0 0 102 102 112 
88 166 1 2.68417 166 4.53395 0.415 0 0 0 104 104 115 
89 166 1 2.65733 166 4.53395 0.415 0 0 0 106 106 116 
90 166 1 2.63076 166 4.53395 0.415 0 0 0 108 108 117 
91 166 1 2.60445 166 4.53395 0.415 0 0 0 110 110 118 
92 166 1 2.57841 166 4.53395 0.415 0 0 0 112 112 119 
93 166 1 2.55262 166 4.53395 0.415 0 0 0 114 114 120 
94 166 1 2.5271 166 4.53395 0.415 0 0 0 116 116 121 
95 178 1 2.50182 178 4.97515 0.445 0 0 0 119 119 124 
96 181 1 2.47681 181 5.93455 0.4525 0 0 0 122 122 127 
97 182 1 2.45204 182 5.97261 0.455 0 0 0 125 125 129 
98 182 1 2.42752 182 5.97261 0.455 0 0 0 128 128 130 
99 182 1 2.40324 182 5.97261 0.455 0 0 0 131 131 131 
100 187 1 2.37921 187 6.52124 0.4675 0 0 0 135 135 134 
101 187 1 2.35542 187 6.52124 0.4675 0 0 0 138 138 135 
102 187 1 2.33186 187 6.52124 0.4675 0 0 0 141 141 136 
103 187 1 2.30855 187 6.52124 0.4675 0 0 0 144 144 137 
104 187 1 2.28546 187 6.52124 0.4675 0 0 0 148 148 138 
105 187 1 2.26261 187 6.52124 0.4675 0 0 0 151 151 139 
106 187 1 2.23998 187 6.52124 0.4675 0 0 0 155 155 140 
107 187 1 2.21758 187 6.52124 0.4675 0 0 0 159 159 141 
108 187 1 2.1954 187 6.52124 0.4675 0 0 0 162 162 142 
109 187 1 2.17345 187 6.52124 0.4675 0 0 0 166 166 143 
110 187 1 2.15172 187 6.52124 0.4675 0 0 0 171 171 144 
111 187 1 2.1302 187 6.52124 0.4675 0 0 0 175 175 145 
112 187 1 2.1089 187 6.52124 0.4675 0 0 0 178 178 146 
113 187 1 2.08781 187 6.48121 0.4675 0 0 0 182 182 148 
114 187 1 2.06693 187 6.48121 0.4675 0 0 0 186 186 149 
115 187 1 2.04626 187 6.48121 0.4675 0 0 0 191 191 150 
116 187 1 2.0258 187 6.48121 0.4675 0 0 0 195 195 151 
117 187 1 2.00554 187 6.48121 0.4675 0 0 0 199 199 152 
118 187 1 1.98548 187 6.1324 0.4675 0 0 0 203 203 155 
119 187 1 1.96563 187 6.1324 0.4675 0 0 0 207 207 157 
120 193 1 1.94597 193 5.98252 0.4825 0 0 0 211 211 163 
121 193 1 1.92651 193 5.98252 0.4825 0 0 0 215 215 165 
122 193 1 1.90725 193 5.98252 0.4825 0 0 0 220 220 167 
123 196 1 1.88818 196 8.32165 0.49 0 0 0 227 227 171 
124 196 1 1.86929 196 8.32165 0.49 0 0 0 234 234 172 
125 196 1 1.8506 196 8.32165 0.49 0 0 0 241 241 173 
126 196 1 1.83209 196 8.32165 0.49 0 0 0 248 248 174 
127 196 1 1.81377 196 8.32165 0.49 0 0 0 258 258 180 
128 211 1 1.79564 211 8.57485 0.5275 0 0 0 270 270 185 
129 211 1 1.77768 211 8.57485 0.5275 0 0 0 281 281 186 
130 211 1 1.7599 211 8.57485 0.5275 0 0 0 293 293 188 
131 211 1 1.7423 211 8.57485 0.5275 0 0 0 304 304 191 
132 211 1 1.72488 211 8.57485 0.5275 0 0 0 316 316 195 
133 211 1 1.70763 211 8.57485 0.5275 0 0 0 331 331 198 
134 211 1 1.69056 211 8.57485 0.5275 0 0 0 350 350 204 
135 211 1 1.67365 211 8.57485 0.5275 0 0 0 372 372 208 
136 211 1 1.65691 211 8.57485 0.5275 0 0 0 386 386 209 
137 211 1 1.64034 211 8.57485 0.5275 0 0 0 402 402 212 
138 211 1 1.62394 211 8.57485 0.5275 0 0 0 421 421 214 
139 211 1 1.6077 211 8.57485 0.5275 0 0 0 436 436 215 
140 211 1 1.59162 211 8.52227 0.5275 0 0 0 452 452 218 
141 211 1 1.57571 211 8.52227 0.5275 0 0 0 469 469 219 
142 213 1 1.55995 213 8.91069 0.5325 0 0 0 482 482 226 
143 213 1 1.54435 213 8.91069 0.5325 0 0 0 497 497 227 
144 231 1 1.52891 231 9.27786 0.5775 0 0 0 521 521 232 
145 232 1 1.51362 232 9.13961 0.58 0 0 0 546 546 238 
146 232 1 1.49848 232 9.00335 0.58 0 0 0 573 573 241 
147 232 1 1.4835 232 9.00335 0.58 0 0 0 593 593 243 
148 232 1 1.46866 232 9.00335 0.58 0 0 0 615 615 248 
149 232 1 1.45398 232 8.95495 0.58 0 0 0 639 639 250 
150 232 1 1.43944 232 8.95495 0.58 0 0 0 664 664 251 
151 232 1 1.42504 232 8.95495 0.58 0 0 0 688 688 253 
152 232 1 1.41079 232 8.95495 0.58 0 0 0 713 713 254 
153 232 1 1.39668 232 8.95495 0.58 0 0 0 740 740 256 
154 233 1 1.38272 233 9.91282 0.5825 0 0 0 770 770 261 
155 233 1 1.36889 233 9.91282 0.5825 0 0 0 800 800 262 
156 233 1 1.3552 233 9.91282 0.5825 0 0 0 829 829 263 
157 233 1 1.34165 233 9.91282 0.5825 0 0 0 860 860 264 
158 233 1 1.32823 233 9.91282 0.5825 0 0 0 892 892 269 
159 233 1 1.31495 233 9.91282 0.5825 0 0 0 930 930 271 
160 233 1 1.3018 233 9.79593 0.5825 0 0 0 965 965 272 
161 233 1 1.28878 233 9.79593 0.5825 0 0 0 1009 1009 273 
162 233 1 1.27589 233 9.79593 0.5825 0 0 0 1044 1044 274 
163 233 1 1.26314 233 9.79593 0.5825 0 0 0 1082 1082 275 
164 233 1 1.2505 233 9.79593 0.5825 0 0 0 1118 1118 276 
165 233 1 1.238 233 9.79593 0.5825 0 0 0 1159 1159 279 
166 233 1 1.22562 233 9.79593 0.5825 0 0 0 1204 1204 280 
167 233 1 1.21336 233 9.79593 0.5825 0 0 0 1246 1246 281 
168 233 1 1.20123 233 9.79593 0.5825 0 0 0 1291 1291 282 
169 233 1 1.18922 233 9.79593 0.5825 0 0 0 1331 1331 283 
170 233 1 1.17733 233 9.79593 0.5825 0 0 0 1368 1368 284 
171 236 1 1.16555 236 12.0573 0.59 0 0 0 1440 1440 289 
172 236 1 1.1539 236 12.0573 0.59 0 0 0 1516 1516 290 
173 237 1 1.14236 237 9.97287 0.5925 0 0 0 1571 1571 294 
174 237 1 1.13093 237 9.88739 0.5925 0 0 0 1633 1633 296 
175 237 1 1.11962 237 9.88739 0.5925 0 0 0 1721 1721 300 
176 237 1 1.10843 237 9.88739 0.5925 0 0 0 1789 1789 305 
177 237 1 1.09734 237 9.84091 0.5925 0 0 0 1844 1844 306 
178 237 1 1.08637 237 9.84091 0.5925 0 0 0 1887 1887 307 
179 237 1 1.07551 237 7.63372 0.5925 0 0 0 1918 1918 315 
180 243 1 1.06475 243 7.63371 0.6075 0 0 0 1974 1974 320 
181 245 1 1.0541 245 8.19982 0.6125 0 0 0 2050 2050 326 
182 245 1 1.04356 245 7.71107 0.6125 0 0 0 2145 2145 331 
183 253 1 1.03313 253 8.01936 0.6325 0 0 0 2275 2275 336 
184 253 1 1.0228 253 8.01936 0.6325 0 0 0 2427 2427 339 
185 253 1 1.01257 253 8.01915 0.6325 0 0 0 2566 2566 341 
186 253 1 1.00244 253 7.65562 0.6325 0 0 0 2722 2722 346 
187 253 1 0.992418 253 7.65562 0.6325 0 0 0 2873 2873 347 
188 253 1 0.982494 253 7.65562 0.6325 0 0 0 3036 3036 351 
189 253 1 0.972669 253 7.65562 0.6325 0 0 0 3224 3224 354 
190 253 1 0.962942 253 7.65562 0.6325 0 0 0 3435 3435 357 
191 253 1 0.953313 253 7.51535 0.6325 0 0 0 3627 3627 359 
192 253 1 0.94378 253 7.51535 0.6325 0 0 0 3816 3816 363 
193 253 1 0.934342 253 7.51535 0.6325 0 0 0 3986 3986 366 
194 253 1 0.924999 253 7.51535 0.6325 0 0 0 4182 4182 367 
195 253 1 0.915749 253 7.51535 0.6325 0 0 0 4389 4389 369 
196 259 1 0.906591 259 7.93486 0.6475 0 0 0 4598 4598 371 
197 259 1 0.897525 259 7.93399 0.6475 0 0 0 4798 4798 375 
198 259 1 0.88855 259 7.83236 0.6475 0 0 0 5074 5074 378 
199 259 1 0.879664 259 7.586 0.6475 0 0 0 5319 5319 381 
200 259 1 0.870868 259 7.586 0.6475 0 0 0 5553 5553 384 
201 259 1 0.862159 259 7.586 0.6475 0 0 0 5776 5776 385 
202 259 1 0.853538 259 7.586 0.6475 0 0 0 5903 5903 388 
203 259 1 0.845002 259 7.586 0.6475 0 0 0 6039 6039 392 
204 259 1 0.836552 259 7.4059 0.6475 0 0 0 6179 6179 393 
205 259 1 0.828187 259 7.4059 0.6475 0 0 0 6319 6319 396 
206 260 1 0.819905 260 8.06779 0.65 0 0 0 6604 6604 403 
207 260 1 0.811706 260 7.82551 0.65 0 0 0 6889 6889 404 
208 260 1 0.803589 260 7.74313 0.65 0 0 0 7126 7126 405 
209 260 1 0.795553 260 7.74313 0.65 0 0 0 7431 7431 410 
210 266 1 0.787597 266 7.556 0.665 0 0 0 7640 7640 413 
211 266 1 0.779721 266 7.556 0.665 0 0 0 7871 7871 416 
212 266 1 0.771924 266 7.556 0.665 0 0 0 8161 8161 417 
213 266 1 0.764205 266 7.53525 0.665 0 0 0 8410 8410 418 
214 266 1 0.756563 266 7.47148 0.665 0 0 0 8743 8743 421 
215 266 1 0.748997 266 7.47148 0.665 0 0 0 9062 9062 426 
216 266 1 0.741507 266 7.47148 0.665 0 0 0 9413 9413 427 
217 266 1 0.734092 266 7.41926 0.665 0 0 0 9725 9725 429 
218 266 1 0.726751 266 7.41926 0.665 0 0 0 10138 10138 430 
219 266 1 0.719484 266 7.41926 0.665 0 0 0 10404 10404 432 
220 266 1 0.712289 266 7.41926 0.665 0 0 0 10734 10734 433 
221 266 1 0.705166 266 7.41926 0.665 0 0 0 11113 11113 434 
222 266 1 0.698114 266 7.41926 0.665 0 0 0 11495 11495 437 
223 266 1 0.691133 266 7.41926 0.665 0 0 0 11917 11917 438 
224 266 1 0.684222 266 7.41926 0.665 0 0 0 12326 12326 439 
225 266 1 0.67738 266 7.41926 0.665 0 0 0 12818 12818 441 
226 266 1 0.670606 266 7.41926 0.665 0 0 0 13433 13433 444 
227 266 1 0.6639 266 7.41926 0.665 0 0 0 13965 13965 447 
228 266 1 0.657261 266 7.3034 0.665 0 0 0 14510 14510 448 
229 266 1 0.650688 266 7.3034 0.665 0 0 0 15202 15202 449 
230 277 1 0.644181 277 7.47488 0.6925 0 0 0 15837 15837 451 
231 277 1 0.637739 277 7.47488 0.6925 0 0 0 16646 16646 452 
232 277 1 0.631362 277 7.47488 0.6925 0 0 0 17468 17468 455 
233 277 1 0.625048 277 7.47488 0.6925 0 0 0 21730 21730 457 
234 277 1 0.618798 277 7.47488 0.6925 0 0 0 25959 25959 458 
235 277 1 0.61261 277 7.47488 0.6925 0 0 0 33109 33109 459 
236 277 1 0.606484 277 7.47488 0.6925 0 0 0 38036 38036 461 
237 277 1 0.600419 277 7.47488 0.6925 0 0 0 42866 42866 464 
238 277 1 0.594415 277 7.47488 0.6925 0 0 0 49088 49088 465 
239 277 1 0.588471 277 7.47488 0.6925 0 0 0 57680 57680 466 
240 277 1 0.582586 277 7.47488 0.6925 0 0 0 62599 62599 467 
241 277 1 0.57676 277 7.47488 0.6925 0 0 0 67561 67561 468 
242 277 1 0.570993 277 7.47488 0.6925 0 0 0 77200 77200 469 
243 277 1 0.565283 277 7.47488 0.6925 0 0 0 82499 82499 470 
244 277 1 0.55963 277 7.47488 0.6925 0 0 0 86578 86578 471 
245 283 1 0.554033 283 7.71362 0.7075 0 0 0 89923 89923 473 
246 283 1 0.548493 283 7.58092 0.7075 0 0 0 92785 92785 474 
247 283 1 0.543008 283 7.55364 0.7075 0 0 0 96626 96626 475 
248 283 1 0.537578 283 7.55364 0.7075 0 0 0 99678 99678 477 
249 283 1 0.532202 283 7.53343 0.7075 0 0 0 103708 103708 478 
250 283 1 0.52688 283 7.53343 0.7075 0 0 0 110291 110291 479 
251 284 1 0.521611 284 10.7528 0.71 0 0 0 122081 122081 485 
252 284 1 0.516395 284 10.4894 0.71 0 0 0 130809 130809 487 
253 284 1 0.511231 284 10.4016 0.71 0 0 0 139669 139669 493 
254 284 1 0.506119 284 10.4016 0.71 0 0 0 166988 166988 494 
255 284 1 0.501058 284 10.4016 0.71 0 0 0 190936 190936 496 
256 284 1 0.496047 284 10.4016 0.71 0 0 0 214427 214427 497 
257 284 1 0.491087 284 10.4016 0.71 0 0 0 227390 227390 499 
258 284 1 0.486176 284 10.0805 0.71 0 0 0 248076 248076 500 
259 284 1 0.481314 284 10.0805 0.71 0 0 0 270965 270965 501 
260 284 1 0.476501 284 10.0805 0.71 0 0 0 302164 302164 502 
261 284 1 0.471736 284 10.0805 0.71 0 0 0 330201 330201 503 
262 284 1 0.467019 284 10.0261 0.71 0 0 0 355082 355082 504 
263 284 1 0.462349 284 10.0261 0.71 0 0 0 393067 393067 506 
264 284 1 0.457725 284 10.005 0.71 0 0 0 444769 444769 508 
265 284 1 0.453148 284 10.005 0.71 0 0 0 481530 481530 511 
266 284 1 0.448616 284 10.005 0.71 0 0 0 541503 541503 513 
267 284 1 0.44413 284 10.005 0.71 0 0 0 599615 599615 514 
268 284 1 0.439689 284 10.005 0.71 0 0 0 660725 660725 517 
269 284 1 0.435292 284 9.88184 0.71 0 0 0 691333 691333 518 
270 284 1 0.430939 284 9.88184 0.71 0 0 0 739865 739865 519 
271 284 1 0.42663 284 9.88184 0.71 0 0 0 789000 789000 520 
272 284 1 0.422363 284 9.84306 0.71 0 0 0 827161 827161 523 
273 284 1 0.41814 284 9.84306 0.71 0 0 0 882640 882640 524 
274 284 1 0.413958 284 9.84306 0.71 0 0 0 935179 935179 525 
275 284 1 0.409819 284 9.84306 0.71 0 0 0 993826 993826 527 
276 284 1 0.405721 284 9.84306 0.71 0 0 0 1057470 1057470 528 
277 284 1 0.401663 284 9.84306 0.71 0 0 0 1134352 1134352 531 
278 284 1 0.397647 284 9.84306 0.71 0 0 0 1243665 1243665 532 
279 284 1 0.39367 284 9.84306 0.71 0 0 0 1343514 1343514 533 
280 287 1 0.389734 287 11.9269 0.7175 0 0 0 1491368 1491368 540 
281 295 1 0.385836 295 9.94273 0.7375 0 0 0 1603338 1603338 544 
282 295 1 0.381978 295 9.94273 0.7375 0 0 0 1764140 1764140 545 
