1 105 1 7.425 105 0 0.2625 0 0 0 0 0 0 
2 108 1 7.35075 108 0.1 0.27 0 0 0 0 0 1 
3 110 1 7.27724 110 0.195919 0.275 0 0 0 0 0 3 
4 112 1 7.20447 112 0.295919 0.28 0 0 0 0 0 4 
5 114 1 7.13243 114 0.395919 0.285 0 0 0 0 0 5 
6 115 1 7.0611 115 0.488365 0.2875 0 0 0 0 0 7 
7 115 1 6.99049 115 0.488365 0.2875 0 0 0 0 0 8 
8 122 1 6.92059 122 0.62186 0.305 0 0 0 0 0 10 
9 122 1 6.85138 122 0.62186 0.305 0 0 0 0 0 11 
10 122 1 6.78287 122 0.62186 0.305 0 0 0 0 0 12 
11 131 1 6.71504 131 0.72186 0.3275 0 0 0 0 0 13 
12 131 1 6.64789 131 0.72186 0.3275 0 0 0 0 0 14 
13 132 1 6.58141 132 1.03084 0.33 0 0 0 0 0 16 
14 133 1 6.51559 133 1.15732 0.3325 0 0 0 0 0 19 
15 141 1 6.45044 141 1.25557 0.3525 0 0 0 0 0 22 
16 141 1 6.38593 141 1.25557 0.3525 0 0 0 0 0 23 
17 142 1 6.32207 142 1.40416 0.355 0 0 0 0 0 25 
18 143 1 6.25885 143 1.50416 0.3575 0 0 0 0 0 26 
19 145 1 6.19626 145 1.65811 0.3625 0 0 0 0 0 28 
20 145 1 6.1343 145 1.65811 0.3625 0 0 0 0 0 29 
21 145 1 6.07296 145 1.65811 0.3625 0 0 0 0 0 30 
22 145 1 6.01223 145 1.65811 0.3625 0 0 0 0 0 31 
23 146 1 5.95211 146 1.7409 0.365 0 0 0 0 0 33 
24 146 1 5.89259 146 1.7409 0.365 0 0 0 0 0 34 
25 147 1 5.83366 147 2.02836 0.3675 0 0 0 0 0 36 
26 148 1 5.77532 148 2.08592 0.37 0 0 0 0 0 38 
27 148 1 5.71757 148 2.08592 0.37 0 0 0 0 0 42 
28 148 1 5.66039 148 2.08592 0.37 0 0 0 0 0 43 
29 148 1 5.60379 148 2.08592 0.37 0 0 0 0 0 44 
30 150 1 5.54775 150 2.51612 0.375 0 0 0 1 1 46 
31 150 1 5.49227 150 2.51612 0.375 0 0 0 2 2 47 
32 150 1 5.43735 150 2.51612 0.375 0 0 0 3 3 48 
33 150 1 5.38298 150 2.51612 0.375 0 0 0 4 4 49 
34 150 1 5.32915 150 2.51612 0.375 0 0 0 5 5 50 
35 150 1 5.27586 150 2.51612 0.375 0 0 0 6 6 51 
36 150 1 5.2231 150 2.51612 0.375 0 0 0 7 7 52 
37 150 1 5.17087 150 2.51612 0.375 0 0 0 8 8 53 
38 150 1 5.11916 150 2.51612 0.375 0 0 0 9 9 54 
39 150 1 5.06797 150 2.51612 0.375 0 0 0 10 10 55 
40 150 1 5.01729 150 2.51612 0.375 0 0 0 11 11 56 
41 150 1 4.96711 150 2.51612 0.375 0 0 0 12 12 57 
42 150 1 4.91744 150 2.51612 0.375 0 0 0 13 13 58 
43 151 1 4.86827 151 3.0701 0.3775 0 0 0 14 14 60 
44 152 1 4.81959 152 3.12806 0.38 0 0 0 15 15 62 
45 152 1 4.77139 152 3.12806 0.38 0 0 0 16 16 63 
46 152 1 4.72368 152 3.12806 0.38 0 0 0 18 18 64 
47 152 1 4.67644 152 3.12806 0.38 0 0 0 19 19 65 
48 152 1 4.62968 152 3.12806 0.38 0 0 0 20 20 66 
49 152 1 4.58338 152 3.12806 0.38 0 0 0 21 21 67 
50 152 1 4.53755 152 3.12806 0.38 0 0 0 22 22 68 
51 152 1 4.49217 152 3.12806 0.38 0 0 0 23 23 69 
52 152 1 4.44725 152 3.12806 0.38 0 0 0 24 24 70 
53 152 1 4.40278 152 3.12806 0.38 0 0 0 25 25 71 
54 152 1 4.35875 152 3.12806 0.38 0 0 0 26 26 72 
55 159 1 4.31516 159 3.53263 0.3975 0 0 0 27 27 74 
56 159 1 4.27201 159 3.53263 0.3975 0 0 0 28 28 75 
57 165 1 4.22929 165 3.88679 0.4125 0 0 0 30 30 78 
58 165 1 4.187 165 3.88679 0.4125 0 0 0 31 31 79 
59 165 1 4.14513 165 3.88679 0.4125 0 0 0 32 32 80 
60 165 1 4.10367 165 3.88679 0.4125 0 0 0 34 34 81 
61 165 1 4.06264 165 3.88679 0.4125 0 0 0 36 36 82 
62 166 1 4.02201 166 4.53395 0.415 0 0 0 38 38 85 
63 166 1 3.98179 166 4.53395 0.415 0 0 0 40 40 86 
64 166 1 3.94197 166 4.53395 0.415 0 0 0 43 43 87 
65 166 1 3.90255 166 4.53395 0.415 0 0 0 45 45 88 
66 166 1 3.86353 166 4.53395 0.415 0 0 0 47 47 89 
67 166 1 3.82489 166 4.53395 0.415 0 0 0 49 49 90 
68 166 1 3.78664 166 4.53395 0.415 0 0 0 51 51 91 
69 166 1 3.74878 166 4.53395 0.415 0 0 0 53 53 92 
70 166 1 3.71129 166 4.53395 0.415 0 0 0 55 55 95 
71 166 1 3.67418 166 4.53395 0.415 0 0 0 58 58 96 
72 166 1 3.63743 166 4.53395 0.415 0 0 0 60 60 97 
73 166 1 3.60106 166 4.53395 0.415 0 0 0 62 62 98 
74 166 1 3.56505 166 4.53395 0.415 0 0 0 64 64 99 
75 166 1 3.5294 166 4.53395 0.415 0 0 0 65 65 100 
76 166 1 3.49411 166 4.53395 0.415 0 0 0 66 66 101 
77 166 1 3.45916 166 4.53395 0.415 0 0 0 68 68 102 
78 166 1 3.42457 166 4.53395 0.415 0 0 0 70 70 103 
79 166 1 3.39033 166 4.53395 0.415 0 0 0 72 72 104 
80 166 1 3.35642 166 4.53395 0.415 0 0 0 74 74 105 
81 166 1 3.32286 166 4.53395 0.415 0 0 0 76 76 106 
82 166 1 3.28963 166 4.53395 0.415 0 0 0 78 78 107 
83 166 1 3.25673 166 4.53395 0.415 0 0 0 80 80 108 
84 166 1 3.22417 166 4.53395 0.415 0 0 0 82 82 109 
85 166 1 3.19193 166 4.53395 0.415 0 0 0 84 84 110 
86 166 1 3.16001 166 4.53395 0.415 0 0 0 86 86 111 
87 166 1 3.12841 166 4.53395 0.415 0 0 0 88 88 112 
88 166 1 3.09712 166 4.53395 0.415 0 0 0 90 90 115 
89 166 1 3.06615 166 4.53395 0.415 0 0 0 92 92 116 
90 166 1 3.03549 166 4.53395 0.415 0 0 0 95 95 117 
91 166 1 3.00513 166 4.53395 0.415 0 0 0 97 97 118 
92 166 1 2.97508 166 4.53395 0.415 0 0 0 99 99 119 
93 166 1 2.94533 166 4.53395 0.415 0 0 0 101 101 120 
94 166 1 2.91588 166 4.53395 0.415 0 0 0 104 104 121 
95 178 1 2.88672 178 4.97515 0.445 0 0 0 106 106 124 
96 181 1 2.85785 181 5.93455 0.4525 0 0 0 109 109 127 
97 182 1 2.82927 182 5.97261 0.455 0 0 0 112 112 129 
98 182 1 2.80098 182 5.97261 0.455 0 0 0 115 115 130 
99 182 1 2.77297 182 5.97261 0.455 0 0 0 118 118 131 
100 187 1 2.74524 187 6.52124 0.4675 0 0 0 121 121 134 
101 187 1 2.71779 187 6.52124 0.4675 0 0 0 124 124 135 
102 187 1 2.69061 187 6.52124 0.4675 0 0 0 127 127 136 
103 187 1 2.66371 187 6.52124 0.4675 0 0 0 130 130 137 
104 187 1 2.63707 187 6.52124 0.4675 0 0 0 134 134 138 
105 187 1 2.6107 187 6.52124 0.4675 0 0 0 137 137 139 
106 187 1 2.58459 187 6.52124 0.4675 0 0 0 140 140 140 
107 187 1 2.55874 187 6.52124 0.4675 0 0 0 143 143 141 
108 187 1 2.53316 187 6.52124 0.4675 0 0 0 146 146 142 
109 187 1 2.50783 187 6.52124 0.4675 0 0 0 149 149 143 
110 187 1 2.48275 187 6.52124 0.4675 0 0 0 153 153 144 
111 187 1 2.45792 187 6.52124 0.4675 0 0 0 157 157 145 
112 187 1 2.43334 187 6.52124 0.4675 0 0 0 160 160 146 
113 187 1 2.40901 187 6.52124 0.4675 0 0 0 163 163 147 
114 187 1 2.38492 187 6.52124 0.4675 0 0 0 166 166 148 
115 187 1 2.36107 187 6.52124 0.4675 0 0 0 170 170 149 
116 187 1 2.33746 187 6.52124 0.4675 0 0 0 175 175 150 
117 187 1 2.31408 187 6.52124 0.4675 0 0 0 178 178 151 
118 187 1 2.29094 187 6.52124 0.4675 0 0 0 181 181 152 
119 187 1 2.26803 187 6.52124 0.4675 0 0 0 185 185 153 
120 193 1 2.24535 193 6.29561 0.4825 0 0 0 189 189 159 
121 193 1 2.2229 193 6.29561 0.4825 0 0 0 193 193 160 
122 193 1 2.20067 193 6.29561 0.4825 0 0 0 197 197 163 
123 196 1 2.17866 196 8.48566 0.49 0 0 0 204 204 167 
124 196 1 2.15688 196 8.20762 0.49 0 0 0 211 211 170 
125 196 1 2.13531 196 8.20762 0.49 0 0 0 217 217 172 
126 196 1 2.11395 196 8.20762 0.49 0 0 0 223 223 173 
127 196 1 2.09281 196 8.20762 0.49 0 0 0 231 231 180 
128 211 1 2.07189 211 9.33155 0.5275 0 0 0 243 243 184 
129 211 1 2.05117 211 8.57485 0.5275 0 0 0 252 252 189 
130 211 1 2.03066 211 8.57485 0.5275 0 0 0 262 262 193 
131 211 1 2.01035 211 8.57485 0.5275 0 0 0 272 272 196 
132 211 1 1.99025 211 8.57485 0.5275 0 0 0 282 282 197 
133 211 1 1.97034 211 8.57485 0.5275 0 0 0 292 292 199 
134 211 1 1.95064 211 8.57485 0.5275 0 0 0 301 301 200 
135 211 1 1.93113 211 8.57485 0.5275 0 0 0 313 313 204 
136 211 1 1.91182 211 8.57485 0.5275 0 0 0 324 324 205 
137 211 1 1.8927 211 8.57485 0.5275 0 0 0 335 335 207 
138 211 1 1.87378 211 8.57485 0.5275 0 0 0 349 349 208 
139 211 1 1.85504 211 8.57485 0.5275 0 0 0 361 361 211 
140 211 1 1.83649 211 8.57485 0.5275 0 0 0 374 374 212 
141 211 1 1.81812 211 8.4499 0.5275 0 0 0 385 385 213 
142 213 1 1.79994 213 8.91069 0.5325 0 0 0 395 395 220 
143 213 1 1.78194 213 8.91069 0.5325 0 0 0 404 404 221 
144 231 1 1.76412 231 9.24891 0.5775 0 0 0 414 414 227 
145 232 1 1.74648 232 9.27345 0.58 0 0 0 424 424 231 
146 232 1 1.72902 232 9.0799 0.58 0 0 0 437 437 232 
147 232 1 1.71173 232 9.0799 0.58 0 0 0 449 449 233 
148 232 1 1.69461 232 9.0799 0.58 0 0 0 462 462 236 
149 232 1 1.67766 232 9.0799 0.58 0 0 0 475 475 239 
150 232 1 1.66089 232 9.00335 0.58 0 0 0 488 488 242 
151 232 1 1.64428 232 9.00335 0.58 0 0 0 503 503 245 
152 232 1 1.62784 232 9.00335 0.58 0 0 0 519 519 246 
153 232 1 1.61156 232 9.00335 0.58 0 0 0 534 534 249 
154 233 1 1.59544 233 10.0612 0.5825 0 0 0 555 555 254 
155 233 1 1.57949 233 10.0433 0.5825 0 0 0 582 582 258 
156 233 1 1.56369 233 10.0433 0.5825 0 0 0 606 606 260 
157 233 1 1.54806 233 10.0014 0.5825 0 0 0 628 628 262 
158 233 1 1.53258 233 10.0014 0.5825 0 0 0 651 651 263 
159 233 1 1.51725 233 9.91282 0.5825 0 0 0 673 673 264 
160 233 1 1.50208 233 9.91282 0.5825 0 0 0 695 695 265 
161 233 1 1.48706 233 9.91282 0.5825 0 0 0 716 716 266 
162 233 1 1.47219 233 9.91282 0.5825 0 0 0 740 740 267 
163 233 1 1.45746 233 9.91282 0.5825 0 0 0 768 768 268 
164 233 1 1.44289 233 9.91282 0.5825 0 0 0 796 796 269 
165 233 1 1.42846 233 9.91282 0.5825 0 0 0 828 828 270 
166 233 1 1.41418 233 9.91282 0.5825 0 0 0 857 857 271 
167 233 1 1.40003 233 9.91282 0.5825 0 0 0 889 889 272 
168 233 1 1.38603 233 9.91282 0.5825 0 0 0 918 918 273 
169 233 1 1.37217 233 9.91282 0.5825 0 0 0 949 949 274 
170 233 1 1.35845 233 9.79593 0.5825 0 0 0 979 979 275 
171 236 1 1.34487 236 12.0573 0.59 0 0 0 1043 1043 282 
172 236 1 1.33142 236 12.0573 0.59 0 0 0 1105 1105 284 
173 237 1 1.3181 237 10.6293 0.5925 0 0 0 1141 1141 292 
174 237 1 1.30492 237 10.1027 0.5925 0 0 0 1173 1173 295 
175 237 1 1.29187 237 10.0915 0.5925 0 0 0 1221 1221 296 
176 237 1 1.27896 237 10.0915 0.5925 0 0 0 1274 1274 299 
177 237 1 1.26617 237 10.0564 0.5925 0 0 0 1325 1325 302 
178 237 1 1.2535 237 10.0564 0.5925 0 0 0 1381 1381 303 
179 237 1 1.24097 237 7.68035 0.5925 0 0 0 1423 1423 307 
180 243 1 1.22856 243 9.23198 0.6075 0 0 0 1500 1500 316 
181 245 1 1.21627 245 8.01133 0.6125 0 0 0 1557 1557 321 
182 245 1 1.20411 245 7.77769 0.6125 0 0 0 1619 1619 325 
183 253 1 1.19207 253 8.13811 0.6325 0 0 0 1699 1699 328 
184 253 1 1.18015 253 8.13811 0.6325 0 0 0 1785 1785 334 
185 253 1 1.16835 253 8.13811 0.6325 0 0 0 1875 1875 339 
186 253 1 1.15666 253 8.13811 0.6325 0 0 0 2007 2007 345 
187 253 1 1.1451 253 8.0841 0.6325 0 0 0 2128 2128 348 
188 253 1 1.13365 253 8.01751 0.6325 0 0 0 2254 2254 353 
189 253 1 1.12231 253 8.01751 0.6325 0 0 0 2380 2380 357 
190 253 1 1.11109 253 7.89121 0.6325 0 0 0 2530 2530 358 
191 253 1 1.09998 253 7.89121 0.6325 0 0 0 2654 2654 359 
192 253 1 1.08898 253 7.89121 0.6325 0 0 0 2756 2756 362 
193 253 1 1.07809 253 7.89121 0.6325 0 0 0 2832 2832 369 
194 253 1 1.06731 253 7.89121 0.6325 0 0 0 2931 2931 373 
195 253 1 1.05663 253 7.89121 0.6325 0 0 0 3036 3036 376 
196 259 1 1.04607 259 8.23196 0.6475 0 0 0 3157 3157 378 
197 259 1 1.03561 259 8.23196 0.6475 0 0 0 3285 3285 380 
198 259 1 1.02525 259 8.23196 0.6475 0 0 0 3421 3421 383 
199 259 1 1.015 259 8.12429 0.6475 0 0 0 3544 3544 384 
200 259 1 1.00485 259 7.88866 0.6475 0 0 0 3700 3700 386 
201 259 1 0.994799 259 7.88866 0.6475 0 0 0 3861 3861 389 
202 259 1 0.984851 259 7.88866 0.6475 0 0 0 4031 4031 390 
203 259 1 0.975003 259 7.88866 0.6475 0 0 0 4188 4188 392 
204 259 1 0.965253 259 7.88866 0.6475 0 0 0 4375 4375 395 
205 259 1 0.9556 259 7.88866 0.6475 0 0 0 4540 4540 398 
206 260 1 0.946044 260 8.3761 0.65 0 0 0 4779 4779 403 
207 260 1 0.936584 260 8.3761 0.65 0 0 0 5100 5100 406 
208 260 1 0.927218 260 7.91386 0.65 0 0 0 5358 5358 408 
209 260 1 0.917946 260 7.91386 0.65 0 0 0 5595 5595 410 
210 266 1 0.908766 266 8.61499 0.665 0 0 0 5936 5936 413 
211 266 1 0.899678 266 8.08558 0.665 0 0 0 6245 6245 415 
212 266 1 0.890682 266 7.97756 0.665 0 0 0 6649 6649 421 
213 266 1 0.881775 266 7.97756 0.665 0 0 0 6870 6870 424 
214 266 1 0.872957 266 7.97756 0.665 0 0 0 7167 7167 425 
215 266 1 0.864227 266 7.86085 0.665 0 0 0 7501 7501 426 
216 266 1 0.855585 266 7.76173 0.665 0 0 0 7717 7717 429 
217 266 1 0.847029 266 7.76173 0.665 0 0 0 7885 7885 431 
218 266 1 0.838559 266 7.69915 0.665 0 0 0 8043 8043 434 
219 266 1 0.830173 266 7.69915 0.665 0 0 0 8205 8205 435 
220 266 1 0.821872 266 7.50037 0.665 0 0 0 8370 8370 437 
221 266 1 0.813653 266 7.50037 0.665 0 0 0 8621 8621 440 
222 266 1 0.805517 266 7.50037 0.665 0 0 0 8933 8933 441 
223 266 1 0.797461 266 7.50037 0.665 0 0 0 9236 9236 442 
224 266 1 0.789487 266 7.50037 0.665 0 0 0 9469 9469 443 
225 266 1 0.781592 266 7.50037 0.665 0 0 0 9779 9779 444 
226 266 1 0.773776 266 7.50037 0.665 0 0 0 10087 10087 445 
227 266 1 0.766038 266 7.50037 0.665 0 0 0 10304 10304 446 
228 266 1 0.758378 266 7.50037 0.665 0 0 0 10643 10643 447 
229 266 1 0.750794 266 7.50037 0.665 0 0 0 10913 10913 448 
230 277 1 0.743286 277 7.59798 0.6925 0 0 0 11161 11161 452 
231 277 1 0.735853 277 7.38451 0.6925 0 0 0 11422 11422 453 
232 277 1 0.728495 277 7.38451 0.6925 0 0 0 11906 11906 454 
233 277 1 0.72121 277 7.38451 0.6925 0 0 0 12273 12273 456 
234 277 1 0.713998 277 7.38451 0.6925 0 0 0 12608 12608 457 
235 277 1 0.706858 277 7.38451 0.6925 0 0 0 13015 13015 460 
236 277 1 0.699789 277 7.38451 0.6925 0 0 0 13356 13356 461 
237 277 1 0.692791 277 7.38451 0.6925 0 0 0 13769 13769 462 
238 277 1 0.685863 277 7.38451 0.6925 0 0 0 14117 14117 464 
239 277 1 0.679005 277 7.38451 0.6925 0 0 0 14711 14711 465 
240 277 1 0.672215 277 7.38451 0.6925 0 0 0 15342 15342 466 
241 277 1 0.665492 277 7.38451 0.6925 0 0 0 15978 15978 467 
242 277 1 0.658838 277 7.38451 0.6925 0 0 0 16447 16447 468 
243 277 1 0.652249 277 7.38451 0.6925 0 0 0 17183 17183 471 
244 277 1 0.645727 277 7.38451 0.6925 0 0 0 17764 17764 474 
245 283 1 0.639269 283 7.88216 0.7075 0 0 0 18833 18833 476 
246 283 1 0.632877 283 7.72206 0.7075 0 0 0 19659 19659 477 
247 283 1 0.626548 283 7.72206 0.7075 0 0 0 23999 23999 480 
248 283 1 0.620282 283 7.57023 0.7075 0 0 0 26866 26866 481 
249 283 1 0.61408 283 7.57023 0.7075 0 0 0 34481 34481 482 
250 283 1 0.607939 283 7.57023 0.7075 0 0 0 41444 41444 484 
251 284 1 0.60186 284 11.1267 0.71 0 0 0 53443 53443 489 
252 284 1 0.595841 284 11.0688 0.71 0 0 0 62499 62499 490 
253 284 1 0.589882 284 10.8721 0.71 0 0 0 71200 71200 495 
254 284 1 0.583984 284 10.8721 0.71 0 0 0 77283 77283 501 
255 284 1 0.578144 284 10.8721 0.71 0 0 0 89563 89563 507 
256 284 1 0.572362 284 10.8721 0.71 0 0 0 103451 103451 509 
257 284 1 0.566639 284 10.8721 0.71 0 0 0 114708 114708 512 
258 284 1 0.560972 284 10.8721 0.71 0 0 0 127973 127973 515 
259 284 1 0.555363 284 10.8721 0.71 0 0 0 141627 141627 516 
260 284 1 0.549809 284 10.4455 0.71 0 0 0 152483 152483 519 
261 284 1 0.544311 284 10.4455 0.71 0 0 0 157344 157344 520 
262 284 1 0.538868 284 10.4455 0.71 0 0 0 162985 162985 521 
263 284 1 0.533479 284 10.4455 0.71 0 0 0 176207 176207 525 
264 284 1 0.528144 284 10.4455 0.71 0 0 0 197512 197512 527 
265 284 1 0.522863 284 10.3823 0.71 0 0 0 209313 209313 528 
266 284 1 0.517634 284 10.3823 0.71 0 0 0 238917 238917 529 
267 284 1 0.512458 284 10.3823 0.71 0 0 0 251876 251876 531 
268 284 1 0.507333 284 10.3823 0.71 0 0 0 269758 269758 532 
269 284 1 0.50226 284 10.3823 0.71 0 0 0 291500 291500 536 
270 284 1 0.497237 284 10.3823 0.71 0 0 0 305013 305013 538 
271 284 1 0.492265 284 10.3823 0.71 0 0 0 335075 335075 539 
272 284 1 0.487342 284 10.3823 0.71 0 0 0 361524 361524 540 
273 284 1 0.482469 284 10.3823 0.71 0 0 0 387718 387718 541 
274 284 1 0.477644 284 10.3823 0.71 0 0 0 433886 433886 542 
275 284 1 0.472868 284 10.3823 0.71 0 0 0 463919 463919 543 
276 284 1 0.468139 284 10.3823 0.71 0 0 0 487973 487973 544 
277 284 1 0.463458 284 10.0706 0.71 0 0 0 536577 536577 547 
278 284 1 0.458823 284 10.0706 0.71 0 0 0 589489 589489 549 
279 284 1 0.454235 284 10.0196 0.71 0 0 0 625986 625986 550 
280 287 1 0.449693 287 12.0092 0.7175 0 0 0 689854 689854 558 
281 295 1 0.445196 295 10.0373 0.7375 0 0 0 743230 743230 560 
282 295 1 0.440744 295 9.9948 0.7375 0 0 0 788067 788067 561 
283 295 1 0.436336 295 9.92271 0.7375 0 0 0 832939 832939 562 
284 295 1 0.431973 295 9.92271 0.7375 0 0 0 875642 875642 563 
285 295 1 0.427653 295 9.92271 0.7375 0 0 0 930503 930503 564 
286 295 1 0.423377 295 9.92271 0.7375 0 0 0 982612 982612 565 
287 295 1 0.419143 295 9.92271 0.7375 0 0 0 1058969 1058969 569 
288 298 1 0.414951 298 10.3118 0.745 0 0 0 1141703 1141703 572 
289 298 1 0.410802 298 10.3118 0.745 0 0 0 1261378 1261378 576 
290 300 1 0.406694 300 10.0085 0.75 0 0 0 1401955 1401955 578 
291 300 1 0.402627 300 9.97478 0.75 0 0 0 1559799 1559799 581 
292 300 1 0.398601 300 9.97478 0.75 0 0 0 1780922 1780922 582 
