1 105 1 5.94 105 0 0.2625 0 0 0 0 0 0 
2 108 1 5.8806 108 0.1 0.27 0 0 0 0 0 1 
3 110 1 5.82179 110 0.195919 0.275 0 0 0 0 0 3 
4 112 1 5.76358 112 0.295919 0.28 0 0 0 0 0 4 
5 114 1 5.70594 114 0.395919 0.285 0 0 0 0 0 5 
6 115 1 5.64888 115 0.488365 0.2875 0 0 0 0 0 7 
7 115 1 5.59239 115 0.488365 0.2875 0 0 0 0 0 8 
8 122 1 5.53647 122 0.62186 0.305 0 0 0 0 0 10 
9 122 1 5.4811 122 0.62186 0.305 0 0 0 0 0 11 
10 122 1 5.42629 122 0.62186 0.305 0 0 0 0 0 12 
11 131 1 5.37203 131 0.72186 0.3275 0 0 0 0 0 13 
12 131 1 5.31831 131 0.72186 0.3275 0 0 0 0 0 14 
13 132 1 5.26513 132 1.03084 0.33 0 0 0 1 1 16 
14 133 1 5.21247 133 1.15732 0.3325 0 0 0 2 2 19 
15 141 1 5.16035 141 1.25557 0.3525 0 0 0 2 2 22 
16 141 1 5.10875 141 1.25557 0.3525 0 0 0 2 2 23 
17 142 1 5.05766 142 1.40416 0.355 0 0 0 2 2 25 
18 143 1 5.00708 143 1.50416 0.3575 0 0 0 2 2 26 
19 145 1 4.95701 145 1.65811 0.3625 0 0 0 2 2 28 
20 145 1 4.90744 145 1.65811 0.3625 0 0 0 2 2 29 
21 145 1 4.85837 145 1.65811 0.3625 0 0 0 2 2 30 
22 145 1 4.80978 145 1.65811 0.3625 0 0 0 2 2 31 
23 146 1 4.76169 146 1.7409 0.365 0 0 0 2 2 33 
24 146 1 4.71407 146 1.7409 0.365 0 0 0 2 2 34 
25 147 1 4.66693 147 2.02836 0.3675 0 0 0 2 2 36 
26 148 1 4.62026 148 2.08592 0.37 0 0 0 3 3 38 
27 148 1 4.57406 148 2.08592 0.37 0 0 0 4 4 42 
28 148 1 4.52832 148 2.08592 0.37 0 0 0 5 5 43 
29 148 1 4.48303 148 2.08592 0.37 0 0 0 6 6 44 
30 150 1 4.4382 150 2.51612 0.375 0 0 0 7 7 46 
31 150 1 4.39382 150 2.51612 0.375 0 0 0 8 8 47 
32 150 1 4.34988 150 2.51612 0.375 0 0 0 9 9 48 
33 150 1 4.30638 150 2.51612 0.375 0 0 0 10 10 49 
34 150 1 4.26332 150 2.51612 0.375 0 0 0 11 11 50 
35 150 1 4.22069 150 2.51612 0.375 0 0 0 12 12 51 
36 150 1 4.17848 150 2.51612 0.375 0 0 0 13 13 52 
37 150 1 4.13669 150 2.51612 0.375 0 0 0 14 14 53 
38 150 1 4.09533 150 2.51612 0.375 0 0 0 15 15 54 
39 150 1 4.05437 150 2.51612 0.375 0 0 0 16 16 55 
40 150 1 4.01383 150 2.51612 0.375 0 0 0 17 17 56 
41 150 1 3.97369 150 2.51612 0.375 0 0 0 18 18 57 
42 150 1 3.93396 150 2.51612 0.375 0 0 0 19 19 58 
43 151 1 3.89462 151 3.0701 0.3775 0 0 0 20 20 60 
44 152 1 3.85567 152 3.12806 0.38 0 0 0 21 21 62 
45 152 1 3.81711 152 3.12806 0.38 0 0 0 22 22 63 
46 152 1 3.77894 152 3.12806 0.38 0 0 0 23 23 64 
47 152 1 3.74115 152 3.12806 0.38 0 0 0 24 24 65 
48 152 1 3.70374 152 3.12806 0.38 0 0 0 25 25 66 
49 152 1 3.6667 152 3.12806 0.38 0 0 0 26 26 67 
50 152 1 3.63004 152 3.12806 0.38 0 0 0 28 28 68 
51 152 1 3.59374 152 3.12806 0.38 0 0 0 29 29 69 
52 152 1 3.5578 152 3.12806 0.38 0 0 0 30 30 70 
53 152 1 3.52222 152 3.12806 0.38 0 0 0 31 31 71 
54 152 1 3.487 152 3.12806 0.38 0 0 0 32 32 72 
55 159 1 3.45213 159 3.53263 0.3975 0 0 0 33 33 74 
56 159 1 3.41761 159 3.53263 0.3975 0 0 0 35 35 75 
57 165 1 3.38343 165 3.88679 0.4125 0 0 0 37 37 78 
58 165 1 3.3496 165 3.88679 0.4125 0 0 0 40 40 79 
59 165 1 3.3161 165 3.88679 0.4125 0 0 0 42 42 80 
60 165 1 3.28294 165 3.88679 0.4125 0 0 0 44 44 81 
61 165 1 3.25011 165 3.88679 0.4125 0 0 0 46 46 82 
62 166 1 3.21761 166 4.53395 0.415 0 0 0 48 48 85 
63 166 1 3.18543 166 4.53395 0.415 0 0 0 50 50 86 
64 166 1 3.15358 166 4.53395 0.415 0 0 0 52 52 87 
65 166 1 3.12204 166 4.53395 0.415 0 0 0 54 54 88 
66 166 1 3.09082 166 4.53395 0.415 0 0 0 56 56 89 
67 166 1 3.05991 166 4.53395 0.415 0 0 0 58 58 90 
68 166 1 3.02932 166 4.53395 0.415 0 0 0 60 60 91 
69 166 1 2.99902 166 4.53395 0.415 0 0 0 62 62 92 
70 166 1 2.96903 166 4.53395 0.415 0 0 0 64 64 95 
71 166 1 2.93934 166 4.53395 0.415 0 0 0 66 66 96 
72 166 1 2.90995 166 4.53395 0.415 0 0 0 68 68 97 
73 166 1 2.88085 166 4.53395 0.415 0 0 0 70 70 98 
74 166 1 2.85204 166 4.53395 0.415 0 0 0 72 72 99 
75 166 1 2.82352 166 4.53395 0.415 0 0 0 74 74 100 
76 166 1 2.79528 166 4.53395 0.415 0 0 0 76 76 101 
77 166 1 2.76733 166 4.53395 0.415 0 0 0 78 78 102 
78 166 1 2.73966 166 4.53395 0.415 0 0 0 80 80 103 
79 166 1 2.71226 166 4.53395 0.415 0 0 0 82 82 104 
80 166 1 2.68514 166 4.53395 0.415 0 0 0 84 84 105 
81 166 1 2.65829 166 4.53395 0.415 0 0 0 86 86 106 
82 166 1 2.6317 166 4.53395 0.415 0 0 0 88 88 107 
83 166 1 2.60539 166 4.53395 0.415 0 0 0 91 91 108 
84 166 1 2.57933 166 4.53395 0.415 0 0 0 93 93 109 
85 166 1 2.55354 166 4.53395 0.415 0 0 0 95 95 110 
86 166 1 2.52801 166 4.53395 0.415 0 0 0 97 97 111 
87 166 1 2.50273 166 4.53395 0.415 0 0 0 99 99 112 
88 166 1 2.4777 166 4.53395 0.415 0 0 0 101 101 115 
89 166 1 2.45292 166 4.53395 0.415 0 0 0 103 103 116 
90 166 1 2.42839 166 4.53395 0.415 0 0 0 106 106 117 
91 166 1 2.40411 166 4.53395 0.415 0 0 0 108 108 118 
92 166 1 2.38007 166 4.53395 0.415 0 0 0 110 110 119 
93 166 1 2.35627 166 4.53395 0.415 0 0 0 112 112 120 
94 166 1 2.3327 166 4.53395 0.415 0 0 0 114 114 121 
95 178 1 2.30938 178 4.97515 0.445 0 0 0 116 116 124 
96 181 1 2.28628 181 5.93455 0.4525 0 0 0 119 119 127 
97 182 1 2.26342 182 5.97261 0.455 0 0 0 122 122 129 
98 182 1 2.24079 182 5.97261 0.455 0 0 0 125 125 130 
99 182 1 2.21838 182 5.97261 0.455 0 0 0 129 129 131 
100 187 1 2.19619 187 6.52124 0.4675 0 0 0 132 132 134 
101 187 1 2.17423 187 6.52124 0.4675 0 0 0 135 135 135 
102 187 1 2.15249 187 6.52124 0.4675 0 0 0 138 138 136 
103 187 1 2.13096 187 6.52124 0.4675 0 0 0 143 143 137 
104 187 1 2.10965 187 6.52124 0.4675 0 0 0 146 146 138 
105 187 1 2.08856 187 6.48121 0.4675 0 0 0 150 150 140 
106 187 1 2.06767 187 6.48121 0.4675 0 0 0 154 154 141 
107 187 1 2.047 187 6.48121 0.4675 0 0 0 158 158 142 
108 187 1 2.02653 187 6.48121 0.4675 0 0 0 161 161 143 
109 187 1 2.00626 187 6.48121 0.4675 0 0 0 164 164 144 
110 187 1 1.9862 187 6.1324 0.4675 0 0 0 168 168 147 
111 187 1 1.96634 187 6.1324 0.4675 0 0 0 172 172 149 
112 187 1 1.94667 187 6.1324 0.4675 0 0 0 176 176 150 
113 187 1 1.92721 187 6.1324 0.4675 0 0 0 182 182 151 
114 187 1 1.90793 187 6.1324 0.4675 0 0 0 187 187 152 
115 187 1 1.88886 187 6.1324 0.4675 0 0 0 191 191 153 
116 187 1 1.86997 187 6.1324 0.4675 0 0 0 195 195 154 
117 187 1 1.85127 187 6.1324 0.4675 0 0 0 200 200 155 
118 187 1 1.83275 187 6.1324 0.4675 0 0 0 204 204 156 
119 187 1 1.81443 187 6.1324 0.4675 0 0 0 208 208 159 
120 193 1 1.79628 193 6.1316 0.4825 0 0 0 213 213 164 
121 193 1 1.77832 193 5.98252 0.4825 0 0 0 219 219 167 
122 193 1 1.76054 193 5.98252 0.4825 0 0 0 224 224 168 
123 196 1 1.74293 196 8.17257 0.49 0 0 0 231 231 172 
124 196 1 1.7255 196 8.17257 0.49 0 0 0 239 239 173 
125 196 1 1.70825 196 8.17257 0.49 0 0 0 247 247 174 
126 196 1 1.69116 196 8.17257 0.49 0 0 0 256 256 175 
127 196 1 1.67425 196 8.17257 0.49 0 0 0 267 267 181 
128 211 1 1.65751 211 8.57485 0.5275 0 0 0 280 280 186 
129 211 1 1.64093 211 8.57485 0.5275 0 0 0 296 296 189 
130 211 1 1.62453 211 8.57485 0.5275 0 0 0 313 313 190 
131 211 1 1.60828 211 8.57485 0.5275 0 0 0 328 328 191 
132 211 1 1.5922 211 8.57485 0.5275 0 0 0 344 344 192 
133 211 1 1.57628 211 8.57485 0.5275 0 0 0 361 361 193 
134 211 1 1.56051 211 8.57485 0.5275 0 0 0 379 379 196 
135 211 1 1.54491 211 8.45031 0.5275 0 0 0 395 395 199 
136 211 1 1.52946 211 8.4499 0.5275 0 0 0 414 414 201 
137 211 1 1.51416 211 8.4499 0.5275 0 0 0 437 437 206 
138 211 1 1.49902 211 8.4499 0.5275 0 0 0 454 454 207 
139 211 1 1.48403 211 8.4499 0.5275 0 0 0 471 471 210 
140 211 1 1.46919 211 8.4499 0.5275 0 0 0 491 491 211 
141 211 1 1.4545 211 8.4499 0.5275 0 0 0 516 516 218 
142 213 1 1.43995 213 8.9102 0.5325 0 0 0 538 538 225 
143 213 1 1.42556 213 8.9102 0.5325 0 0 0 571 571 226 
144 231 1 1.4113 231 9.20753 0.5775 0 0 0 598 598 231 
145 232 1 1.39719 232 9.1642 0.58 0 0 0 622 622 235 
146 232 1 1.38322 232 9.0799 0.58 0 0 0 648 648 236 
147 232 1 1.36938 232 9.0799 0.58 0 0 0 679 679 241 
148 232 1 1.35569 232 9.07662 0.58 0 0 0 703 703 244 
149 232 1 1.34213 232 8.95495 0.58 0 0 0 728 728 245 
150 232 1 1.32871 232 8.95495 0.58 0 0 0 752 752 246 
151 232 1 1.31542 232 8.95495 0.58 0 0 0 782 782 249 
152 232 1 1.30227 232 8.95495 0.58 0 0 0 813 813 251 
153 232 1 1.28925 232 8.95495 0.58 0 0 0 844 844 252 
154 233 1 1.27635 233 10.042 0.5825 0 0 0 880 880 258 
155 233 1 1.26359 233 10.042 0.5825 0 0 0 927 927 267 
156 233 1 1.25096 233 9.96238 0.5825 0 0 0 960 960 269 
157 233 1 1.23845 233 9.96238 0.5825 0 0 0 994 994 272 
158 233 1 1.22606 233 9.78786 0.5825 0 0 0 1035 1035 273 
159 233 1 1.2138 233 9.78786 0.5825 0 0 0 1074 1074 274 
160 233 1 1.20166 233 9.78786 0.5825 0 0 0 1116 1116 277 
161 233 1 1.18965 233 9.78786 0.5825 0 0 0 1157 1157 278 
162 233 1 1.17775 233 9.78122 0.5825 0 0 0 1194 1194 279 
163 233 1 1.16597 233 9.78122 0.5825 0 0 0 1236 1236 280 
164 233 1 1.15431 233 9.78122 0.5825 0 0 0 1280 1280 281 
165 233 1 1.14277 233 9.78122 0.5825 0 0 0 1323 1323 282 
166 233 1 1.13134 233 9.78122 0.5825 0 0 0 1377 1377 285 
167 233 1 1.12003 233 9.78122 0.5825 0 0 0 1441 1441 289 
168 233 1 1.10883 233 9.78122 0.5825 0 0 0 1493 1493 290 
169 233 1 1.09774 233 9.78122 0.5825 0 0 0 1534 1534 291 
170 233 1 1.08676 233 9.78122 0.5825 0 0 0 1574 1574 292 
171 236 1 1.07589 236 12.3101 0.59 0 0 0 1634 1634 298 
172 236 1 1.06514 236 12.0353 0.59 0 0 0 1708 1708 301 
173 237 1 1.05448 237 10.2438 0.5925 0 0 0 1768 1768 306 
174 237 1 1.04394 237 10.114 0.5925 0 0 0 1822 1822 310 
175 237 1 1.0335 237 9.76088 0.5925 0 0 0 1876 1876 311 
176 237 1 1.02316 237 9.76088 0.5925 0 0 0 1939 1939 315 
177 237 1 1.01293 237 9.76088 0.5925 0 0 0 2001 2001 318 
178 237 1 1.0028 237 9.76088 0.5925 0 0 0 2077 2077 320 
179 237 1 0.992776 237 7.476 0.5925 0 0 0 2137 2137 324 
180 243 1 0.982848 243 7.89849 0.6075 0 0 0 2234 2234 329 
181 245 1 0.973019 245 7.95977 0.6125 0 0 0 2335 2335 336 
182 245 1 0.963289 245 7.9228 0.6125 0 0 0 2438 2438 339 
183 253 1 0.953656 253 7.55114 0.6325 0 0 0 2625 2625 343 
184 253 1 0.94412 253 7.55114 0.6325 0 0 0 2825 2825 347 
185 253 1 0.934679 253 7.55114 0.6325 0 0 0 2986 2986 353 
186 253 1 0.925332 253 7.55114 0.6325 0 0 0 3153 3153 355 
187 253 1 0.916079 253 7.55114 0.6325 0 0 0 3378 3378 357 
188 253 1 0.906918 253 7.55114 0.6325 0 0 0 3582 3582 359 
189 253 1 0.897849 253 7.55114 0.6325 0 0 0 3791 3791 363 
190 253 1 0.88887 253 7.55114 0.6325 0 0 0 3991 3991 364 
191 253 1 0.879981 253 7.55114 0.6325 0 0 0 4202 4202 365 
192 253 1 0.871182 253 7.49694 0.6325 0 0 0 4427 4427 367 
193 253 1 0.86247 253 7.49694 0.6325 0 0 0 4646 4646 368 
194 253 1 0.853845 253 7.49694 0.6325 0 0 0 4767 4767 370 
195 253 1 0.845307 253 7.49694 0.6325 0 0 0 4913 4913 373 
196 259 1 0.836854 259 7.40668 0.6475 0 0 0 5054 5054 376 
197 259 1 0.828485 259 7.40668 0.6475 0 0 0 5196 5196 377 
198 259 1 0.8202 259 7.40668 0.6475 0 0 0 5315 5315 379 
199 259 1 0.811998 259 7.40668 0.6475 0 0 0 5467 5467 382 
200 259 1 0.803878 259 7.34016 0.6475 0 0 0 5617 5617 383 
201 259 1 0.795839 259 7.34016 0.6475 0 0 0 5742 5742 387 
202 259 1 0.787881 259 7.34016 0.6475 0 0 0 5877 5877 388 
203 259 1 0.780002 259 7.34016 0.6475 0 0 0 6051 6051 392 
204 259 1 0.772202 259 7.34016 0.6475 0 0 0 6201 6201 395 
205 259 1 0.76448 259 7.34016 0.6475 0 0 0 6395 6395 398 
206 260 1 0.756835 260 7.4885 0.65 0 0 0 6696 6696 402 
207 260 1 0.749267 260 7.4885 0.65 0 0 0 7035 7035 403 
208 260 1 0.741774 260 7.46364 0.65 0 0 0 7352 7352 404 
209 260 1 0.734357 260 7.43869 0.65 0 0 0 7602 7602 407 
210 266 1 0.727013 266 7.37805 0.665 0 0 0 7882 7882 411 
211 266 1 0.719743 266 7.37805 0.665 0 0 0 8205 8205 414 
212 266 1 0.712545 266 7.37805 0.665 0 0 0 8514 8514 416 
213 266 1 0.70542 266 7.37805 0.665 0 0 0 8873 8873 418 
214 266 1 0.698366 266 7.37805 0.665 0 0 0 9167 9167 425 
215 266 1 0.691382 266 7.37805 0.665 0 0 0 9522 9522 428 
216 266 1 0.684468 266 7.37805 0.665 0 0 0 9880 9880 429 
217 266 1 0.677624 266 7.37805 0.665 0 0 0 10287 10287 431 
218 266 1 0.670847 266 7.37805 0.665 0 0 0 10858 10858 434 
219 266 1 0.664139 266 7.37805 0.665 0 0 0 11351 11351 435 
220 266 1 0.657497 266 7.28166 0.665 0 0 0 11844 11844 436 
221 266 1 0.650922 266 7.28166 0.665 0 0 0 12588 12588 437 
222 266 1 0.644413 266 7.28166 0.665 0 0 0 13702 13702 439 
223 266 1 0.637969 266 7.28166 0.665 0 0 0 14350 14350 440 
224 266 1 0.631589 266 7.28166 0.665 0 0 0 15167 15167 441 
225 266 1 0.625274 266 7.28166 0.665 0 0 0 19108 19108 442 
226 266 1 0.619021 266 7.28166 0.665 0 0 0 21763 21763 443 
227 266 1 0.612831 266 7.28166 0.665 0 0 0 25192 25192 445 
228 266 1 0.606702 266 7.28166 0.665 0 0 0 28642 28642 446 
229 266 1 0.600635 266 7.28166 0.665 0 0 0 33062 33062 450 
230 277 1 0.594629 277 7.77827 0.6925 0 0 0 37909 37909 452 
231 277 1 0.588683 277 7.77827 0.6925 0 0 0 44769 44769 455 
232 277 1 0.582796 277 7.6981 0.6925 0 0 0 49963 49963 456 
233 277 1 0.576968 277 7.6981 0.6925 0 0 0 55381 55381 457 
234 277 1 0.571198 277 7.6981 0.6925 0 0 0 60103 60103 458 
235 277 1 0.565486 277 7.54881 0.6925 0 0 0 63196 63196 459 
236 277 1 0.559831 277 7.54881 0.6925 0 0 0 66338 66338 461 
237 277 1 0.554233 277 7.54881 0.6925 0 0 0 71287 71287 463 
238 277 1 0.548691 277 7.54881 0.6925 0 0 0 76364 76364 464 
239 277 1 0.543204 277 7.48834 0.6925 0 0 0 79082 79082 465 
240 277 1 0.537772 277 7.48834 0.6925 0 0 0 82421 82421 467 
241 277 1 0.532394 277 7.48834 0.6925 0 0 0 87250 87250 468 
242 277 1 0.52707 277 7.4741 0.6925 0 0 0 93223 93223 469 
243 277 1 0.521799 277 7.4741 0.6925 0 0 0 97067 97067 472 
244 277 1 0.516581 277 7.4741 0.6925 0 0 0 102284 102284 473 
245 283 1 0.511416 283 7.5679 0.7075 0 0 0 107360 107360 475 
246 283 1 0.506301 283 7.5679 0.7075 0 0 0 116227 116227 476 
247 283 1 0.501238 283 7.5679 0.7075 0 0 0 126418 126418 477 
248 283 1 0.496226 283 7.55364 0.7075 0 0 0 131307 131307 478 
249 283 1 0.491264 283 7.55364 0.7075 0 0 0 139832 139832 479 
250 283 1 0.486351 283 7.55364 0.7075 0 0 0 152379 152379 480 
251 284 1 0.481488 284 10.5552 0.71 0 0 0 172969 172969 486 
252 284 1 0.476673 284 10.3808 0.71 0 0 0 189089 189089 487 
253 284 1 0.471906 284 10.3745 0.71 0 0 0 204414 204414 489 
254 284 1 0.467187 284 9.9543 0.71 0 0 0 227663 227663 490 
255 284 1 0.462515 284 9.9543 0.71 0 0 0 256696 256696 492 
256 284 1 0.45789 284 9.9543 0.71 0 0 0 282733 282733 493 
257 284 1 0.453311 284 9.9543 0.71 0 0 0 317211 317211 497 
258 284 1 0.448778 284 9.9543 0.71 0 0 0 364435 364435 498 
259 284 1 0.44429 284 9.9543 0.71 0 0 0 408105 408105 501 
260 284 1 0.439847 284 9.9543 0.71 0 0 0 468642 468642 503 
261 284 1 0.435449 284 9.84306 0.71 0 0 0 504972 504972 504 
262 284 1 0.431094 284 9.84306 0.71 0 0 0 575019 575019 505 
263 284 1 0.426783 284 9.84306 0.71 0 0 0 617392 617392 508 
264 284 1 0.422516 284 9.84306 0.71 0 0 0 658682 658682 509 
265 284 1 0.41829 284 9.84306 0.71 0 0 0 731377 731377 512 
266 284 1 0.414108 284 9.84306 0.71 0 0 0 774185 774185 513 
267 284 1 0.409966 284 9.84306 0.71 0 0 0 836498 836498 516 
268 284 1 0.405867 284 9.84306 0.71 0 0 0 925411 925411 517 
269 284 1 0.401808 284 9.84306 0.71 0 0 0 1018645 1018645 518 
270 284 1 0.39779 284 9.84306 0.71 0 0 0 1134770 1134770 519 
271 284 1 0.393812 284 9.84306 0.71 0 0 0 1230974 1230974 520 
272 284 1 0.389874 284 9.84306 0.71 0 0 0 1354170 1354170 521 
273 284 1 0.385975 284 9.82558 0.71 0 0 0 1471077 1471077 523 
274 284 1 0.382116 284 9.82558 0.71 0 0 0 1548682 1548682 525 
275 284 1 0.378294 284 9.82558 0.71 0 0 0 1676778 1676778 526 
276 284 1 0.374511 284 9.82558 0.71 0 0 0 1784629 1784629 527 
