1 105 1 7.92 105 0 0.2625 0 0 0 0 0 0 
2 108 1 7.8408 108 0.1 0.27 0 0 0 0 0 1 
3 110 1 7.76239 110 0.195919 0.275 0 0 0 0 0 3 
4 112 1 7.68477 112 0.295919 0.28 0 0 0 0 0 4 
5 114 1 7.60792 114 0.395919 0.285 0 0 0 0 0 5 
6 115 1 7.53184 115 0.488365 0.2875 0 0 0 0 0 7 
7 115 1 7.45652 115 0.488365 0.2875 0 0 0 0 0 8 
8 122 1 7.38196 122 0.62186 0.305 0 0 0 0 0 10 
9 122 1 7.30814 122 0.62186 0.305 0 0 0 0 0 11 
10 122 1 7.23506 122 0.62186 0.305 0 0 0 0 0 12 
11 131 1 7.16271 131 0.72186 0.3275 0 0 0 0 0 13 
12 131 1 7.09108 131 0.72186 0.3275 0 0 0 0 0 14 
13 132 1 7.02017 132 1.03084 0.33 0 0 0 0 0 16 
14 133 1 6.94997 133 1.15732 0.3325 0 0 0 0 0 19 
15 141 1 6.88047 141 1.25557 0.3525 0 0 0 0 0 22 
16 141 1 6.81166 141 1.25557 0.3525 0 0 0 0 0 23 
17 142 1 6.74355 142 1.40416 0.355 0 0 0 0 0 25 
18 143 1 6.67611 143 1.50416 0.3575 0 0 0 0 0 26 
19 145 1 6.60935 145 1.65811 0.3625 0 0 0 0 0 28 
20 145 1 6.54326 145 1.65811 0.3625 0 0 0 0 0 29 
21 145 1 6.47782 145 1.65811 0.3625 0 0 0 0 0 30 
22 145 1 6.41304 145 1.65811 0.3625 0 0 0 0 0 31 
23 146 1 6.34891 146 1.7409 0.365 0 0 0 0 0 33 
24 146 1 6.28543 146 1.7409 0.365 0 0 0 0 0 34 
25 147 1 6.22257 147 2.02836 0.3675 0 0 0 0 0 36 
26 148 1 6.16035 148 2.08592 0.37 0 0 0 0 0 38 
27 148 1 6.09874 148 2.08592 0.37 0 0 0 0 0 42 
28 148 1 6.03775 148 2.08592 0.37 0 0 0 0 0 43 
29 148 1 5.97738 148 2.08592 0.37 0 0 0 1 1 44 
30 150 1 5.9176 150 2.51612 0.375 0 0 0 2 2 46 
31 150 1 5.85843 150 2.51612 0.375 0 0 0 3 3 47 
32 150 1 5.79984 150 2.51612 0.375 0 0 0 4 4 48 
33 150 1 5.74184 150 2.51612 0.375 0 0 0 5 5 49 
34 150 1 5.68443 150 2.51612 0.375 0 0 0 6 6 50 
35 150 1 5.62758 150 2.51612 0.375 0 0 0 7 7 51 
36 150 1 5.57131 150 2.51612 0.375 0 0 0 8 8 52 
37 150 1 5.51559 150 2.51612 0.375 0 0 0 9 9 53 
38 150 1 5.46044 150 2.51612 0.375 0 0 0 10 10 54 
39 150 1 5.40583 150 2.51612 0.375 0 0 0 11 11 55 
40 150 1 5.35177 150 2.51612 0.375 0 0 0 12 12 56 
41 150 1 5.29826 150 2.51612 0.375 0 0 0 13 13 57 
42 150 1 5.24527 150 2.51612 0.375 0 0 0 14 14 58 
43 151 1 5.19282 151 3.0701 0.3775 0 0 0 15 15 60 
44 152 1 5.14089 152 3.12806 0.38 0 0 0 16 16 62 
45 152 1 5.08948 152 3.12806 0.38 0 0 0 17 17 63 
46 152 1 5.03859 152 3.12806 0.38 0 0 0 18 18 64 
47 152 1 4.9882 152 3.12806 0.38 0 0 0 19 19 65 
48 152 1 4.93832 152 3.12806 0.38 0 0 0 20 20 66 
49 152 1 4.88894 152 3.12806 0.38 0 0 0 22 22 67 
50 152 1 4.84005 152 3.12806 0.38 0 0 0 23 23 68 
51 152 1 4.79165 152 3.12806 0.38 0 0 0 24 24 69 
52 152 1 4.74373 152 3.12806 0.38 0 0 0 25 25 70 
53 152 1 4.69629 152 3.12806 0.38 0 0 0 26 26 71 
54 152 1 4.64933 152 3.12806 0.38 0 0 0 27 27 72 
55 159 1 4.60284 159 3.53263 0.3975 0 0 0 28 28 74 
56 159 1 4.55681 159 3.53263 0.3975 0 0 0 29 29 75 
57 165 1 4.51124 165 3.88679 0.4125 0 0 0 31 31 78 
58 165 1 4.46613 165 3.88679 0.4125 0 0 0 32 32 79 
59 165 1 4.42147 165 3.88679 0.4125 0 0 0 34 34 80 
60 165 1 4.37725 165 3.88679 0.4125 0 0 0 36 36 81 
61 165 1 4.33348 165 3.88679 0.4125 0 0 0 38 38 82 
62 166 1 4.29015 166 4.53395 0.415 0 0 0 40 40 85 
63 166 1 4.24724 166 4.53395 0.415 0 0 0 42 42 86 
64 166 1 4.20477 166 4.53395 0.415 0 0 0 44 44 87 
65 166 1 4.16272 166 4.53395 0.415 0 0 0 46 46 88 
66 166 1 4.1211 166 4.53395 0.415 0 0 0 48 48 89 
67 166 1 4.07989 166 4.53395 0.415 0 0 0 50 50 90 
68 166 1 4.03909 166 4.53395 0.415 0 0 0 52 52 91 
69 166 1 3.9987 166 4.53395 0.415 0 0 0 54 54 92 
70 166 1 3.95871 166 4.53395 0.415 0 0 0 57 57 95 
71 166 1 3.91912 166 4.53395 0.415 0 0 0 59 59 96 
72 166 1 3.87993 166 4.53395 0.415 0 0 0 61 61 97 
73 166 1 3.84113 166 4.53395 0.415 0 0 0 63 63 98 
74 166 1 3.80272 166 4.53395 0.415 0 0 0 64 64 99 
75 166 1 3.76469 166 4.53395 0.415 0 0 0 65 65 100 
76 166 1 3.72705 166 4.53395 0.415 0 0 0 67 67 101 
77 166 1 3.68978 166 4.53395 0.415 0 0 0 69 69 102 
78 166 1 3.65288 166 4.53395 0.415 0 0 0 71 71 103 
79 166 1 3.61635 166 4.53395 0.415 0 0 0 73 73 104 
80 166 1 3.58019 166 4.53395 0.415 0 0 0 75 75 105 
81 166 1 3.54438 166 4.53395 0.415 0 0 0 77 77 106 
82 166 1 3.50894 166 4.53395 0.415 0 0 0 79 79 107 
83 166 1 3.47385 166 4.53395 0.415 0 0 0 81 81 108 
84 166 1 3.43911 166 4.53395 0.415 0 0 0 83 83 109 
85 166 1 3.40472 166 4.53395 0.415 0 0 0 85 85 110 
86 166 1 3.37067 166 4.53395 0.415 0 0 0 87 87 111 
87 166 1 3.33697 166 4.53395 0.415 0 0 0 89 89 112 
88 166 1 3.3036 166 4.53395 0.415 0 0 0 91 91 115 
89 166 1 3.27056 166 4.53395 0.415 0 0 0 93 93 116 
90 166 1 3.23786 166 4.53395 0.415 0 0 0 95 95 117 
91 166 1 3.20548 166 4.53395 0.415 0 0 0 97 97 118 
92 166 1 3.17342 166 4.53395 0.415 0 0 0 99 99 119 
93 166 1 3.14169 166 4.53395 0.415 0 0 0 101 101 120 
94 166 1 3.11027 166 4.53395 0.415 0 0 0 103 103 121 
95 178 1 3.07917 178 4.97515 0.445 0 0 0 105 105 124 
96 181 1 3.04838 181 5.93455 0.4525 0 0 0 108 108 127 
97 182 1 3.01789 182 5.97261 0.455 0 0 0 111 111 129 
98 182 1 2.98771 182 5.97261 0.455 0 0 0 114 114 130 
99 182 1 2.95784 182 5.97261 0.455 0 0 0 117 117 131 
100 187 1 2.92826 187 6.52124 0.4675 0 0 0 120 120 134 
101 187 1 2.89898 187 6.52124 0.4675 0 0 0 123 123 135 
102 187 1 2.86999 187 6.52124 0.4675 0 0 0 126 126 136 
103 187 1 2.84129 187 6.52124 0.4675 0 0 0 129 129 137 
104 187 1 2.81287 187 6.52124 0.4675 0 0 0 132 132 138 
105 187 1 2.78474 187 6.52124 0.4675 0 0 0 135 135 139 
106 187 1 2.7569 187 6.52124 0.4675 0 0 0 139 139 140 
107 187 1 2.72933 187 6.52124 0.4675 0 0 0 143 143 141 
108 187 1 2.70203 187 6.52124 0.4675 0 0 0 146 146 142 
109 187 1 2.67501 187 6.52124 0.4675 0 0 0 149 149 143 
110 187 1 2.64826 187 6.52124 0.4675 0 0 0 152 152 144 
111 187 1 2.62178 187 6.52124 0.4675 0 0 0 155 155 145 
112 187 1 2.59556 187 6.52124 0.4675 0 0 0 158 158 146 
113 187 1 2.56961 187 6.52124 0.4675 0 0 0 161 161 147 
114 187 1 2.54391 187 6.52124 0.4675 0 0 0 164 164 148 
115 187 1 2.51847 187 6.52124 0.4675 0 0 0 168 168 149 
116 187 1 2.49329 187 6.52124 0.4675 0 0 0 171 171 150 
117 187 1 2.46836 187 6.52124 0.4675 0 0 0 175 175 151 
118 187 1 2.44367 187 6.52124 0.4675 0 0 0 178 178 152 
119 187 1 2.41924 187 6.52124 0.4675 0 0 0 181 181 153 
120 193 1 2.39504 193 6.58035 0.4825 0 0 0 184 184 160 
121 193 1 2.37109 193 6.58035 0.4825 0 0 0 188 188 161 
122 193 1 2.34738 193 6.58035 0.4825 0 0 0 192 192 162 
123 196 1 2.32391 196 8.7704 0.49 0 0 0 199 199 166 
124 196 1 2.30067 196 8.7704 0.49 0 0 0 204 204 167 
125 196 1 2.27766 196 8.7704 0.49 0 0 0 211 211 168 
126 196 1 2.25489 196 8.7704 0.49 0 0 0 217 217 169 
127 196 1 2.23234 196 8.71423 0.49 0 0 0 226 226 176 
128 211 1 2.21001 211 9.33155 0.5275 0 0 0 238 238 182 
129 211 1 2.18791 211 9.33155 0.5275 0 0 0 250 250 183 
130 211 1 2.16603 211 9.33155 0.5275 0 0 0 264 264 184 
131 211 1 2.14437 211 9.33155 0.5275 0 0 0 277 277 185 
132 211 1 2.12293 211 9.33155 0.5275 0 0 0 289 289 186 
133 211 1 2.1017 211 9.33155 0.5275 0 0 0 301 301 187 
134 211 1 2.08068 211 9.33155 0.5275 0 0 0 313 313 188 
135 211 1 2.05988 211 9.33155 0.5275 0 0 0 325 325 189 
136 211 1 2.03928 211 8.57485 0.5275 0 0 0 335 335 194 
137 211 1 2.01889 211 8.57485 0.5275 0 0 0 345 345 198 
138 211 1 1.9987 211 8.57485 0.5275 0 0 0 355 355 201 
139 211 1 1.97871 211 8.57485 0.5275 0 0 0 366 366 202 
140 211 1 1.95892 211 8.57485 0.5275 0 0 0 376 376 205 
141 211 1 1.93933 211 8.57485 0.5275 0 0 0 386 386 206 
142 213 1 1.91994 213 8.95481 0.5325 0 0 0 398 398 213 
143 213 1 1.90074 213 8.95481 0.5325 0 0 0 406 406 214 
144 231 1 1.88173 231 8.93041 0.5775 0 0 0 415 415 217 
145 232 1 1.86292 232 9.1642 0.58 0 0 0 425 425 221 
146 232 1 1.84429 232 9.1642 0.58 0 0 0 435 435 222 
147 232 1 1.82584 232 9.0799 0.58 0 0 0 445 445 223 
148 232 1 1.80759 232 9.0799 0.58 0 0 0 455 455 228 
149 232 1 1.78951 232 9.0799 0.58 0 0 0 466 466 231 
150 232 1 1.77161 232 9.0799 0.58 0 0 0 478 478 233 
151 232 1 1.7539 232 9.0799 0.58 0 0 0 489 489 234 
152 232 1 1.73636 232 9.0799 0.58 0 0 0 500 500 235 
153 232 1 1.719 232 9.0799 0.58 0 0 0 511 511 236 
154 233 1 1.70181 233 9.95143 0.5825 0 0 0 529 529 241 
155 233 1 1.68479 233 9.95143 0.5825 0 0 0 545 545 242 
156 233 1 1.66794 233 9.95143 0.5825 0 0 0 561 561 245 
157 233 1 1.65126 233 9.95143 0.5825 0 0 0 583 583 247 
158 233 1 1.63475 233 9.91282 0.5825 0 0 0 610 610 248 
159 233 1 1.6184 233 9.91282 0.5825 0 0 0 632 632 251 
160 233 1 1.60222 233 9.91282 0.5825 0 0 0 651 651 252 
161 233 1 1.58619 233 9.78786 0.5825 0 0 0 672 672 253 
162 233 1 1.57033 233 9.78786 0.5825 0 0 0 693 693 254 
163 233 1 1.55463 233 9.78786 0.5825 0 0 0 716 716 258 
164 233 1 1.53908 233 9.78786 0.5825 0 0 0 745 745 264 
165 233 1 1.52369 233 9.78786 0.5825 0 0 0 768 768 267 
166 233 1 1.50845 233 9.78786 0.5825 0 0 0 790 790 268 
167 233 1 1.49337 233 9.78786 0.5825 0 0 0 814 814 269 
168 233 1 1.47844 233 9.78786 0.5825 0 0 0 837 837 272 
169 233 1 1.46365 233 9.78786 0.5825 0 0 0 868 868 273 
170 233 1 1.44902 233 9.78786 0.5825 0 0 0 901 901 275 
171 236 1 1.43453 236 12.4042 0.59 0 0 0 965 965 280 
172 236 1 1.42018 236 12.0573 0.59 0 0 0 1022 1022 281 
173 237 1 1.40598 237 9.89403 0.5925 0 0 0 1057 1057 284 
174 237 1 1.39192 237 9.89403 0.5925 0 0 0 1092 1092 285 
175 237 1 1.378 237 9.89403 0.5925 0 0 0 1136 1136 287 
176 237 1 1.36422 237 9.89403 0.5925 0 0 0 1176 1176 289 
177 237 1 1.35058 237 9.89403 0.5925 0 0 0 1220 1220 291 
178 237 1 1.33707 237 9.89403 0.5925 0 0 0 1266 1266 299 
179 237 1 1.3237 237 8.08249 0.5925 0 0 0 1300 1300 306 
180 243 1 1.31046 243 7.85632 0.6075 0 0 0 1364 1364 312 
181 245 1 1.29736 245 7.84389 0.6125 0 0 0 1425 1425 314 
182 245 1 1.28439 245 7.84389 0.6125 0 0 0 1505 1505 317 
183 253 1 1.27154 253 8.20102 0.6325 0 0 0 1630 1630 324 
184 253 1 1.25883 253 8.15209 0.6325 0 0 0 1747 1747 326 
185 253 1 1.24624 253 8.04293 0.6325 0 0 0 1840 1840 328 
186 253 1 1.23378 253 8.04293 0.6325 0 0 0 1929 1929 330 
187 253 1 1.22144 253 8.04293 0.6325 0 0 0 2040 2040 333 
188 253 1 1.20922 253 8.04293 0.6325 0 0 0 2131 2131 337 
189 253 1 1.19713 253 8.04293 0.6325 0 0 0 2221 2221 340 
190 253 1 1.18516 253 8.04293 0.6325 0 0 0 2320 2320 343 
191 253 1 1.17331 253 8.04293 0.6325 0 0 0 2408 2408 348 
192 253 1 1.16157 253 8.04293 0.6325 0 0 0 2529 2529 352 
193 253 1 1.14996 253 8.04293 0.6325 0 0 0 2645 2645 356 
194 253 1 1.13846 253 7.93703 0.6325 0 0 0 2774 2774 358 
195 253 1 1.12707 253 7.93703 0.6325 0 0 0 2901 2901 362 
196 259 1 1.1158 259 8.20804 0.6475 0 0 0 3029 3029 366 
197 259 1 1.10465 259 8.20804 0.6475 0 0 0 3132 3132 370 
198 259 1 1.0936 259 8.20551 0.6475 0 0 0 3265 3265 372 
199 259 1 1.08266 259 8.20551 0.6475 0 0 0 3349 3349 377 
200 259 1 1.07184 259 8.19174 0.6475 0 0 0 3446 3446 379 
201 259 1 1.06112 259 8.19174 0.6475 0 0 0 3571 3571 380 
202 259 1 1.05051 259 8.19174 0.6475 0 0 0 3695 3695 383 
203 259 1 1.04 259 8.1796 0.6475 0 0 0 3815 3815 386 
204 259 1 1.0296 259 8.1796 0.6475 0 0 0 3952 3952 387 
205 259 1 1.01931 259 8.1796 0.6475 0 0 0 4108 4108 389 
206 260 1 1.00911 260 8.74648 0.65 0 0 0 4331 4331 392 
207 260 1 0.999022 260 8.55754 0.65 0 0 0 4523 4523 394 
208 260 1 0.989032 260 8.43891 0.65 0 0 0 4725 4725 398 
209 260 1 0.979142 260 8.41963 0.65 0 0 0 4947 4947 399 
210 266 1 0.96935 266 8.93722 0.665 0 0 0 5159 5159 402 
211 266 1 0.959657 266 8.59537 0.665 0 0 0 5448 5448 411 
212 266 1 0.95006 266 8.52789 0.665 0 0 0 5744 5744 413 
213 266 1 0.94056 266 8.52789 0.665 0 0 0 5979 5979 414 
214 266 1 0.931154 266 8.44029 0.665 0 0 0 6350 6350 417 
215 266 1 0.921842 266 8.08572 0.665 0 0 0 6721 6721 419 
216 266 1 0.912624 266 8.08572 0.665 0 0 0 7131 7131 423 
217 266 1 0.903498 266 7.97869 0.665 0 0 0 7426 7426 427 
218 266 1 0.894463 266 7.93705 0.665 0 0 0 7738 7738 428 
219 266 1 0.885518 266 7.93705 0.665 0 0 0 8155 8155 430 
220 266 1 0.876663 266 7.93705 0.665 0 0 0 8422 8422 431 
221 266 1 0.867896 266 7.93705 0.665 0 0 0 8739 8739 432 
222 266 1 0.859217 266 7.93705 0.665 0 0 0 9068 9068 434 
223 266 1 0.850625 266 7.93705 0.665 0 0 0 9242 9242 437 
224 266 1 0.842119 266 7.93705 0.665 0 0 0 9404 9404 438 
225 266 1 0.833698 266 7.75211 0.665 0 0 0 9598 9598 439 
226 266 1 0.825361 266 7.75211 0.665 0 0 0 9768 9768 442 
227 266 1 0.817107 266 7.75211 0.665 0 0 0 10023 10023 445 
228 266 1 0.808936 266 7.66491 0.665 0 0 0 10217 10217 447 
229 266 1 0.800847 266 7.66491 0.665 0 0 0 10517 10517 450 
230 277 1 0.792838 277 8.00054 0.6925 0 0 0 10735 10735 453 
231 277 1 0.78491 277 7.58108 0.6925 0 0 0 11057 11057 455 
232 277 1 0.777061 277 7.58108 0.6925 0 0 0 11289 11289 456 
233 277 1 0.76929 277 7.58108 0.6925 0 0 0 11605 11605 457 
234 277 1 0.761597 277 7.58108 0.6925 0 0 0 12023 12023 460 
235 277 1 0.753981 277 7.58108 0.6925 0 0 0 12369 12369 462 
236 277 1 0.746441 277 7.57526 0.6925 0 0 0 12628 12628 463 
237 277 1 0.738977 277 7.57526 0.6925 0 0 0 12936 12936 464 
238 277 1 0.731587 277 7.48998 0.6925 0 0 0 13191 13191 465 
239 277 1 0.724271 277 7.48998 0.6925 0 0 0 13517 13517 466 
240 277 1 0.717029 277 7.48998 0.6925 0 0 0 13804 13804 467 
241 277 1 0.709858 277 7.47129 0.6925 0 0 0 14122 14122 468 
242 277 1 0.70276 277 7.47129 0.6925 0 0 0 14452 14452 469 
243 277 1 0.695732 277 7.46129 0.6925 0 0 0 14766 14766 470 
244 277 1 0.688775 277 7.46129 0.6925 0 0 0 15270 15270 471 
245 283 1 0.681887 283 7.66302 0.7075 0 0 0 15710 15710 474 
246 283 1 0.675068 283 7.66302 0.7075 0 0 0 16274 16274 475 
247 283 1 0.668318 283 7.5666 0.7075 0 0 0 16737 16737 476 
248 283 1 0.661634 283 7.5666 0.7075 0 0 0 17478 17478 477 
249 283 1 0.655018 283 7.5666 0.7075 0 0 0 18146 18146 478 
250 283 1 0.648468 283 7.5666 0.7075 0 0 0 19091 19091 479 
251 284 1 0.641983 284 11.1827 0.71 0 0 0 21078 21078 484 
252 284 1 0.635563 284 11.0688 0.71 0 0 0 22480 22480 485 
253 284 1 0.629208 284 11.0688 0.71 0 0 0 28712 28712 490 
254 284 1 0.622916 284 11.0688 0.71 0 0 0 39522 39522 491 
255 284 1 0.616686 284 11.0688 0.71 0 0 0 44537 44537 492 
256 284 1 0.61052 284 11.0688 0.71 0 0 0 55170 55170 493 
257 284 1 0.604414 284 11.0439 0.71 0 0 0 64469 64469 497 
258 284 1 0.59837 284 11.0439 0.71 0 0 0 72654 72654 498 
259 284 1 0.592386 284 11.0439 0.71 0 0 0 86078 86078 499 
260 284 1 0.586463 284 11.0439 0.71 0 0 0 97620 97620 500 
261 284 1 0.580598 284 10.7808 0.71 0 0 0 111338 111338 504 
262 284 1 0.574792 284 10.7808 0.71 0 0 0 121642 121642 507 
263 284 1 0.569044 284 10.7808 0.71 0 0 0 132989 132989 513 
264 284 1 0.563354 284 10.7808 0.71 0 0 0 145793 145793 514 
265 284 1 0.55772 284 10.7808 0.71 0 0 0 155003 155003 518 
266 284 1 0.552143 284 10.7808 0.71 0 0 0 165366 165366 523 
267 284 1 0.546622 284 10.7808 0.71 0 0 0 173314 173314 527 
268 284 1 0.541155 284 10.5634 0.71 0 0 0 180961 180961 532 
269 284 1 0.535744 284 10.5634 0.71 0 0 0 191649 191649 535 
270 284 1 0.530386 284 10.5634 0.71 0 0 0 210029 210029 536 
271 284 1 0.525082 284 10.5634 0.71 0 0 0 223708 223708 537 
272 284 1 0.519832 284 10.4866 0.71 0 0 0 239673 239673 539 
273 284 1 0.514633 284 10.4866 0.71 0 0 0 259687 259687 541 
274 284 1 0.509487 284 10.4866 0.71 0 0 0 282352 282352 542 
275 284 1 0.504392 284 10.4866 0.71 0 0 0 306715 306715 543 
276 284 1 0.499348 284 10.4866 0.71 0 0 0 346425 346425 547 
277 284 1 0.494355 284 10.4866 0.71 0 0 0 364509 364509 549 
278 284 1 0.489411 284 10.4866 0.71 0 0 0 405957 405957 550 
279 284 1 0.484517 284 10.4866 0.71 0 0 0 436846 436846 551 
280 287 1 0.479672 287 12.4312 0.7175 0 0 0 479009 479009 558 
281 295 1 0.474875 295 10.0003 0.7375 0 0 0 512599 512599 565 
282 295 1 0.470126 295 9.95207 0.7375 0 0 0 533506 533506 566 
283 295 1 0.465425 295 9.95207 0.7375 0 0 0 584123 584123 568 
284 295 1 0.460771 295 9.95207 0.7375 0 0 0 657632 657632 569 
285 295 1 0.456163 295 9.95207 0.7375 0 0 0 699756 699756 570 
286 295 1 0.451602 295 9.95207 0.7375 0 0 0 758032 758032 572 
287 295 1 0.447086 295 9.95207 0.7375 0 0 0 798776 798776 575 
288 298 1 0.442615 298 10.4302 0.745 0 0 0 951715 951715 578 
289 298 1 0.438189 298 10.4302 0.745 0 0 0 1096789 1096789 580 
290 300 1 0.433807 300 10.4311 0.75 0 0 0 1196419 1196419 581 
291 300 1 0.429469 300 10.4132 0.75 0 0 0 1392714 1392714 584 
292 300 1 0.425174 300 10.4132 0.75 0 0 0 1484545 1484545 586 
293 300 1 0.420922 300 10.4132 0.75 0 0 0 1590749 1590749 588 
294 300 1 0.416713 300 10.2208 0.75 0 0 0 1705390 1705390 590 
295 300 1 0.412546 300 9.95523 0.75 0 0 0 1785299 1785299 594 
