1 105 0.01 3.96 105 0 0.2625 0 0 0 0 0 0 
95 178 0.615104 1.53958 170 4.19824 0.425 0 0 0 9 9 107 
144 231 0.764783 0.940866 216 4.84522 0.54 0 0 0 34 34 169 
192 253 0.854803 0.580787 233 5.33665 0.5825 0 0 0 95 95 231 
210 266 0.878831 0.484675 237 5.60064 0.5925 0 0 0 185 185 260 
221 266 0.891513 0.433948 245 5.83959 0.6125 0 0 0 308 308 279 
230 277 0.900895 0.396419 255 5.84321 0.6375 0 0 0 462 462 293 
245 283 0.914764 0.340944 259 5.8624 0.6475 0 0 0 717 717 313 
246 283 0.915616 0.337534 263 6.08527 0.6575 0 0 0 908 908 322 
260 284 0.926692 0.293231 264 6.00498 0.66 0 0 0 1407 1407 345 
264 284 0.929581 0.281677 265 6.05308 0.6625 0 0 0 2041 2041 352 
270 284 0.933702 0.265193 266 5.94536 0.665 0 0 0 2543 2543 364 
275 284 0.936951 0.252196 268 6.14061 0.67 0 0 0 3503 3503 373 
280 287 0.940041 0.239836 273 6.2631 0.6825 0 0 0 4550 4550 386 
281 295 0.940641 0.237438 278 6.04534 0.695 0 0 0 5542 5542 395 
284 295 0.942404 0.230385 282 6.15509 0.705 0 0 0 7358 7358 402 
290 300 0.945774 0.216903 286 5.72978 0.715 0 0 0 8604 8604 413 
298 304 0.949963 0.200146 293 6.64112 0.7325 0 0 0 15481 15481 429 
322 305 0.960687 0.157251 295 7.64967 0.7375 0 0 0 56654 56654 462 
341 305 0.967521 0.129916 296 7.09303 0.74 0 0 0 122912 122912 488 
348 306 0.969728 0.12109 297 7.5109 0.7425 0 0 0 250710 250710 501 
351 306 0.970627 0.117493 298 7.24755 0.745 0 0 0 363354 363354 510 
358 312 0.972622 0.109511 304 9.39049 0.76 0 0 0 727725 727725 529 
365 312 0.974482 0.102072 305 11.3617 0.7625 0 0 0 1031050 1031050 550 
378 312 0.977607 0.0895701 306 11.8084 0.765 0 0 0 1549873 1549873 577 
