1 105 0.01 3.465 105 0 0.2625 0 0 0 0 0 0 
95 178 0.615104 1.34714 172 4.77782 0.43 0 0 0 8 8 108 
144 231 0.764783 0.823258 215 6.32579 0.5375 0 0 0 28 28 175 
189 253 0.850359 0.523745 233 5.58011 0.5825 0 0 0 81 81 231 
210 266 0.878831 0.424091 243 5.79079 0.6075 0 0 0 165 165 262 
230 277 0.900895 0.346867 259 5.95393 0.6475 0 0 0 305 305 289 
246 283 0.915616 0.295342 260 5.94443 0.65 0 0 0 560 560 311 
250 283 0.918941 0.283705 261 5.85776 0.6525 0 0 0 849 849 324 
251 284 0.919752 0.280868 262 5.70766 0.655 0 0 0 1124 1124 332 
255 284 0.922914 0.2698 263 5.76346 0.6575 0 0 0 1458 1458 339 
260 284 0.926692 0.256577 266 6.04408 0.665 0 0 0 1961 1961 348 
275 284 0.936951 0.220672 268 6.1257 0.67 0 0 0 2774 2774 370 
280 287 0.940041 0.209857 274 6.21542 0.685 0 0 0 3793 3793 380 
281 295 0.940641 0.207758 279 5.77575 0.6975 0 0 0 4675 4675 386 
288 298 0.944673 0.193644 282 6.17261 0.705 0 0 0 7095 7095 399 
290 300 0.945774 0.189791 286 5.70257 0.715 0 0 0 9568 9568 407 
298 304 0.949963 0.175128 293 7.51591 0.7325 0 0 0 18504 18504 423 
322 305 0.960687 0.137594 294 6.96563 0.735 0 0 0 45214 45214 457 
331 305 0.964087 0.125695 295 6.9829 0.7375 0 0 0 93899 93899 472 
341 305 0.967521 0.113676 297 8.11585 0.7425 0 0 0 201810 201810 495 
351 306 0.970627 0.102807 298 7.32157 0.745 0 0 0 342683 342683 512 
358 312 0.972622 0.0958225 304 10.438 0.76 0 0 0 805119 805119 529 
365 312 0.974482 0.0893128 305 11.4922 0.7625 0 0 0 1160941 1160941 548 
378 312 0.977607 0.0783739 307 11.4621 0.7675 0 0 0 1672733 1672733 576 
