1 105 1 6.93 105 0 0.2625 0 0 0 0 0 0 
2 108 1 6.8607 108 0.1 0.27 0 0 0 0 0 1 
3 110 1 6.79209 110 0.195919 0.275 0 0 0 0 0 3 
4 112 1 6.72417 112 0.295919 0.28 0 0 0 0 0 4 
5 114 1 6.65693 114 0.395919 0.285 0 0 0 0 0 5 
6 115 1 6.59036 115 0.488365 0.2875 0 0 0 0 0 7 
7 115 1 6.52446 115 0.488365 0.2875 0 0 0 0 0 8 
8 122 1 6.45921 122 0.62186 0.305 0 0 0 0 0 10 
9 122 1 6.39462 122 0.62186 0.305 0 0 0 0 0 11 
10 122 1 6.33067 122 0.62186 0.305 0 0 0 0 0 12 
11 131 1 6.26737 131 0.72186 0.3275 0 0 0 0 0 13 
12 131 1 6.20469 131 0.72186 0.3275 0 0 0 0 0 14 
13 132 1 6.14265 132 1.03084 0.33 0 0 0 0 0 16 
14 133 1 6.08122 133 1.15732 0.3325 0 0 0 0 0 19 
15 141 1 6.02041 141 1.25557 0.3525 0 0 0 0 0 22 
16 141 1 5.9602 141 1.25557 0.3525 0 0 0 0 0 23 
17 142 1 5.9006 142 1.40416 0.355 0 0 0 0 0 25 
18 143 1 5.8416 143 1.50416 0.3575 0 0 0 0 0 26 
19 145 1 5.78318 145 1.65811 0.3625 0 0 0 0 0 28 
20 145 1 5.72535 145 1.65811 0.3625 0 0 0 0 0 29 
21 145 1 5.66809 145 1.65811 0.3625 0 0 0 0 0 30 
22 145 1 5.61141 145 1.65811 0.3625 0 0 0 0 0 31 
23 146 1 5.5553 146 1.7409 0.365 0 0 0 0 0 33 
24 146 1 5.49975 146 1.7409 0.365 0 0 0 0 0 34 
25 147 1 5.44475 147 2.02836 0.3675 0 0 0 0 0 36 
26 148 1 5.3903 148 2.08592 0.37 0 0 0 0 0 38 
27 148 1 5.3364 148 2.08592 0.37 0 0 0 0 0 42 
28 148 1 5.28303 148 2.08592 0.37 0 0 0 0 0 43 
29 148 1 5.2302 148 2.08592 0.37 0 0 0 1 1 44 
30 150 1 5.1779 150 2.51612 0.375 0 0 0 2 2 46 
31 150 1 5.12612 150 2.51612 0.375 0 0 0 3 3 47 
32 150 1 5.07486 150 2.51612 0.375 0 0 0 4 4 48 
33 150 1 5.02411 150 2.51612 0.375 0 0 0 5 5 49 
34 150 1 4.97387 150 2.51612 0.375 0 0 0 6 6 50 
35 150 1 4.92413 150 2.51612 0.375 0 0 0 7 7 51 
36 150 1 4.87489 150 2.51612 0.375 0 0 0 8 8 52 
37 150 1 4.82614 150 2.51612 0.375 0 0 0 9 9 53 
38 150 1 4.77788 150 2.51612 0.375 0 0 0 10 10 54 
39 150 1 4.7301 150 2.51612 0.375 0 0 0 11 11 55 
40 150 1 4.6828 150 2.51612 0.375 0 0 0 12 12 56 
41 150 1 4.63597 150 2.51612 0.375 0 0 0 13 13 57 
42 150 1 4.58961 150 2.51612 0.375 0 0 0 14 14 58 
43 151 1 4.54372 151 3.0701 0.3775 0 0 0 15 15 60 
44 152 1 4.49828 152 3.12806 0.38 0 0 0 16 16 62 
45 152 1 4.4533 152 3.12806 0.38 0 0 0 17 17 63 
46 152 1 4.40876 152 3.12806 0.38 0 0 0 18 18 64 
47 152 1 4.36468 152 3.12806 0.38 0 0 0 19 19 65 
48 152 1 4.32103 152 3.12806 0.38 0 0 0 20 20 66 
49 152 1 4.27782 152 3.12806 0.38 0 0 0 22 22 67 
50 152 1 4.23504 152 3.12806 0.38 0 0 0 23 23 68 
51 152 1 4.19269 152 3.12806 0.38 0 0 0 24 24 69 
52 152 1 4.15076 152 3.12806 0.38 0 0 0 25 25 70 
53 152 1 4.10926 152 3.12806 0.38 0 0 0 27 27 71 
54 152 1 4.06816 152 3.12806 0.38 0 0 0 28 28 72 
55 159 1 4.02748 159 3.53263 0.3975 0 0 0 29 29 74 
56 159 1 3.98721 159 3.53263 0.3975 0 0 0 30 30 75 
57 165 1 3.94734 165 3.88679 0.4125 0 0 0 32 32 78 
58 165 1 3.90786 165 3.88679 0.4125 0 0 0 34 34 79 
59 165 1 3.86878 165 3.88679 0.4125 0 0 0 36 36 80 
60 165 1 3.8301 165 3.88679 0.4125 0 0 0 38 38 81 
61 165 1 3.7918 165 3.88679 0.4125 0 0 0 40 40 82 
62 166 1 3.75388 166 4.53395 0.415 0 0 0 42 42 85 
63 166 1 3.71634 166 4.53395 0.415 0 0 0 44 44 86 
64 166 1 3.67917 166 4.53395 0.415 0 0 0 46 46 87 
65 166 1 3.64238 166 4.53395 0.415 0 0 0 48 48 88 
66 166 1 3.60596 166 4.53395 0.415 0 0 0 50 50 89 
67 166 1 3.5699 166 4.53395 0.415 0 0 0 52 52 90 
68 166 1 3.5342 166 4.53395 0.415 0 0 0 54 54 91 
69 166 1 3.49886 166 4.53395 0.415 0 0 0 56 56 92 
70 166 1 3.46387 166 4.53395 0.415 0 0 0 58 58 95 
71 166 1 3.42923 166 4.53395 0.415 0 0 0 60 60 96 
72 166 1 3.39494 166 4.53395 0.415 0 0 0 62 62 97 
73 166 1 3.36099 166 4.53395 0.415 0 0 0 63 63 98 
74 166 1 3.32738 166 4.53395 0.415 0 0 0 65 65 99 
75 166 1 3.29411 166 4.53395 0.415 0 0 0 67 67 100 
76 166 1 3.26117 166 4.53395 0.415 0 0 0 69 69 101 
77 166 1 3.22855 166 4.53395 0.415 0 0 0 71 71 102 
78 166 1 3.19627 166 4.53395 0.415 0 0 0 73 73 103 
79 166 1 3.16431 166 4.53395 0.415 0 0 0 75 75 104 
80 166 1 3.13266 166 4.53395 0.415 0 0 0 77 77 105 
81 166 1 3.10134 166 4.53395 0.415 0 0 0 79 79 106 
82 166 1 3.07032 166 4.53395 0.415 0 0 0 81 81 107 
83 166 1 3.03962 166 4.53395 0.415 0 0 0 83 83 108 
84 166 1 3.00922 166 4.53395 0.415 0 0 0 85 85 109 
85 166 1 2.97913 166 4.53395 0.415 0 0 0 87 87 110 
86 166 1 2.94934 166 4.53395 0.415 0 0 0 89 89 111 
87 166 1 2.91985 166 4.53395 0.415 0 0 0 91 91 112 
88 166 1 2.89065 166 4.53395 0.415 0 0 0 93 93 115 
89 166 1 2.86174 166 4.53395 0.415 0 0 0 95 95 116 
90 166 1 2.83312 166 4.53395 0.415 0 0 0 97 97 117 
91 166 1 2.80479 166 4.53395 0.415 0 0 0 99 99 118 
92 166 1 2.77674 166 4.53395 0.415 0 0 0 101 101 119 
93 166 1 2.74898 166 4.53395 0.415 0 0 0 103 103 120 
94 166 1 2.72149 166 4.53395 0.415 0 0 0 105 105 121 
95 178 1 2.69427 178 4.97515 0.445 0 0 0 107 107 124 
96 181 1 2.66733 181 5.93455 0.4525 0 0 0 110 110 127 
97 182 1 2.64066 182 5.97261 0.455 0 0 0 113 113 129 
98 182 1 2.61425 182 5.97261 0.455 0 0 0 117 117 130 
99 182 1 2.58811 182 5.97261 0.455 0 0 0 120 120 131 
100 187 1 2.56223 187 6.52124 0.4675 0 0 0 123 123 134 
101 187 1 2.5366 187 6.52124 0.4675 0 0 0 126 126 135 
102 187 1 2.51124 187 6.52124 0.4675 0 0 0 129 129 136 
103 187 1 2.48613 187 6.52124 0.4675 0 0 0 132 132 137 
104 187 1 2.46126 187 6.52124 0.4675 0 0 0 135 135 138 
105 187 1 2.43665 187 6.52124 0.4675 0 0 0 138 138 139 
106 187 1 2.41228 187 6.52124 0.4675 0 0 0 142 142 140 
107 187 1 2.38816 187 6.52124 0.4675 0 0 0 147 147 141 
108 187 1 2.36428 187 6.52124 0.4675 0 0 0 152 152 142 
109 187 1 2.34064 187 6.52124 0.4675 0 0 0 155 155 143 
110 187 1 2.31723 187 6.52124 0.4675 0 0 0 159 159 144 
111 187 1 2.29406 187 6.52124 0.4675 0 0 0 164 164 145 
112 187 1 2.27112 187 6.52124 0.4675 0 0 0 167 167 146 
113 187 1 2.24841 187 6.52124 0.4675 0 0 0 170 170 147 
114 187 1 2.22592 187 6.52124 0.4675 0 0 0 173 173 148 
115 187 1 2.20366 187 6.52124 0.4675 0 0 0 177 177 149 
116 187 1 2.18163 187 6.52124 0.4675 0 0 0 181 181 150 
117 187 1 2.15981 187 6.52124 0.4675 0 0 0 184 184 151 
118 187 1 2.13821 187 6.52124 0.4675 0 0 0 188 188 152 
119 187 1 2.11683 187 6.52124 0.4675 0 0 0 192 192 153 
120 193 1 2.09566 193 6.13588 0.4825 0 0 0 196 196 159 
121 193 1 2.07471 193 6.1316 0.4825 0 0 0 200 200 161 
122 193 1 2.05396 193 6.1316 0.4825 0 0 0 204 204 162 
123 196 1 2.03342 196 8.32165 0.49 0 0 0 211 211 166 
124 196 1 2.01309 196 8.32165 0.49 0 0 0 217 217 167 
125 196 1 1.99295 196 8.32165 0.49 0 0 0 224 224 168 
126 196 1 1.97302 196 8.32165 0.49 0 0 0 230 230 171 
127 196 1 1.95329 196 8.32165 0.49 0 0 0 239 239 177 
128 211 1 1.93376 211 8.98955 0.5275 0 0 0 250 250 185 
129 211 1 1.91442 211 8.61896 0.5275 0 0 0 260 260 188 
130 211 1 1.89528 211 8.61896 0.5275 0 0 0 272 272 190 
131 211 1 1.87633 211 8.61896 0.5275 0 0 0 284 284 191 
132 211 1 1.85756 211 8.61896 0.5275 0 0 0 296 296 196 
133 211 1 1.83899 211 8.61896 0.5275 0 0 0 308 308 197 
134 211 1 1.8206 211 8.4499 0.5275 0 0 0 319 319 199 
135 211 1 1.80239 211 8.4499 0.5275 0 0 0 331 331 200 
136 211 1 1.78437 211 8.4499 0.5275 0 0 0 342 342 203 
137 211 1 1.76652 211 8.4499 0.5275 0 0 0 355 355 206 
138 211 1 1.74886 211 8.4499 0.5275 0 0 0 367 367 207 
139 211 1 1.73137 211 8.4499 0.5275 0 0 0 382 382 211 
140 211 1 1.71406 211 8.4499 0.5275 0 0 0 399 399 214 
141 211 1 1.69692 211 8.4499 0.5275 0 0 0 413 413 216 
142 213 1 1.67995 213 9.5809 0.5325 0 0 0 427 427 226 
143 213 1 1.66315 213 8.98524 0.5325 0 0 0 439 439 229 
144 231 1 1.64652 231 9.27346 0.5775 0 0 0 451 451 233 
145 232 1 1.63005 232 9.22953 0.58 0 0 0 467 467 237 
146 232 1 1.61375 232 9.07361 0.58 0 0 0 484 484 240 
147 232 1 1.59761 232 9.07361 0.58 0 0 0 500 500 242 
148 232 1 1.58164 232 9.07361 0.58 0 0 0 518 518 245 
149 232 1 1.56582 232 9.07361 0.58 0 0 0 537 537 246 
150 232 1 1.55016 232 9.07361 0.58 0 0 0 558 558 247 
151 232 1 1.53466 232 9.07361 0.58 0 0 0 585 585 250 
152 232 1 1.51931 232 9.07361 0.58 0 0 0 611 611 255 
153 232 1 1.50412 232 9.07361 0.58 0 0 0 631 631 256 
154 233 1 1.48908 233 9.91282 0.5825 0 0 0 653 653 261 
155 233 1 1.47419 233 9.91282 0.5825 0 0 0 674 674 262 
156 233 1 1.45945 233 9.91282 0.5825 0 0 0 707 707 264 
157 233 1 1.44485 233 9.91282 0.5825 0 0 0 733 733 265 
158 233 1 1.4304 233 9.91282 0.5825 0 0 0 762 762 266 
159 233 1 1.4161 233 9.91282 0.5825 0 0 0 790 790 267 
160 233 1 1.40194 233 9.91282 0.5825 0 0 0 820 820 268 
161 233 1 1.38792 233 9.91282 0.5825 0 0 0 848 848 269 
162 233 1 1.37404 233 9.91282 0.5825 0 0 0 880 880 270 
163 233 1 1.3603 233 9.91282 0.5825 0 0 0 920 920 274 
164 233 1 1.3467 233 9.91282 0.5825 0 0 0 951 951 275 
165 233 1 1.33323 233 9.91282 0.5825 0 0 0 982 982 276 
166 233 1 1.3199 233 9.91282 0.5825 0 0 0 1017 1017 277 
167 233 1 1.3067 233 9.91282 0.5825 0 0 0 1049 1049 278 
168 233 1 1.29363 233 9.91282 0.5825 0 0 0 1086 1086 282 
169 233 1 1.2807 233 9.91282 0.5825 0 0 0 1126 1126 283 
170 233 1 1.26789 233 9.91282 0.5825 0 0 0 1164 1164 284 
171 236 1 1.25521 236 12.0105 0.59 0 0 0 1234 1234 290 
172 236 1 1.24266 236 12.0105 0.59 0 0 0 1303 1303 292 
173 237 1 1.23023 237 10.0771 0.5925 0 0 0 1349 1349 295 
174 237 1 1.21793 237 10.0049 0.5925 0 0 0 1394 1394 297 
175 237 1 1.20575 237 10.0049 0.5925 0 0 0 1439 1439 301 
176 237 1 1.19369 237 10.0049 0.5925 0 0 0 1483 1483 302 
177 237 1 1.18175 237 10.0049 0.5925 0 0 0 1524 1524 304 
178 237 1 1.16994 237 10.0049 0.5925 0 0 0 1573 1573 305 
179 237 1 1.15824 237 7.60839 0.5925 0 0 0 1616 1616 309 
180 243 1 1.14666 243 7.88414 0.6075 0 0 0 1686 1686 312 
181 245 1 1.13519 245 8.08079 0.6125 0 0 0 1777 1777 315 
182 245 1 1.12384 245 7.91986 0.6125 0 0 0 1872 1872 318 
183 253 1 1.1126 253 8.73881 0.6325 0 0 0 1994 1994 324 
184 253 1 1.10147 253 8.48431 0.6325 0 0 0 2101 2101 328 
185 253 1 1.09046 253 8.09824 0.6325 0 0 0 2220 2220 330 
186 253 1 1.07955 253 8.09824 0.6325 0 0 0 2305 2305 336 
187 253 1 1.06876 253 7.87927 0.6325 0 0 0 2416 2416 342 
188 253 1 1.05807 253 7.87927 0.6325 0 0 0 2526 2526 346 
189 253 1 1.04749 253 7.87927 0.6325 0 0 0 2654 2654 349 
190 253 1 1.03701 253 7.78298 0.6325 0 0 0 2800 2800 353 
191 253 1 1.02664 253 7.78298 0.6325 0 0 0 2936 2936 356 
192 253 1 1.01638 253 7.68457 0.6325 0 0 0 3087 3087 358 
193 253 1 1.00621 253 7.64067 0.6325 0 0 0 3260 3260 361 
194 253 1 0.996152 253 7.64067 0.6325 0 0 0 3429 3429 366 
195 253 1 0.986191 253 7.64067 0.6325 0 0 0 3583 3583 369 
196 259 1 0.976329 259 8.33412 0.6475 0 0 0 3772 3772 373 
197 259 1 0.966565 259 8.1851 0.6475 0 0 0 4009 4009 375 
198 259 1 0.9569 259 8.1851 0.6475 0 0 0 4217 4217 378 
199 259 1 0.947331 259 8.1851 0.6475 0 0 0 4393 4393 381 
200 259 1 0.937857 259 8.1851 0.6475 0 0 0 4554 4554 383 
201 259 1 0.928479 259 8.1851 0.6475 0 0 0 4726 4726 384 
202 259 1 0.919194 259 7.65708 0.6475 0 0 0 4950 4950 388 
203 259 1 0.910002 259 7.65708 0.6475 0 0 0 5157 5157 389 
204 259 1 0.900902 259 7.65708 0.6475 0 0 0 5368 5368 391 
205 259 1 0.891893 259 7.65708 0.6475 0 0 0 5636 5636 393 
206 260 1 0.882974 260 8.19831 0.65 0 0 0 5890 5890 399 
207 260 1 0.874144 260 8.19831 0.65 0 0 0 6189 6189 400 
208 260 1 0.865403 260 7.77964 0.65 0 0 0 6583 6583 401 
209 260 1 0.856749 260 7.77964 0.65 0 0 0 6748 6748 405 
210 266 1 0.848181 266 7.81973 0.665 0 0 0 6941 6941 407 
211 266 1 0.8397 266 7.81973 0.665 0 0 0 7093 7093 411 
212 266 1 0.831303 266 7.68453 0.665 0 0 0 7266 7266 412 
213 266 1 0.82299 266 7.68453 0.665 0 0 0 7521 7521 416 
214 266 1 0.81476 266 7.68453 0.665 0 0 0 7794 7794 419 
215 266 1 0.806612 266 7.68453 0.665 0 0 0 8077 8077 421 
216 266 1 0.798546 266 7.68453 0.665 0 0 0 8431 8431 423 
217 266 1 0.790561 266 7.58889 0.665 0 0 0 8687 8687 424 
218 266 1 0.782655 266 7.50578 0.665 0 0 0 9009 9009 425 
219 266 1 0.774828 266 7.50578 0.665 0 0 0 9238 9238 426 
220 266 1 0.76708 266 7.50578 0.665 0 0 0 9511 9511 429 
221 266 1 0.759409 266 7.50578 0.665 0 0 0 9755 9755 432 
222 266 1 0.751815 266 7.50578 0.665 0 0 0 10045 10045 435 
223 266 1 0.744297 266 7.50578 0.665 0 0 0 10366 10366 436 
224 266 1 0.736854 266 7.42359 0.665 0 0 0 10607 10607 437 
225 266 1 0.729485 266 7.42359 0.665 0 0 0 10957 10957 438 
226 266 1 0.722191 266 7.42359 0.665 0 0 0 11235 11235 439 
227 266 1 0.714969 266 7.42359 0.665 0 0 0 11586 11586 440 
228 266 1 0.707819 266 7.42359 0.665 0 0 0 11924 11924 441 
229 266 1 0.700741 266 7.42359 0.665 0 0 0 12367 12367 442 
230 277 1 0.693733 277 7.57957 0.6925 0 0 0 12763 12763 444 
231 277 1 0.686796 277 7.57957 0.6925 0 0 0 13302 13302 445 
232 277 1 0.679928 277 7.57957 0.6925 0 0 0 13930 13930 446 
233 277 1 0.673129 277 7.57957 0.6925 0 0 0 14439 14439 448 
234 277 1 0.666398 277 7.43206 0.6925 0 0 0 14998 14998 449 
235 277 1 0.659734 277 7.38114 0.6925 0 0 0 15518 15518 450 
236 277 1 0.653136 277 7.38114 0.6925 0 0 0 16210 16210 451 
237 277 1 0.646605 277 7.38114 0.6925 0 0 0 16809 16809 452 
238 277 1 0.640139 277 7.38114 0.6925 0 0 0 17538 17538 453 
239 277 1 0.633738 277 7.38114 0.6925 0 0 0 18241 18241 454 
240 277 1 0.6274 277 7.38114 0.6925 0 0 0 21191 21191 456 
241 277 1 0.621126 277 7.38114 0.6925 0 0 0 26932 26932 457 
242 277 1 0.614915 277 7.38114 0.6925 0 0 0 30115 30115 458 
243 277 1 0.608766 277 7.38114 0.6925 0 0 0 34913 34913 461 
244 277 1 0.602678 277 7.38114 0.6925 0 0 0 40358 40358 462 
245 283 1 0.596651 283 7.68007 0.7075 0 0 0 44270 44270 464 
246 283 1 0.590685 283 7.68007 0.7075 0 0 0 49822 49822 465 
247 283 1 0.584778 283 7.68007 0.7075 0 0 0 53720 53720 468 
248 283 1 0.57893 283 7.68007 0.7075 0 0 0 57435 57435 469 
249 283 1 0.573141 283 7.68007 0.7075 0 0 0 62558 62558 470 
250 283 1 0.56741 283 7.68007 0.7075 0 0 0 68067 68067 471 
251 284 1 0.561735 284 11.1706 0.71 0 0 0 79600 79600 477 
252 284 1 0.556118 284 11.1208 0.71 0 0 0 90356 90356 482 
253 284 1 0.550557 284 10.8478 0.71 0 0 0 100908 100908 484 
254 284 1 0.545051 284 10.5218 0.71 0 0 0 107589 107589 489 
255 284 1 0.539601 284 10.5204 0.71 0 0 0 119491 119491 493 
256 284 1 0.534205 284 10.5204 0.71 0 0 0 129286 129286 495 
257 284 1 0.528863 284 10.5204 0.71 0 0 0 146203 146203 498 
258 284 1 0.523574 284 10.512 0.71 0 0 0 160769 160769 500 
259 284 1 0.518338 284 10.3808 0.71 0 0 0 172989 172989 501 
260 284 1 0.513155 284 10.3808 0.71 0 0 0 184777 184777 503 
261 284 1 0.508023 284 10.3808 0.71 0 0 0 201355 201355 504 
262 284 1 0.502943 284 10.3808 0.71 0 0 0 223570 223570 505 
263 284 1 0.497914 284 10.2564 0.71 0 0 0 244996 244996 508 
264 284 1 0.492935 284 10.2564 0.71 0 0 0 260096 260096 509 
265 284 1 0.488005 284 10.2564 0.71 0 0 0 285645 285645 510 
266 284 1 0.483125 284 10.2564 0.71 0 0 0 310738 310738 512 
267 284 1 0.478294 284 10.2564 0.71 0 0 0 337843 337843 513 
268 284 1 0.473511 284 10.2564 0.71 0 0 0 362299 362299 514 
269 284 1 0.468776 284 10.2564 0.71 0 0 0 387341 387341 515 
270 284 1 0.464088 284 10.0952 0.71 0 0 0 437607 437607 517 
271 284 1 0.459447 284 10.0805 0.71 0 0 0 498063 498063 518 
272 284 1 0.454853 284 10.0805 0.71 0 0 0 547405 547405 519 
273 284 1 0.450304 284 10.0805 0.71 0 0 0 600771 600771 521 
274 284 1 0.445801 284 9.96711 0.71 0 0 0 658305 658305 522 
275 284 1 0.441343 284 9.96711 0.71 0 0 0 706782 706782 523 
276 284 1 0.43693 284 9.82629 0.71 0 0 0 750602 750602 525 
277 284 1 0.432561 284 9.82629 0.71 0 0 0 783726 783726 527 
278 284 1 0.428235 284 9.82629 0.71 0 0 0 834659 834659 530 
279 284 1 0.423953 284 9.82629 0.71 0 0 0 872748 872748 533 
280 287 1 0.419713 287 11.8771 0.7175 0 0 0 920430 920430 545 
281 295 1 0.415516 295 9.95227 0.7375 0 0 0 953569 953569 549 
282 295 1 0.411361 295 9.95227 0.7375 0 0 0 1011681 1011681 550 
283 295 1 0.407247 295 9.95227 0.7375 0 0 0 1079738 1079738 552 
284 295 1 0.403175 295 9.95227 0.7375 0 0 0 1178342 1178342 553 
285 295 1 0.399143 295 9.92271 0.7375 0 0 0 1265141 1265141 554 
286 295 1 0.395152 295 9.91752 0.7375 0 0 0 1366734 1366734 557 
287 295 1 0.3912 295 9.90953 0.7375 0 0 0 1469512 1469512 558 
288 298 1 0.387288 298 10.4364 0.745 0 0 0 1758770 1758770 563 
