1 105 0.01 5.94 105 0 0.2625 0 0 0 0 0 0 
95 178 0.615104 2.30938 170 4.19824 0.425 0 0 0 9 9 107 
144 231 0.764783 1.4113 220 6.63711 0.55 0 0 0 34 34 172 
196 259 0.860524 0.836854 239 7.55918 0.5975 0 0 0 90 90 238 
228 266 0.898883 0.606702 258 6.21139 0.645 0 0 0 184 184 276 
245 283 0.914764 0.511416 271 6.4216 0.6775 0 0 0 300 300 301 
281 295 0.940641 0.356157 284 6.29813 0.71 0 0 0 717 717 345 
292 300 0.946853 0.318881 290 6.01079 0.725 0 0 0 2090 2090 367 
307 304 0.954291 0.274256 295 7.88482 0.7375 0 0 0 8976 8976 396 
341 305 0.967521 0.194873 296 7.82065 0.74 0 0 0 52485 52485 446 
348 306 0.969728 0.181635 297 7.5372 0.7425 0 0 0 106068 106068 462 
351 306 0.970627 0.17624 298 7.25072 0.745 0 0 0 155870 155870 471 
358 312 0.972622 0.164267 304 9.24685 0.76 0 0 0 299346 299346 493 
365 312 0.974482 0.153108 305 11.5289 0.7625 0 0 0 445818 445818 517 
378 312 0.977607 0.134355 306 12.1305 0.765 0 0 0 723847 723847 543 
383 314 0.978705 0.127771 308 12.1894 0.77 0 0 0 1252831 1252831 561 
