1 105 0.01 0 105 0 0.2625 0 0 0 0 0 0 
95 178 0.615104 0 164 2.00842 0.41 0 0 0 7 7 98 
144 231 0.764783 0 210 3.06624 0.525 0 0 0 81 81 151 
183 253 0.841057 0 229 4.96633 0.5725 0 0 0 1014 1014 197 
210 266 0.878831 0 234 5.27277 0.585 0 0 0 3020 3020 232 
211 266 0.880043 0 236 5.27424 0.59 0 0 0 4981 4981 235 
218 266 0.888192 0 237 5.25533 0.5925 0 0 0 8956 8956 244 
221 266 0.891513 0 238 5.31576 0.595 0 0 0 11944 11944 252 
225 266 0.895788 0 240 5.35424 0.6 0 0 0 16240 16240 262 
230 277 0.900895 0 251 5.48877 0.6275 0 0 0 21235 21235 270 
236 277 0.906695 0 252 5.50914 0.63 0 0 0 28134 28134 280 
240 277 0.910371 0 254 5.52794 0.635 0 0 0 35578 35578 289 
245 283 0.914764 0 261 5.63255 0.6525 0 0 0 45240 45240 302 
251 284 0.919752 0 262 5.7082 0.655 0 0 0 58733 58733 315 
255 284 0.922914 0 263 5.74311 0.6575 0 0 0 78244 78244 323 
260 284 0.926692 0 266 5.9225 0.665 0 0 0 103595 103595 334 
275 284 0.936951 0 269 6.12358 0.6725 0 0 0 152852 152852 354 
280 287 0.940041 0 274 6.18629 0.685 0 0 0 224975 224975 366 
281 295 0.940641 0 279 5.50081 0.6975 0 0 0 272494 272494 369 
288 298 0.944673 0 283 6.07464 0.7075 0 0 0 423774 423774 380 
290 300 0.945774 0 285 5.55398 0.7125 0 0 0 499896 499896 386 
298 304 0.949963 0 292 5.75168 0.73 0 0 0 877971 877971 396 
315 305 0.957822 0 293 6.43378 0.7325 0 0 0 1591792 1591792 417 
