1 105 1 9.5 105 0 0.2625 0 0 0 0 0 0 
2 108 1 9.5 108 0.1 0.27 0 0 0 0 0 1 
3 110 1 9.5 110 0.195919 0.275 0 0 0 0 0 3 
4 112 1 9.5 112 0.295919 0.28 0 0 0 0 0 4 
5 114 1 9.5 114 0.395919 0.285 0 0 0 0 0 5 
6 115 1 9.5 115 0.488365 0.2875 0 0 0 0 0 7 
7 115 1 9.5 115 0.488365 0.2875 0 0 0 0 0 8 
8 122 1 9.5 122 0.62186 0.305 0 0 0 0 0 10 
9 122 1 9.5 122 0.62186 0.305 0 0 0 0 0 11 
10 122 1 9.5 122 0.62186 0.305 0 0 0 0 0 12 
11 131 1 9.5 131 0.72186 0.3275 0 0 0 0 0 13 
12 131 1 9.5 131 0.72186 0.3275 0 0 0 0 0 14 
13 132 1 9.5 132 1.03084 0.33 0 0 0 0 0 16 
14 133 1 9.5 133 1.15732 0.3325 0 0 0 0 0 19 
15 141 1 9.5 141 1.25557 0.3525 0 0 0 0 0 22 
16 141 1 9.5 141 1.25557 0.3525 0 0 0 0 0 23 
17 142 1 9.5 142 1.40416 0.355 0 0 0 0 0 25 
18 143 1 9.5 143 1.50416 0.3575 0 0 0 0 0 26 
19 145 1 9.5 145 1.65811 0.3625 0 0 0 0 0 28 
20 145 1 9.5 145 1.65811 0.3625 0 0 0 0 0 29 
21 145 1 9.5 145 1.65811 0.3625 0 0 0 0 0 30 
22 145 1 9.5 145 1.65811 0.3625 0 0 0 0 0 31 
23 146 1 9.5 146 1.7409 0.365 0 0 0 0 0 33 
24 146 1 9.5 146 1.7409 0.365 0 0 0 1 1 34 
25 147 1 9.5 147 2.02836 0.3675 0 0 0 1 1 36 
26 148 1 9.5 148 2.08592 0.37 0 0 0 1 1 38 
27 148 1 9.5 148 2.08592 0.37 0 0 0 2 2 42 
28 148 1 9.5 148 2.08592 0.37 0 0 0 3 3 43 
29 148 1 9.5 148 2.08592 0.37 0 0 0 4 4 44 
30 150 1 9.5 150 2.51612 0.375 0 0 0 5 5 46 
31 150 1 9.5 150 2.51612 0.375 0 0 0 6 6 47 
32 150 1 9.5 150 2.51612 0.375 0 0 0 7 7 48 
33 150 1 9.5 150 2.51612 0.375 0 0 0 8 8 49 
34 150 1 9.5 150 2.51612 0.375 0 0 0 9 9 50 
35 150 1 9.5 150 2.51612 0.375 0 0 0 10 10 51 
36 150 1 9.5 150 2.51612 0.375 0 0 0 11 11 52 
37 150 1 9.5 150 2.51612 0.375 0 0 0 12 12 53 
38 150 1 9.5 150 2.51612 0.375 0 0 0 14 14 54 
39 150 1 9.5 150 2.51612 0.375 0 0 0 15 15 55 
40 150 1 9.5 150 2.51612 0.375 0 0 0 16 16 56 
41 150 1 9.5 150 2.51612 0.375 0 0 0 17 17 57 
42 150 1 9.5 150 2.51612 0.375 0 0 0 18 18 58 
43 151 1 9.5 151 3.0701 0.3775 0 0 0 19 19 60 
44 152 1 9.5 152 3.12806 0.38 0 0 0 20 20 62 
45 152 1 9.5 152 3.12806 0.38 0 0 0 21 21 63 
46 152 1 9.5 152 3.12806 0.38 0 0 0 22 22 64 
47 152 1 9.5 152 3.12806 0.38 0 0 0 23 23 65 
48 152 1 9.5 152 3.12806 0.38 0 0 0 24 24 66 
49 152 1 9.5 152 3.12806 0.38 0 0 0 26 26 67 
50 152 1 9.5 152 3.12806 0.38 0 0 0 27 27 68 
51 152 1 9.5 152 3.12806 0.38 0 0 0 28 28 69 
52 152 1 9.5 152 3.12806 0.38 0 0 0 29 29 70 
53 152 1 9.5 152 3.12806 0.38 0 0 0 30 30 71 
54 152 1 9.5 152 3.12806 0.38 0 0 0 31 31 72 
55 159 1 9.5 159 3.53263 0.3975 0 0 0 32 32 74 
56 159 1 9.5 159 3.53263 0.3975 0 0 0 33 33 75 
57 165 1 9.5 165 3.88679 0.4125 0 0 0 35 35 78 
58 165 1 9.5 165 3.88679 0.4125 0 0 0 37 37 79 
59 165 1 9.5 165 3.88679 0.4125 0 0 0 39 39 80 
60 165 1 9.5 165 3.88679 0.4125 0 0 0 41 41 81 
61 165 1 9.5 165 3.88679 0.4125 0 0 0 43 43 82 
62 166 1 9.5 166 4.53395 0.415 0 0 0 45 45 85 
63 166 1 9.5 166 4.53395 0.415 0 0 0 47 47 86 
64 166 1 9.5 166 4.53395 0.415 0 0 0 49 49 87 
65 166 1 9.5 166 4.53395 0.415 0 0 0 51 51 88 
66 166 1 9.5 166 4.53395 0.415 0 0 0 53 53 89 
67 166 1 9.5 166 4.53395 0.415 0 0 0 55 55 90 
68 166 1 9.5 166 4.53395 0.415 0 0 0 58 58 91 
69 166 1 9.5 166 4.53395 0.415 0 0 0 60 60 92 
70 166 1 9.5 166 4.53395 0.415 0 0 0 62 62 95 
71 166 1 9.5 166 4.53395 0.415 0 0 0 64 64 96 
72 166 1 9.5 166 4.53395 0.415 0 0 0 66 66 97 
73 166 1 9.5 166 4.53395 0.415 0 0 0 68 68 98 
74 166 1 9.5 166 4.53395 0.415 0 0 0 70 70 99 
75 166 1 9.5 166 4.53395 0.415 0 0 0 72 72 100 
76 166 1 9.5 166 4.53395 0.415 0 0 0 74 74 101 
77 166 1 9.5 166 4.53395 0.415 0 0 0 76 76 102 
78 166 1 9.5 166 4.53395 0.415 0 0 0 78 78 103 
79 166 1 9.5 166 4.53395 0.415 0 0 0 80 80 104 
80 166 1 9.5 166 4.53395 0.415 0 0 0 82 82 105 
81 166 1 9.5 166 4.53395 0.415 0 0 0 85 85 106 
82 166 1 9.5 166 4.53395 0.415 0 0 0 87 87 107 
83 166 1 9.5 166 4.53395 0.415 0 0 0 89 89 108 
84 166 1 9.5 166 4.53395 0.415 0 0 0 91 91 109 
85 166 1 9.5 166 4.53395 0.415 0 0 0 93 93 110 
86 166 1 9.5 166 4.53395 0.415 0 0 0 95 95 111 
87 166 1 9.5 166 4.53395 0.415 0 0 0 98 98 112 
88 166 1 9.5 166 4.53395 0.415 0 0 0 100 100 115 
89 166 1 9.5 166 4.53395 0.415 0 0 0 102 102 116 
90 166 1 9.5 166 4.53395 0.415 0 0 0 104 104 117 
91 166 1 9.5 166 4.53395 0.415 0 0 0 106 106 118 
92 166 1 9.5 166 4.53395 0.415 0 0 0 108 108 119 
93 166 1 9.5 166 4.53395 0.415 0 0 0 111 111 120 
94 166 1 9.5 166 4.53395 0.415 0 0 0 113 113 121 
95 178 1 9.5 178 5.95551 0.445 0 0 0 115 115 125 
96 181 1 9.5 181 6.91491 0.4525 0 0 0 119 119 128 
97 182 1 9.5 182 6.95297 0.455 0 0 0 122 122 130 
98 182 1 9.5 182 6.95297 0.455 0 0 0 126 126 131 
99 182 1 9.5 182 6.95297 0.455 0 0 0 129 129 132 
100 187 1 9.5 187 7.50161 0.4675 0 0 0 133 133 135 
101 187 1 9.5 187 7.50161 0.4675 0 0 0 136 136 136 
102 187 1 9.5 187 7.50161 0.4675 0 0 0 140 140 137 
103 187 1 9.5 187 7.50161 0.4675 0 0 0 143 143 138 
104 187 1 9.5 187 7.50161 0.4675 0 0 0 147 147 139 
105 187 1 9.5 187 7.50161 0.4675 0 0 0 151 151 140 
106 187 1 9.5 187 7.50161 0.4675 0 0 0 154 154 141 
107 187 1 9.5 187 7.50161 0.4675 0 0 0 158 158 142 
108 187 1 9.5 187 7.50161 0.4675 0 0 0 163 163 143 
109 187 1 9.5 187 7.50161 0.4675 0 0 0 167 167 144 
110 187 1 9.5 187 7.50161 0.4675 0 0 0 171 171 145 
111 187 1 9.5 187 7.50161 0.4675 0 0 0 175 175 146 
112 187 1 9.5 187 7.50161 0.4675 0 0 0 179 179 147 
113 187 1 9.5 187 7.50161 0.4675 0 0 0 183 183 148 
114 187 1 9.5 187 7.50161 0.4675 0 0 0 187 187 149 
115 187 1 9.5 187 7.50161 0.4675 0 0 0 192 192 150 
116 187 1 9.5 187 7.50161 0.4675 0 0 0 196 196 151 
117 187 1 9.5 187 7.50161 0.4675 0 0 0 200 200 152 
118 187 1 9.5 187 7.50161 0.4675 0 0 0 204 204 153 
119 187 1 9.5 187 7.50161 0.4675 0 0 0 209 209 154 
120 193 1 9.5 193 7.82983 0.4825 0 0 0 213 213 160 
121 193 1 9.5 193 7.82983 0.4825 0 0 0 217 217 161 
122 193 1 9.5 193 7.82983 0.4825 0 0 0 221 221 162 
123 196 1 9.5 196 10.0199 0.49 0 0 0 228 228 166 
124 196 1 9.5 196 10.0199 0.49 0 0 0 235 235 167 
125 196 1 9.5 196 10.0199 0.49 0 0 0 242 242 168 
126 196 1 9.5 196 10.0199 0.49 0 0 0 249 249 169 
127 196 1 9.5 196 10.0199 0.49 0 0 0 259 259 175 
128 211 1 9.5 211 11.6161 0.5275 0 0 0 268 268 182 
129 211 1 9.5 211 11.6161 0.5275 0 0 0 278 278 183 
130 211 1 9.5 211 11.6161 0.5275 0 0 0 288 288 184 
131 211 1 9.5 211 11.6161 0.5275 0 0 0 300 300 185 
132 211 1 9.5 211 11.6161 0.5275 0 0 0 310 310 186 
133 211 1 9.5 211 11.6161 0.5275 0 0 0 320 320 187 
134 211 1 9.5 211 11.6161 0.5275 0 0 0 330 330 188 
135 211 1 9.5 211 11.6161 0.5275 0 0 0 340 340 189 
136 211 1 9.5 211 11.6161 0.5275 0 0 0 350 350 190 
137 211 1 9.5 211 11.6161 0.5275 0 0 0 360 360 191 
138 211 1 9.5 211 11.6161 0.5275 0 0 0 370 370 192 
139 211 1 9.5 211 11.6161 0.5275 0 0 0 384 384 193 
140 211 1 9.5 211 11.6161 0.5275 0 0 0 396 396 194 
141 211 1 9.5 211 11.6161 0.5275 0 0 0 406 406 195 
142 213 1 9.5 213 11.952 0.5325 0 0 0 413 413 202 
143 213 1 9.5 213 11.952 0.5325 0 0 0 422 422 203 
144 231 1 9.5 231 13.6459 0.5775 0 0 0 430 430 208 
145 232 1 9.5 232 13.6705 0.58 0 0 0 437 437 212 
146 232 1 9.5 232 13.6705 0.58 0 0 0 444 444 213 
147 232 1 9.5 232 13.6705 0.58 0 0 0 452 452 214 
148 232 1 9.5 232 13.6705 0.58 0 0 0 459 459 215 
149 232 1 9.5 232 13.6705 0.58 0 0 0 466 466 216 
150 232 1 9.5 232 13.6705 0.58 0 0 0 474 474 217 
151 232 1 9.5 232 13.6705 0.58 0 0 0 481 481 218 
152 232 1 9.5 232 13.6705 0.58 0 0 0 489 489 219 
153 232 1 9.5 232 13.5939 0.58 0 0 0 497 497 222 
154 233 1 9.5 233 14.5034 0.5825 0 0 0 508 508 227 
155 233 1 9.5 233 14.5034 0.5825 0 0 0 519 519 228 
156 233 1 9.5 233 14.5034 0.5825 0 0 0 534 534 229 
157 233 1 9.5 233 14.5034 0.5825 0 0 0 547 547 230 
158 233 1 9.5 233 14.5034 0.5825 0 0 0 562 562 231 
159 233 1 9.5 233 14.5034 0.5825 0 0 0 574 574 232 
160 233 1 9.5 233 14.5034 0.5825 0 0 0 587 587 233 
161 233 1 9.5 233 14.5034 0.5825 0 0 0 600 600 234 
162 233 1 9.5 233 14.5034 0.5825 0 0 0 613 613 235 
163 233 1 9.5 233 14.5034 0.5825 0 0 0 626 626 236 
164 233 1 9.5 233 14.5034 0.5825 0 0 0 640 640 237 
165 233 1 9.5 233 14.5034 0.5825 0 0 0 652 652 238 
166 233 1 9.5 233 14.5034 0.5825 0 0 0 665 665 239 
167 233 1 9.5 233 14.5034 0.5825 0 0 0 678 678 240 
168 233 1 9.5 233 14.5034 0.5825 0 0 0 694 694 241 
169 233 1 9.5 233 14.5034 0.5825 0 0 0 707 707 242 
170 233 1 9.5 233 14.5034 0.5825 0 0 0 719 719 243 
171 236 1 9.5 236 17.0214 0.59 0 0 0 768 768 250 
172 236 1 9.5 236 17.0214 0.59 0 0 0 815 815 251 
173 237 1 9.5 237 14.6815 0.5925 0 0 0 829 829 255 
174 237 1 9.5 237 14.6815 0.5925 0 0 0 842 842 256 
175 237 1 9.5 237 14.6815 0.5925 0 0 0 855 855 257 
176 237 1 9.5 237 14.6815 0.5925 0 0 0 869 869 258 
177 237 1 9.5 237 14.6815 0.5925 0 0 0 882 882 259 
178 237 1 9.5 237 14.6815 0.5925 0 0 0 897 897 260 
179 237 1 9.5 237 12.2081 0.5925 0 0 0 905 905 262 
180 243 1 9.5 243 15.2957 0.6075 0 0 0 913 913 269 
181 245 1 9.5 245 15.3537 0.6125 0 0 0 922 922 271 
182 245 1 9.5 245 15.3537 0.6125 0 0 0 931 931 272 
183 253 1 9.5 253 14.3525 0.6325 0 0 0 940 940 277 
184 253 1 9.5 253 14.3525 0.6325 0 0 0 948 948 278 
185 253 1 9.5 253 14.3525 0.6325 0 0 0 956 956 279 
186 253 1 9.5 253 14.3525 0.6325 0 0 0 964 964 280 
187 253 1 9.5 253 14.3525 0.6325 0 0 0 971 971 281 
188 253 1 9.5 253 14.3525 0.6325 0 0 0 979 979 282 
189 253 1 9.5 253 14.3525 0.6325 0 0 0 987 987 283 
190 253 1 9.5 253 14.3525 0.6325 0 0 0 995 995 284 
191 253 1 9.5 253 14.3525 0.6325 0 0 0 1003 1003 285 
192 253 1 9.5 253 14.3525 0.6325 0 0 0 1011 1011 286 
193 253 1 9.5 253 14.3525 0.6325 0 0 0 1019 1019 287 
194 253 1 9.5 253 14.3525 0.6325 0 0 0 1027 1027 288 
195 253 1 9.5 253 14.3525 0.6325 0 0 0 1035 1035 289 
196 259 1 9.5 259 14.5393 0.6475 0 0 0 1044 1044 291 
197 259 1 9.5 259 14.5393 0.6475 0 0 0 1052 1052 292 
198 259 1 9.5 259 14.5393 0.6475 0 0 0 1060 1060 293 
199 259 1 9.5 259 14.5393 0.6475 0 0 0 1068 1068 294 
200 259 1 9.5 259 14.5393 0.6475 0 0 0 1077 1077 295 
201 259 1 9.5 259 14.5393 0.6475 0 0 0 1086 1086 296 
202 259 1 9.5 259 14.5393 0.6475 0 0 0 1095 1095 297 
203 259 1 9.5 259 14.5393 0.6475 0 0 0 1104 1104 298 
204 259 1 9.5 259 14.5393 0.6475 0 0 0 1113 1113 299 
205 259 1 9.5 259 14.5393 0.6475 0 0 0 1122 1122 300 
206 260 1 9.5 260 15.1331 0.65 0 0 0 1132 1132 307 
207 260 1 9.5 260 15.1331 0.65 0 0 0 1142 1142 308 
208 260 1 9.5 260 15.1331 0.65 0 0 0 1152 1152 309 
209 260 1 9.5 260 15.1331 0.65 0 0 0 1162 1162 310 
210 266 1 9.5 266 15.188 0.665 0 0 0 1172 1172 312 
211 266 1 9.5 266 15.188 0.665 0 0 0 1182 1182 313 
212 266 1 9.5 266 15.188 0.665 0 0 0 1192 1192 314 
213 266 1 9.5 266 15.188 0.665 0 0 0 1203 1203 315 
214 266 1 9.5 266 15.188 0.665 0 0 0 1213 1213 316 
215 266 1 9.5 266 15.188 0.665 0 0 0 1223 1223 317 
216 266 1 9.5 266 15.188 0.665 0 0 0 1234 1234 318 
217 266 1 9.5 266 15.188 0.665 0 0 0 1246 1246 319 
218 266 1 9.5 266 15.188 0.665 0 0 0 1258 1258 320 
219 266 1 9.5 266 15.188 0.665 0 0 0 1268 1268 321 
220 266 1 9.5 266 15.188 0.665 0 0 0 1279 1279 322 
221 266 1 9.5 266 15.188 0.665 0 0 0 1290 1290 323 
222 266 1 9.5 266 15.188 0.665 0 0 0 1302 1302 324 
223 266 1 9.5 266 15.188 0.665 0 0 0 1313 1313 325 
224 266 1 9.5 266 15.188 0.665 0 0 0 1325 1325 326 
225 266 1 9.5 266 15.188 0.665 0 0 0 1336 1336 327 
226 266 1 9.5 266 15.188 0.665 0 0 0 1348 1348 328 
227 266 1 9.5 266 15.188 0.665 0 0 0 1360 1360 329 
228 266 1 9.5 266 15.188 0.665 0 0 0 1372 1372 330 
229 266 1 9.5 266 15.188 0.665 0 0 0 1383 1383 331 
230 277 1 9.5 277 15.2449 0.6925 0 0 0 1396 1396 333 
231 277 1 9.5 277 15.2449 0.6925 0 0 0 1408 1408 334 
232 277 1 9.5 277 15.2449 0.6925 0 0 0 1420 1420 335 
233 277 1 9.5 277 15.2449 0.6925 0 0 0 1431 1431 336 
234 277 1 9.5 277 15.2449 0.6925 0 0 0 1443 1443 337 
235 277 1 9.5 277 15.2449 0.6925 0 0 0 1454 1454 338 
236 277 1 9.5 277 15.2449 0.6925 0 0 0 1466 1466 339 
237 277 1 9.5 277 15.2449 0.6925 0 0 0 1478 1478 340 
238 277 1 9.5 277 15.2449 0.6925 0 0 0 1490 1490 341 
239 277 1 9.5 277 15.2449 0.6925 0 0 0 1503 1503 342 
240 277 1 9.5 277 15.2449 0.6925 0 0 0 1515 1515 343 
241 277 1 9.5 277 15.2449 0.6925 0 0 0 1529 1529 344 
242 277 1 9.5 277 15.2449 0.6925 0 0 0 1542 1542 345 
243 277 1 9.5 277 15.2449 0.6925 0 0 0 1555 1555 346 
244 277 1 9.5 277 15.2449 0.6925 0 0 0 1568 1568 347 
245 283 1 9.5 283 15.3071 0.7075 0 0 0 1582 1582 349 
246 283 1 9.5 283 15.3071 0.7075 0 0 0 1597 1597 350 
247 283 1 9.5 283 15.3071 0.7075 0 0 0 1610 1610 351 
248 283 1 9.5 283 15.3071 0.7075 0 0 0 1625 1625 352 
249 283 1 9.5 283 15.3071 0.7075 0 0 0 1639 1639 353 
250 283 1 9.5 283 15.3071 0.7075 0 0 0 1653 1653 354 
251 284 1 9.5 284 18.9152 0.71 0 0 0 1671 1671 360 
252 284 1 9.5 284 18.9152 0.71 0 0 0 1690 1690 364 
253 284 1 9.5 284 18.9152 0.71 0 0 0 1712 1712 373 
254 284 1 9.5 284 18.9152 0.71 0 0 0 1733 1733 376 
255 284 1 9.5 284 18.9152 0.71 0 0 0 1754 1754 380 
256 284 1 9.5 284 18.9152 0.71 0 0 0 1775 1775 381 
257 284 1 9.5 284 18.9152 0.71 0 0 0 1796 1796 382 
258 284 1 9.5 284 18.9152 0.71 0 0 0 1815 1815 386 
259 284 1 9.5 284 18.9152 0.71 0 0 0 1836 1836 387 
260 284 1 9.5 284 18.9152 0.71 0 0 0 1854 1854 391 
261 284 1 9.5 284 18.9152 0.71 0 0 0 1877 1877 392 
262 284 1 9.5 284 18.9152 0.71 0 0 0 1896 1896 398 
263 284 1 9.5 284 18.9152 0.71 0 0 0 1914 1914 399 
264 284 1 9.5 284 18.9152 0.71 0 0 0 1934 1934 400 
265 284 1 9.5 284 18.9152 0.71 0 0 0 1952 1952 401 
266 284 1 9.5 284 18.9152 0.71 0 0 0 1971 1971 402 
267 284 1 9.5 284 18.9152 0.71 0 0 0 1991 1991 405 
268 284 1 9.5 284 18.9152 0.71 0 0 0 2010 2010 406 
269 284 1 9.5 284 18.9152 0.71 0 0 0 2029 2029 407 
270 284 1 9.5 284 18.9152 0.71 0 0 0 2050 2050 408 
271 284 1 9.5 284 18.9152 0.71 0 0 0 2069 2069 409 
272 284 1 9.5 284 18.9152 0.71 0 0 0 2088 2088 410 
273 284 1 9.5 284 18.9152 0.71 0 0 0 2109 2109 411 
274 284 1 9.5 284 18.9152 0.71 0 0 0 2129 2129 412 
275 284 1 9.5 284 18.9152 0.71 0 0 0 2149 2149 413 
276 284 1 9.5 284 18.9152 0.71 0 0 0 2170 2170 414 
277 284 1 9.5 284 18.9152 0.71 0 0 0 2190 2190 415 
278 284 1 9.5 284 18.9152 0.71 0 0 0 2210 2210 416 
279 284 1 9.5 284 18.9152 0.71 0 0 0 2231 2231 417 
280 287 1 9.5 287 22.8406 0.7175 0 0 0 2265 2265 423 
281 295 1 9.5 295 19.6536 0.7375 0 0 0 2288 2288 429 
282 295 1 9.5 295 19.6536 0.7375 0 0 0 2310 2310 430 
283 295 1 9.5 295 19.6536 0.7375 0 0 0 2333 2333 431 
284 295 1 9.5 295 19.639 0.7375 0 0 0 2356 2356 434 
285 295 1 9.5 295 19.639 0.7375 0 0 0 2378 2378 435 
286 295 1 9.5 295 19.639 0.7375 0 0 0 2400 2400 436 
287 295 1 9.5 295 19.639 0.7375 0 0 0 2422 2422 437 
288 298 1 9.5 298 22.0263 0.745 0 0 0 2445 2445 443 
289 298 1 9.5 298 22.0263 0.745 0 0 0 2471 2471 444 
290 300 1 9.5 300 22.5254 0.75 0 0 0 2496 2496 451 
291 300 1 9.5 300 22.4936 0.75 0 0 0 2522 2522 453 
292 300 1 9.5 300 22.3588 0.75 0 0 0 2547 2547 455 
293 300 1 9.5 300 22.3588 0.75 0 0 0 2572 2572 456 
294 300 1 9.5 300 22.3588 0.75 0 0 0 2597 2597 457 
295 300 1 9.5 300 22.3588 0.75 0 0 0 2622 2622 459 
296 300 1 9.5 300 22.3588 0.75 0 0 0 2647 2647 460 
297 300 1 9.5 300 22.3588 0.75 0 0 0 2672 2672 461 
298 304 1 9.5 304 25.8513 0.76 0 0 0 2702 2702 465 
299 304 1 9.5 304 25.8513 0.76 0 0 0 2731 2731 466 
300 304 1 9.5 304 25.8513 0.76 0 0 0 2760 2760 467 
301 304 1 9.5 304 25.8513 0.76 0 0 0 2788 2788 468 
302 304 1 9.5 304 25.8412 0.76 0 0 0 2817 2817 471 
303 304 1 9.5 304 25.8412 0.76 0 0 0 2846 2846 472 
304 304 1 9.5 304 25.8412 0.76 0 0 0 2875 2875 473 
305 304 1 9.5 304 25.8412 0.76 0 0 0 2904 2904 474 
306 304 1 9.5 304 25.8412 0.76 0 0 0 2933 2933 475 
307 304 1 9.5 304 25.8412 0.76 0 0 0 2962 2962 476 
308 304 1 9.5 304 25.8412 0.76 0 0 0 2992 2992 483 
309 304 1 9.5 304 25.8412 0.76 0 0 0 3023 3023 484 
310 304 1 9.5 304 25.8075 0.76 0 0 0 3053 3053 488 
311 304 1 9.5 304 25.8075 0.76 0 0 0 3082 3082 489 
312 304 1 9.5 304 25.7538 0.76 0 0 0 3117 3117 493 
313 304 1 9.5 304 25.7538 0.76 0 0 0 3152 3152 495 
314 304 1 9.5 304 25.7538 0.76 0 0 0 3187 3187 496 
315 305 1 9.5 305 26.5853 0.7625 0 0 0 3230 3230 504 
316 305 1 9.5 305 26.4769 0.7625 0 0 0 3272 3272 506 
317 305 1 9.5 305 26.4769 0.7625 0 0 0 3315 3315 507 
318 305 1 9.5 305 26.4769 0.7625 0 0 0 3357 3357 508 
319 305 1 9.5 305 26.4769 0.7625 0 0 0 3386 3386 515 
320 305 1 9.5 305 26.4769 0.7625 0 0 0 3431 3431 518 
321 305 1 9.5 305 26.4769 0.7625 0 0 0 3474 3474 519 
322 305 1 9.5 305 26.4769 0.7625 0 0 0 3512 3512 521 
323 305 1 9.5 305 26.4769 0.7625 0 0 0 3550 3550 522 
324 305 1 9.5 305 26.4769 0.7625 0 0 0 3596 3596 524 
325 305 1 9.5 305 26.4769 0.7625 0 0 0 3634 3634 529 
326 305 1 9.5 305 26.4747 0.7625 0 0 0 3676 3676 532 
327 305 1 9.5 305 26.4747 0.7625 0 0 0 3705 3705 545 
328 305 1 9.5 305 26.4747 0.7625 0 0 0 3741 3741 553 
329 305 1 9.5 305 26.4323 0.7625 0 0 0 3779 3779 556 
330 305 1 9.5 305 26.4323 0.7625 0 0 0 3817 3817 557 
331 305 1 9.5 305 26.4323 0.7625 0 0 0 3855 3855 558 
332 305 1 9.5 305 26.4323 0.7625 0 0 0 3892 3892 559 
333 305 1 9.5 305 26.4323 0.7625 0 0 0 3930 3930 560 
334 305 1 9.5 305 26.4323 0.7625 0 0 0 3977 3977 561 
335 305 1 9.5 305 26.4323 0.7625 0 0 0 4015 4015 562 
336 305 1 9.5 305 26.4323 0.7625 0 0 0 4053 4053 563 
337 305 1 9.5 305 26.4323 0.7625 0 0 0 4090 4090 566 
338 305 1 9.5 305 26.4323 0.7625 0 0 0 4134 4134 567 
339 305 1 9.5 305 26.4323 0.7625 0 0 0 4179 4179 568 
340 305 1 9.5 305 26.4323 0.7625 0 0 0 4223 4223 569 
341 305 1 9.5 305 26.4323 0.7625 0 0 0 4262 4262 572 
342 305 1 9.5 305 26.4323 0.7625 0 0 0 4300 4300 574 
343 305 1 9.5 305 26.4323 0.7625 0 0 0 4338 4338 575 
344 305 1 9.5 305 26.4323 0.7625 0 0 0 4378 4378 578 
345 305 1 9.5 305 26.4323 0.7625 0 0 0 4417 4417 579 
346 305 1 9.5 305 26.4323 0.7625 0 0 0 4456 4456 580 
347 305 1 9.5 305 26.4323 0.7625 0 0 0 4496 4496 581 
348 306 1 9.5 306 26.7658 0.765 0 0 0 4540 4540 587 
349 306 1 9.5 306 26.7658 0.765 0 0 0 4583 4583 588 
350 306 1 9.5 306 26.7658 0.765 0 0 0 4627 4627 594 
351 306 1 9.5 306 26.6953 0.765 0 0 0 4673 4673 595 
352 306 1 9.5 306 26.3895 0.765 0 0 0 4711 4711 597 
353 306 1 9.5 306 26.3895 0.765 0 0 0 4751 4751 598 
354 306 1 9.5 306 26.3895 0.765 0 0 0 4792 4792 599 
355 306 1 9.5 306 26.3895 0.765 0 0 0 4837 4837 600 
356 306 1 9.5 306 26.3895 0.765 0 0 0 4877 4877 603 
357 306 1 9.5 306 26.3895 0.765 0 0 0 4917 4917 604 
358 312 1 9.5 312 31.9377 0.78 0 0 0 4974 4974 610 
359 312 1 9.5 312 28.1601 0.78 0 0 0 5046 5046 626 
360 312 1 9.5 312 28.1601 0.78 0 0 0 5115 5115 629 
361 312 1 9.5 312 28.1601 0.78 0 0 0 5186 5186 630 
362 312 1 9.5 312 28.1601 0.78 0 0 0 5256 5256 631 
363 312 1 9.5 312 28.1601 0.78 0 0 0 5326 5326 632 
364 312 1 9.5 312 28.1601 0.78 0 0 0 5396 5396 633 
365 312 1 9.5 312 28.1601 0.78 0 0 0 5466 5466 634 
366 312 1 9.5 312 28.1601 0.78 0 0 0 5535 5535 635 
367 312 1 9.5 312 28.1601 0.78 0 0 0 5606 5606 636 
368 312 1 9.5 312 28.1601 0.78 0 0 0 5677 5677 637 
369 312 1 9.5 312 28.0981 0.78 0 0 0 5747 5747 640 
370 312 1 9.5 312 28.0981 0.78 0 0 0 5827 5827 642 
371 312 1 9.5 312 28.0981 0.78 0 0 0 5905 5905 643 
372 312 1 9.5 312 28.0981 0.78 0 0 0 5946 5946 651 
373 312 1 9.5 312 28.0981 0.78 0 0 0 5990 5990 652 
374 312 1 9.5 312 28.0981 0.78 0 0 0 6032 6032 653 
375 312 1 9.5 312 28.0981 0.78 0 0 0 6075 6075 654 
376 312 1 9.5 312 28.0981 0.78 0 0 0 6117 6117 655 
377 312 1 9.5 312 28.0981 0.78 0 0 0 6159 6159 656 
378 312 1 9.5 312 28.0981 0.78 0 0 0 6202 6202 660 
379 312 1 9.5 312 28.0981 0.78 0 0 0 6246 6246 661 
380 312 1 9.5 312 28.0981 0.78 0 0 0 6291 6291 662 
381 312 1 9.5 312 28.0981 0.78 0 0 0 6334 6334 663 
382 312 1 9.5 312 28.0981 0.78 0 0 0 6377 6377 664 
383 314 1 9.5 314 28.3429 0.785 0 0 0 6421 6421 676 
384 314 1 9.5 314 28.2227 0.785 0 0 0 6464 6464 680 
385 314 1 9.5 314 27.9258 0.785 0 0 0 6511 6511 683 
386 314 1 9.5 314 27.9258 0.785 0 0 0 6561 6561 684 
387 314 1 9.5 314 27.9258 0.785 0 0 0 6607 6607 685 
388 314 1 9.5 314 27.9258 0.785 0 0 0 6653 6653 686 
389 314 1 9.5 314 27.9258 0.785 0 0 0 6698 6698 687 
390 314 1 9.5 314 27.9258 0.785 0 0 0 6744 6744 688 
391 314 1 9.5 314 27.9258 0.785 0 0 0 6789 6789 689 
392 314 1 9.5 314 27.9258 0.785 0 0 0 6836 6836 690 
393 314 1 9.5 314 27.9258 0.785 0 0 0 6880 6880 691 
394 314 1 9.5 314 27.9258 0.785 0 0 0 6925 6925 692 
395 318 1 9.5 318 28.5116 0.795 0 0 0 7001 7001 699 
396 321 1 9.5 321 28.5529 0.8025 0 0 0 7071 7071 704 
397 322 1 9.5 322 28.8084 0.805 0 0 0 7120 7120 709 
398 322 1 9.5 322 28.5073 0.805 0 0 0 7193 7193 719 
399 322 1 9.5 322 28.5073 0.805 0 0 0 7265 7265 720 
400 322 1 9.5 322 28.5073 0.805 0 0 0 7338 7338 721 
401 322 1 9.5 322 28.5073 0.805 0 0 0 7410 7410 722 
402 322 1 9.5 322 28.5073 0.805 0 0 0 7481 7481 723 
403 322 1 9.5 322 28.5073 0.805 0 0 0 7552 7552 724 
404 322 1 9.5 322 28.5073 0.805 0 0 0 7623 7623 725 
405 322 1 9.5 322 28.5073 0.805 0 0 0 7694 7694 726 
406 323 1 9.5 323 28.8129 0.8075 0 0 0 7763 7763 732 
407 323 1 9.5 323 28.8129 0.8075 0 0 0 7831 7831 733 
408 323 1 9.5 323 28.8129 0.8075 0 0 0 7899 7899 734 
409 323 1 9.5 323 28.8129 0.8075 0 0 0 7968 7968 735 
410 323 1 9.5 323 28.8129 0.8075 0 0 0 8037 8037 736 
411 323 1 9.5 323 28.8129 0.8075 0 0 0 8106 8106 737 
412 323 1 9.5 323 28.8129 0.8075 0 0 0 8176 8176 738 
413 323 1 9.5 323 28.8129 0.8075 0 0 0 8246 8246 739 
414 341 1 9.5 341 28.8822 0.8525 0 0 0 8316 8316 744 
415 341 1 9.5 341 28.8822 0.8525 0 0 0 8386 8386 745 
416 341 1 9.5 341 28.8822 0.8525 0 0 0 8457 8457 746 
417 341 1 9.5 341 28.8822 0.8525 0 0 0 8529 8529 747 
418 341 1 9.5 341 28.8822 0.8525 0 0 0 8600 8600 748 
419 341 1 9.5 341 28.8822 0.8525 0 0 0 8670 8670 749 
420 341 1 9.5 341 28.8822 0.8525 0 0 0 8740 8740 750 
421 341 1 9.5 341 28.0695 0.8525 0 0 0 8801 8801 758 
422 341 1 9.5 341 28.0695 0.8525 0 0 0 8860 8860 761 
423 341 1 9.5 341 28.0695 0.8525 0 0 0 8931 8931 763 
424 341 1 9.5 341 28.0695 0.8525 0 0 0 9005 9005 764 
425 342 1 9.5 342 29.0409 0.855 0 0 0 9081 9081 767 
426 342 1 9.5 342 29.0409 0.855 0 0 0 9157 9157 768 
427 342 1 9.5 342 29.0409 0.855 0 0 0 9234 9234 769 
428 342 1 9.5 342 29.0409 0.855 0 0 0 9312 9312 770 
429 342 1 9.5 342 29.0409 0.855 0 0 0 9389 9389 771 
430 342 1 9.5 342 29.0409 0.855 0 0 0 9466 9466 772 
431 342 1 9.5 342 29.02 0.855 0 0 0 9544 9544 774 
432 353 1 9.5 353 29.0333 0.8825 0 0 0 9622 9622 778 
433 355 1 9.5 355 33.4694 0.8875 0 0 0 9719 9719 795 
434 355 1 9.5 355 33.4694 0.8875 0 0 0 9819 9819 796 
435 355 1 9.5 355 32.8326 0.8875 0 0 0 9921 9921 800 
436 356 1 9.5 356 38.9025 0.89 0 0 0 10060 10060 814 
437 356 1 9.5 356 33.4419 0.89 0 0 0 10159 10159 817 
438 356 1 9.5 356 33.4419 0.89 0 0 0 10257 10257 818 
439 356 1 9.5 356 33.4419 0.89 0 0 0 10355 10355 819 
440 356 1 9.5 356 33.4419 0.89 0 0 0 10462 10462 820 
441 356 1 9.5 356 33.4419 0.89 0 0 0 10561 10561 821 
442 356 1 9.5 356 33.4419 0.89 0 0 0 10659 10659 822 
443 356 1 9.5 356 33.4419 0.89 0 0 0 10759 10759 823 
444 356 1 9.5 356 33.4419 0.89 0 0 0 10857 10857 824 
445 357 1 9.5 357 35.8293 0.8925 0 0 0 10972 10972 845 
446 358 1 9.5 358 35.7872 0.895 0 0 0 11062 11062 858 
447 358 1 9.5 358 35.7872 0.895 0 0 0 11200 11200 868 
448 358 1 9.5 358 35.6827 0.895 0 0 0 11336 11336 869 
449 358 1 9.5 358 35.6827 0.895 0 0 0 11481 11481 877 
450 358 1 9.5 358 35.6827 0.895 0 0 0 11629 11629 878 
451 358 1 9.5 358 35.6827 0.895 0 0 0 11775 11775 879 
452 358 1 9.5 358 35.6827 0.895 0 0 0 11920 11920 884 
453 358 1 9.5 358 35.6827 0.895 0 0 0 12088 12088 904 
454 358 1 9.5 358 35.082 0.895 0 0 0 12243 12243 925 
455 358 1 9.5 358 35.082 0.895 0 0 0 12398 12398 926 
456 358 1 9.5 358 35.082 0.895 0 0 0 12554 12554 927 
457 358 1 9.5 358 35.082 0.895 0 0 0 12709 12709 928 
458 358 1 9.5 358 35.082 0.895 0 0 0 12863 12863 929 
459 358 1 9.5 358 35.082 0.895 0 0 0 13018 13018 930 
460 358 1 9.5 358 35.082 0.895 0 0 0 13174 13174 931 
461 358 1 9.5 358 35.0538 0.895 0 0 0 13328 13328 933 
462 358 1 9.5 358 35.0538 0.895 0 0 0 13485 13485 934 
463 358 1 9.5 358 33.7897 0.895 0 0 0 13574 13574 943 
464 358 1 9.5 358 33.7897 0.895 0 0 0 13732 13732 944 
465 358 1 9.5 358 33.7897 0.895 0 0 0 13888 13888 946 
466 358 1 9.5 358 33.7897 0.895 0 0 0 14043 14043 947 
467 358 1 9.5 358 33.7897 0.895 0 0 0 14197 14197 949 
468 358 1 9.5 358 33.7897 0.895 0 0 0 14351 14351 952 
469 358 1 9.5 358 33.7897 0.895 0 0 0 14508 14508 957 
470 358 1 9.5 358 33.7897 0.895 0 0 0 14667 14667 960 
471 358 1 9.5 358 33.7897 0.895 0 0 0 14823 14823 961 
472 358 1 9.5 358 33.7897 0.895 0 0 0 14980 14980 964 
473 358 1 9.5 358 33.7897 0.895 0 0 0 15136 15136 965 
474 358 1 9.5 358 33.7897 0.895 0 0 0 15293 15293 966 
475 358 1 9.5 358 33.7897 0.895 0 0 0 15451 15451 967 
476 359 1 9.5 359 39.0131 0.8975 0 0 0 15562 15562 982 
477 359 1 9.5 359 39.0131 0.8975 0 0 0 15674 15674 990 
478 359 1 9.5 359 39.0131 0.8975 0 0 0 15784 15784 993 
479 359 1 9.5 359 39.0131 0.8975 0 0 0 15896 15896 996 
480 359 1 9.5 359 39.0131 0.8975 0 0 0 16007 16007 997 
481 359 1 9.5 359 39.0131 0.8975 0 0 0 16117 16117 998 
482 359 1 9.5 359 35.9536 0.8975 0 0 0 16229 16229 1004 
483 359 1 9.5 359 35.9536 0.8975 0 0 0 16342 16342 1005 
484 359 1 9.5 359 35.9536 0.8975 0 0 0 16456 16456 1006 
485 362 1 9.5 362 36.1112 0.905 0 0 0 16620 16620 1015 
486 362 1 9.5 362 36.1112 0.905 0 0 0 16783 16783 1021 
487 362 1 9.5 362 36.1112 0.905 0 0 0 16945 16945 1023 
488 362 1 9.5 362 36.1112 0.905 0 0 0 17106 17106 1027 
489 365 1 9.5 365 36.1303 0.9125 0 0 0 17280 17280 1031 
490 365 1 9.5 365 36.1303 0.9125 0 0 0 17442 17442 1038 
491 365 1 9.5 365 36.1303 0.9125 0 0 0 17614 17614 1041 
492 365 1 9.5 365 36.1303 0.9125 0 0 0 17787 17787 1042 
493 365 1 9.5 365 36.1303 0.9125 0 0 0 17961 17961 1043 
494 365 1 9.5 365 36.1303 0.9125 0 0 0 18133 18133 1049 
495 365 1 9.5 365 36.1303 0.9125 0 0 0 18300 18300 1050 
496 365 1 9.5 365 35.221 0.9125 0 0 0 18468 18468 1053 
497 365 1 9.5 365 35.221 0.9125 0 0 0 18653 18653 1060 
498 365 1 9.5 365 35.221 0.9125 0 0 0 18831 18831 1068 
499 365 1 9.5 365 35.221 0.9125 0 0 0 18945 18945 1076 
500 366 1 9.5 366 40.5442 0.915 0 0 0 19215 19215 1089 
501 366 1 9.5 366 40.5442 0.915 0 0 0 19576 19576 1098 
502 366 1 9.5 366 40.2865 0.915 0 0 0 19929 19929 1103 
503 366 1 9.5 366 40.2865 0.915 0 0 0 20285 20285 1104 
504 366 1 9.5 366 40.2865 0.915 0 0 0 20642 20642 1105 
505 366 1 9.5 366 40.2865 0.915 0 0 0 20835 20835 1116 
506 366 1 9.5 366 40.2865 0.915 0 0 0 20983 20983 1129 
507 367 1 9.5 367 44.8102 0.9175 0 0 0 21168 21168 1132 
508 367 1 9.5 367 44.8102 0.9175 0 0 0 21354 21354 1135 
509 367 1 9.5 367 42.2604 0.9175 0 0 0 21556 21556 1147 
510 367 1 9.5 367 41.8556 0.9175 0 0 0 21758 21758 1153 
511 367 1 9.5 367 41.8556 0.9175 0 0 0 21950 21950 1163 
512 367 1 9.5 367 41.8556 0.9175 0 0 0 22142 22142 1164 
513 367 1 9.5 367 41.8556 0.9175 0 0 0 22327 22327 1167 
514 367 1 9.5 367 41.8556 0.9175 0 0 0 22512 22512 1170 
515 367 1 9.5 367 41.8556 0.9175 0 0 0 22706 22706 1174 
516 367 1 9.5 367 41.8556 0.9175 0 0 0 22892 22892 1177 
517 367 1 9.5 367 41.8556 0.9175 0 0 0 23079 23079 1178 
518 367 1 9.5 367 41.8556 0.9175 0 0 0 23265 23265 1179 
519 368 1 9.5 368 41.1421 0.92 0 0 0 23550 23550 1188 
520 368 1 9.5 368 41.1421 0.92 0 0 0 23798 23798 1197 
521 368 1 9.5 368 41.1421 0.92 0 0 0 23996 23996 1203 
522 368 1 9.5 368 41.1421 0.92 0 0 0 24189 24189 1204 
523 368 1 9.5 368 38.6991 0.92 0 0 0 24371 24371 1215 
524 368 1 9.5 368 38.6991 0.92 0 0 0 24619 24619 1221 
525 368 1 9.5 368 38.6991 0.92 0 0 0 24815 24815 1223 
526 368 1 9.5 368 38.6991 0.92 0 0 0 25009 25009 1226 
527 368 1 9.5 368 38.6991 0.92 0 0 0 25204 25204 1227 
528 368 1 9.5 368 38.6991 0.92 0 0 0 25401 25401 1228 
529 369 1 9.5 369 40.9397 0.9225 0 0 0 25519 25519 1236 
530 369 1 9.5 369 40.9397 0.9225 0 0 0 25647 25647 1239 
531 370 1 9.5 370 46.898 0.925 0 0 0 25869 25869 1253 
532 370 1 9.5 370 46.898 0.925 0 0 0 26096 26096 1254 
533 370 1 9.5 370 46.898 0.925 0 0 0 26321 26321 1256 
534 370 1 9.5 370 46.2353 0.925 0 0 0 26688 26688 1268 
535 370 1 9.5 370 45.5999 0.925 0 0 0 27056 27056 1270 
536 370 1 9.5 370 45.5999 0.925 0 0 0 27273 27273 1271 
537 370 1 9.5 370 45.5999 0.925 0 0 0 27490 27490 1272 
538 370 1 9.5 370 45.5999 0.925 0 0 0 27716 27716 1273 
539 370 1 9.5 370 45.5999 0.925 0 0 0 27931 27931 1288 
540 370 1 9.5 370 45.5999 0.925 0 0 0 28206 28206 1294 
541 370 1 9.5 370 45.5999 0.925 0 0 0 28431 28431 1303 
542 370 1 9.5 370 45.5999 0.925 0 0 0 28649 28649 1305 
543 370 1 9.5 370 45.5999 0.925 0 0 0 28934 28934 1308 
544 370 1 9.5 370 45.5999 0.925 0 0 0 29212 29212 1311 
545 370 1 9.5 370 45.5999 0.925 0 0 0 29677 29677 1344 
546 370 1 9.5 370 45.5999 0.925 0 0 0 30143 30143 1354 
547 370 1 9.5 370 45.5999 0.925 0 0 0 30601 30601 1362 
548 371 1 9.5 371 49.0246 0.9275 0 0 0 31089 31089 1382 
549 371 1 9.5 371 48.2099 0.9275 0 0 0 31581 31581 1388 
550 371 1 9.5 371 38.7492 0.9275 0 0 0 32098 32098 1406 
551 371 1 9.5 371 38.7492 0.9275 0 0 0 32715 32715 1415 
552 371 1 9.5 371 38.5509 0.9275 0 0 0 33229 33229 1421 
553 371 1 9.5 371 38.5509 0.9275 0 0 0 33752 33752 1429 
554 371 1 9.5 371 38.5509 0.9275 0 0 0 34236 34236 1434 
555 371 1 9.5 371 38.5509 0.9275 0 0 0 34721 34721 1439 
556 371 1 9.5 371 38.5509 0.9275 0 0 0 35215 35215 1443 
557 371 1 9.5 371 38.5509 0.9275 0 0 0 35717 35717 1449 
558 371 1 9.5 371 38.5509 0.9275 0 0 0 36203 36203 1452 
559 371 1 9.5 371 38.5509 0.9275 0 0 0 36692 36692 1456 
560 371 1 9.5 371 38.5509 0.9275 0 0 0 37186 37186 1459 
561 371 1 9.5 371 38.5509 0.9275 0 0 0 37786 37786 1467 
562 371 1 9.5 371 38.5509 0.9275 0 0 0 38369 38369 1473 
563 371 1 9.5 371 38.5509 0.9275 0 0 0 38933 38933 1481 
564 371 1 9.5 371 38.5509 0.9275 0 0 0 39515 39515 1487 
565 371 1 9.5 371 38.5509 0.9275 0 0 0 40090 40090 1489 
566 371 1 9.5 371 38.5509 0.9275 0 0 0 40667 40667 1492 
567 371 1 9.5 371 38.5509 0.9275 0 0 0 41252 41252 1501 
568 371 1 9.5 371 38.5509 0.9275 0 0 0 41820 41820 1513 
569 371 1 9.5 371 38.5509 0.9275 0 0 0 42396 42396 1518 
570 371 1 9.5 371 38.5509 0.9275 0 0 0 42979 42979 1520 
571 371 1 9.5 371 38.5509 0.9275 0 0 0 43561 43561 1521 
572 371 1 9.5 371 38.5509 0.9275 0 0 0 44146 44146 1523 
573 371 1 9.5 371 38.5509 0.9275 0 0 0 44742 44742 1525 
574 371 1 9.5 371 38.5509 0.9275 0 0 0 45343 45343 1527 
575 371 1 9.5 371 38.5509 0.9275 0 0 0 45938 45938 1529 
576 371 1 9.5 371 38.5509 0.9275 0 0 0 46535 46535 1537 
577 372 1 9.5 372 41.9356 0.93 0 0 0 47007 47007 1539 
578 372 1 9.5 372 41.5226 0.93 0 0 0 47472 47472 1540 
579 372 1 9.5 372 41.5226 0.93 0 0 0 47941 47941 1541 
580 372 1 9.5 372 41.5226 0.93 0 0 0 48422 48422 1553 
581 372 1 9.5 372 41.5226 0.93 0 0 0 48901 48901 1556 
582 372 1 9.5 372 41.5226 0.93 0 0 0 49501 49501 1562 
583 372 1 9.5 372 41.5226 0.93 0 0 0 49803 49803 1576 
584 372 1 9.5 372 41.5226 0.93 0 0 0 50129 50129 1582 
585 372 1 9.5 372 41.5226 0.93 0 0 0 50444 50444 1589 
586 372 1 9.5 372 41.5226 0.93 0 0 0 50745 50745 1598 
587 372 1 9.5 372 41.5226 0.93 0 0 0 51060 51060 1608 
588 372 1 9.5 372 41.5226 0.93 0 0 0 51453 51453 1618 
589 372 1 9.5 372 41.5226 0.93 0 0 0 51749 51749 1628 
590 372 1 9.5 372 41.5226 0.93 0 0 0 52096 52096 1633 
591 372 1 9.5 372 41.5226 0.93 0 0 0 52485 52485 1636 
592 372 1 9.5 372 41.5226 0.93 0 0 0 52871 52871 1642 
593 372 1 9.5 372 41.5226 0.93 0 0 0 53258 53258 1643 
594 372 1 9.5 372 41.5226 0.93 0 0 0 53945 53945 1652 
595 372 1 9.5 372 41.5226 0.93 0 0 0 54326 54326 1667 
596 372 1 9.5 372 41.5226 0.93 0 0 0 54693 54693 1673 
597 372 1 9.5 372 41.5226 0.93 0 0 0 55064 55064 1676 
598 372 1 9.5 372 41.5226 0.93 0 0 0 55428 55428 1681 
599 372 1 9.5 372 41.5226 0.93 0 0 0 55766 55766 1684 
600 372 1 9.5 372 41.5226 0.93 0 0 0 56097 56097 1689 
601 372 1 9.5 372 41.5226 0.93 0 0 0 56434 56434 1692 
602 372 1 9.5 372 41.5226 0.93 0 0 0 56744 56744 1694 
603 372 1 9.5 372 41.5226 0.93 0 0 0 57267 57267 1700 
604 372 1 9.5 372 41.5226 0.93 0 0 0 57613 57613 1711 
605 372 1 9.5 372 41.5226 0.93 0 0 0 57953 57953 1719 
606 372 1 9.5 372 41.5226 0.93 0 0 0 58354 58354 1723 
607 372 1 9.5 372 41.5226 0.93 0 0 0 58765 58765 1728 
608 372 1 9.5 372 41.5226 0.93 0 0 0 59180 59180 1732 
609 372 1 9.5 372 41.5226 0.93 0 0 0 59613 59613 1738 
610 372 1 9.5 372 41.5226 0.93 0 0 0 60038 60038 1742 
611 372 1 9.5 372 41.5226 0.93 0 0 0 60409 60409 1752 
612 372 1 9.5 372 41.5226 0.93 0 0 0 60837 60837 1759 
613 372 1 9.5 372 41.5226 0.93 0 0 0 61313 61313 1768 
614 372 1 9.5 372 41.5226 0.93 0 0 0 61742 61742 1772 
615 372 1 9.5 372 41.5226 0.93 0 0 0 62337 62337 1780 
616 372 1 9.5 372 41.5226 0.93 0 0 0 62885 62885 1787 
617 372 1 9.5 372 41.5226 0.93 0 0 0 63413 63413 1789 
618 372 1 9.5 372 41.5226 0.93 0 0 0 63800 63800 1795 
619 372 1 9.5 372 41.5226 0.93 0 0 0 64106 64106 1806 
620 372 1 9.5 372 41.5226 0.93 0 0 0 64488 64488 1829 
621 372 1 9.5 372 41.5226 0.93 0 0 0 64875 64875 1831 
622 372 1 9.5 372 41.5226 0.93 0 0 0 65359 65359 1833 
623 372 1 9.5 372 41.5226 0.93 0 0 0 65835 65835 1836 
624 372 1 9.5 372 41.5226 0.93 0 0 0 66333 66333 1841 
625 373 1 9.5 373 50.1851 0.9325 0 0 0 66882 66882 1855 
626 373 1 9.5 373 50.1851 0.9325 0 0 0 67402 67402 1862 
627 373 1 9.5 373 48.6259 0.9325 0 0 0 67674 67674 1874 
628 373 1 9.5 373 48.6259 0.9325 0 0 0 68225 68225 1886 
629 376 1 9.5 376 49.3023 0.94 0 0 0 68787 68787 1902 
630 376 1 9.5 376 49.3023 0.94 0 0 0 69117 69117 1915 
631 376 1 9.5 376 46.3084 0.94 0 0 0 69997 69997 1920 
632 376 1 9.5 376 46.3084 0.94 0 0 0 70671 70671 1930 
633 376 1 9.5 376 46.3084 0.94 0 0 0 71285 71285 1932 
634 379 1 9.5 379 46.3431 0.9475 0 0 0 71932 71932 1936 
635 379 1 9.5 379 46.3431 0.9475 0 0 0 72531 72531 1945 
636 379 1 9.5 379 46.3431 0.9475 0 0 0 72822 72822 1955 
637 379 1 9.5 379 46.3431 0.9475 0 0 0 73301 73301 1960 
638 379 1 9.5 379 46.3431 0.9475 0 0 0 73583 73583 1966 
639 379 1 9.5 379 46.3431 0.9475 0 0 0 73872 73872 1969 
640 379 1 9.5 379 46.3431 0.9475 0 0 0 74160 74160 1971 
641 379 1 9.5 379 45.1661 0.9475 0 0 0 74348 74348 1982 
642 382 1 9.5 382 45.0723 0.955 0 0 0 74535 74535 1984 
643 385 1 9.5 385 45.1211 0.9625 0 0 0 74723 74723 1990 
644 385 1 9.5 385 45.1211 0.9625 0 0 0 75307 75307 2001 
645 388 1 9.5 388 50.3834 0.97 0 0 0 76074 76074 2019 
646 388 1 9.5 388 50.3834 0.97 0 0 0 77013 77013 2035 
647 388 1 9.5 388 50.3834 0.97 0 0 0 77758 77758 2045 
648 388 1 9.5 388 50.3834 0.97 0 0 0 78465 78465 2049 
649 388 1 9.5 388 50.3834 0.97 0 0 0 79182 79182 2052 
650 388 1 9.5 388 48.2844 0.97 0 0 0 79690 79690 2059 
651 388 1 9.5 388 48.2844 0.97 0 0 0 80073 80073 2067 
652 388 1 9.5 388 48.2844 0.97 0 0 0 80668 80668 2071 
653 388 1 9.5 388 46.3485 0.97 0 0 0 81331 81331 2073 
654 388 1 9.5 388 46.3485 0.97 0 0 0 82066 82066 2079 
655 388 1 9.5 388 46.3485 0.97 0 0 0 82629 82629 2088 
656 388 1 9.5 388 46.3485 0.97 0 0 0 83523 83523 2097 
657 388 1 9.5 388 46.3485 0.97 0 0 0 84078 84078 2107 
658 388 1 9.5 388 46.3485 0.97 0 0 0 84387 84387 2121 
659 388 1 9.5 388 46.3485 0.97 0 0 0 84907 84907 2125 
660 388 1 9.5 388 46.3485 0.97 0 0 0 85485 85485 2132 
661 388 1 9.5 388 46.3485 0.97 0 0 0 86027 86027 2136 
662 388 1 9.5 388 46.3485 0.97 0 0 0 86317 86317 2143 
663 388 1 9.5 388 46.3485 0.97 0 0 0 86756 86756 2154 
664 388 1 9.5 388 46.3485 0.97 0 0 0 87395 87395 2157 
665 388 1 9.5 388 46.3485 0.97 0 0 0 88028 88028 2158 
666 388 1 9.5 388 46.3485 0.97 0 0 0 88608 88608 2159 
667 388 1 9.5 388 46.3485 0.97 0 0 0 88967 88967 2165 
668 388 1 9.5 388 46.3485 0.97 0 0 0 89285 89285 2169 
669 388 1 9.5 388 46.3485 0.97 0 0 0 89600 89600 2173 
670 388 1 9.5 388 46.3485 0.97 0 0 0 89920 89920 2176 
671 388 1 9.5 388 46.3485 0.97 0 0 0 90493 90493 2179 
672 389 1 9.5 389 48.1284 0.9725 0 0 0 91050 91050 2183 
673 389 1 9.5 389 48.1284 0.9725 0 0 0 91422 91422 2202 
674 389 1 9.5 389 48.1284 0.9725 0 0 0 91916 91916 2211 
675 389 1 9.5 389 48.1284 0.9725 0 0 0 92411 92411 2213 
676 389 1 9.5 389 48.1284 0.9725 0 0 0 92910 92910 2216 
677 389 1 9.5 389 48.1284 0.9725 0 0 0 93565 93565 2223 
678 389 1 9.5 389 48.1284 0.9725 0 0 0 94135 94135 2228 
679 389 1 9.5 389 48.1284 0.9725 0 0 0 94632 94632 2229 
680 389 1 9.5 389 48.1284 0.9725 0 0 0 95129 95129 2231 
681 389 1 9.5 389 48.1284 0.9725 0 0 0 95647 95647 2232 
682 389 1 9.5 389 48.1284 0.9725 0 0 0 96106 96106 2237 
683 389 1 9.5 389 48.1284 0.9725 0 0 0 96525 96525 2245 
684 389 1 9.5 389 48.1284 0.9725 0 0 0 97346 97346 2251 
685 389 1 9.5 389 48.1284 0.9725 0 0 0 98103 98103 2261 
686 389 1 9.5 389 48.1284 0.9725 0 0 0 98844 98844 2262 
687 389 1 9.5 389 44.8947 0.9725 0 0 0 99110 99110 2267 
688 389 1 9.5 389 44.8947 0.9725 0 0 0 99417 99417 2270 
689 389 1 9.5 389 44.8947 0.9725 0 0 0 99722 99722 2271 
690 389 1 9.5 389 44.8947 0.9725 0 0 0 100298 100298 2272 
691 389 1 9.5 389 44.8947 0.9725 0 0 0 100822 100822 2281 
692 389 1 9.5 389 44.8947 0.9725 0 0 0 101392 101392 2282 
693 389 1 9.5 389 44.8947 0.9725 0 0 0 101978 101978 2287 
694 389 1 9.5 389 44.8947 0.9725 0 0 0 102513 102513 2293 
695 389 1 9.5 389 44.8947 0.9725 0 0 0 103051 103051 2301 
696 389 1 9.5 389 44.8947 0.9725 0 0 0 103448 103448 2308 
697 389 1 9.5 389 44.8947 0.9725 0 0 0 104050 104050 2313 
698 389 1 9.5 389 44.8947 0.9725 0 0 0 104643 104643 2316 
699 389 1 9.5 389 44.8947 0.9725 0 0 0 104983 104983 2325 
700 389 1 9.5 389 44.8947 0.9725 0 0 0 105491 105491 2327 
701 389 1 9.5 389 44.8947 0.9725 0 0 0 106001 106001 2332 
702 389 1 9.5 389 44.8947 0.9725 0 0 0 106600 106600 2334 
703 389 1 9.5 389 44.8947 0.9725 0 0 0 107129 107129 2339 
704 389 1 9.5 389 44.8947 0.9725 0 0 0 107656 107656 2344 
705 389 1 9.5 389 44.8947 0.9725 0 0 0 108166 108166 2347 
706 389 1 9.5 389 44.8947 0.9725 0 0 0 108771 108771 2350 
707 389 1 9.5 389 44.8947 0.9725 0 0 0 109498 109498 2378 
708 389 1 9.5 389 44.8947 0.9725 0 0 0 110486 110486 2387 
709 389 1 9.5 389 44.8947 0.9725 0 0 0 111345 111345 2394 
710 389 1 9.5 389 44.8947 0.9725 0 0 0 112190 112190 2396 
711 389 1 9.5 389 44.8947 0.9725 0 0 0 113120 113120 2401 
712 389 1 9.5 389 44.8947 0.9725 0 0 0 113990 113990 2403 
713 389 1 9.5 389 44.8947 0.9725 0 0 0 114868 114868 2406 
714 389 1 9.5 389 44.8947 0.9725 0 0 0 115724 115724 2407 
715 389 1 9.5 389 44.8947 0.9725 0 0 0 116596 116596 2408 
716 389 1 9.5 389 44.8947 0.9725 0 0 0 117425 117425 2410 
717 389 1 9.5 389 44.8947 0.9725 0 0 0 118283 118283 2411 
718 389 1 9.5 389 44.8947 0.9725 0 0 0 119147 119147 2412 
719 389 1 9.5 389 44.8947 0.9725 0 0 0 119936 119936 2415 
720 389 1 9.5 389 44.8947 0.9725 0 0 0 120800 120800 2416 
721 389 1 9.5 389 44.8947 0.9725 0 0 0 121576 121576 2422 
722 389 1 9.5 389 44.8947 0.9725 0 0 0 122355 122355 2425 
723 389 1 9.5 389 44.8947 0.9725 0 0 0 123216 123216 2426 
724 389 1 9.5 389 44.8947 0.9725 0 0 0 124081 124081 2429 
725 389 1 9.5 389 44.8947 0.9725 0 0 0 124870 124870 2432 
726 389 1 9.5 389 44.8947 0.9725 0 0 0 125652 125652 2437 
727 389 1 9.5 389 44.8947 0.9725 0 0 0 126559 126559 2438 
728 389 1 9.5 389 44.8947 0.9725 0 0 0 127428 127428 2439 
729 389 1 9.5 389 44.8947 0.9725 0 0 0 128046 128046 2443 
730 389 1 9.5 389 44.8947 0.9725 0 0 0 128845 128845 2446 
731 389 1 9.5 389 44.8947 0.9725 0 0 0 129730 129730 2447 
732 389 1 9.5 389 44.8947 0.9725 0 0 0 130671 130671 2450 
733 389 1 9.5 389 44.8947 0.9725 0 0 0 131101 131101 2457 
734 389 1 9.5 389 44.8947 0.9725 0 0 0 131532 131532 2460 
735 389 1 9.5 389 44.8947 0.9725 0 0 0 131959 131959 2466 
736 389 1 9.5 389 44.8947 0.9725 0 0 0 132386 132386 2471 
737 389 1 9.5 389 44.8947 0.9725 0 0 0 132811 132811 2477 
738 389 1 9.5 389 44.8947 0.9725 0 0 0 133236 133236 2479 
739 389 1 9.5 389 44.8947 0.9725 0 0 0 133659 133659 2480 
740 389 1 9.5 389 44.8947 0.9725 0 0 0 134083 134083 2481 
741 389 1 9.5 389 44.8947 0.9725 0 0 0 134507 134507 2486 
742 389 1 9.5 389 44.8947 0.9725 0 0 0 135067 135067 2492 
743 389 1 9.5 389 44.8947 0.9725 0 0 0 135494 135494 2493 
744 389 1 9.5 389 44.8947 0.9725 0 0 0 136089 136089 2512 
745 389 1 9.5 389 44.8947 0.9725 0 0 0 136520 136520 2519 
746 389 1 9.5 389 44.8947 0.9725 0 0 0 137465 137465 2524 
747 389 1 9.5 389 44.8947 0.9725 0 0 0 137894 137894 2528 
748 389 1 9.5 389 44.8947 0.9725 0 0 0 138507 138507 2542 
749 389 1 9.5 389 44.8947 0.9725 0 0 0 138932 138932 2545 
750 389 1 9.5 389 44.8947 0.9725 0 0 0 139360 139360 2549 
751 389 1 9.5 389 44.8947 0.9725 0 0 0 140428 140428 2563 
752 389 1 9.5 389 44.8947 0.9725 0 0 0 140855 140855 2569 
753 389 1 9.5 389 44.8947 0.9725 0 0 0 141764 141764 2573 
754 389 1 9.5 389 44.8947 0.9725 0 0 0 142405 142405 2579 
755 389 1 9.5 389 44.8947 0.9725 0 0 0 142832 142832 2582 
756 389 1 9.5 389 44.8947 0.9725 0 0 0 143260 143260 2586 
757 389 1 9.5 389 44.8947 0.9725 0 0 0 143673 143673 2611 
758 389 1 9.5 389 44.8947 0.9725 0 0 0 144063 144063 2625 
759 389 1 9.5 389 44.8947 0.9725 0 0 0 144442 144442 2636 
760 389 1 9.5 389 44.8947 0.9725 0 0 0 144805 144805 2643 
761 389 1 9.5 389 44.8947 0.9725 0 0 0 145382 145382 2658 
762 389 1 9.5 389 44.8947 0.9725 0 0 0 145783 145783 2665 
763 389 1 9.5 389 44.8947 0.9725 0 0 0 146189 146189 2672 
764 389 1 9.5 389 44.8947 0.9725 0 0 0 146844 146844 2678 
765 389 1 9.5 389 44.8947 0.9725 0 0 0 147589 147589 2697 
766 389 1 9.5 389 44.8947 0.9725 0 0 0 147929 147929 2703 
767 389 1 9.5 389 44.8947 0.9725 0 0 0 148337 148337 2706 
768 389 1 9.5 389 44.8947 0.9725 0 0 0 148939 148939 2720 
769 389 1 9.5 389 44.8947 0.9725 0 0 0 149361 149361 2727 
770 389 1 9.5 389 44.8947 0.9725 0 0 0 149836 149836 2731 
771 389 1 9.5 389 44.8947 0.9725 0 0 0 150258 150258 2734 
772 389 1 9.5 389 44.8947 0.9725 0 0 0 150660 150660 2742 
773 389 1 9.5 389 44.8947 0.9725 0 0 0 151242 151242 2752 
774 389 1 9.5 389 44.8947 0.9725 0 0 0 151658 151658 2760 
775 389 1 9.5 389 44.8947 0.9725 0 0 0 152059 152059 2763 
776 389 1 9.5 389 44.8947 0.9725 0 0 0 152735 152735 2769 
777 389 1 9.5 389 44.8947 0.9725 0 0 0 153166 153166 2773 
778 389 1 9.5 389 44.8947 0.9725 0 0 0 154511 154511 2787 
779 389 1 9.5 389 44.8947 0.9725 0 0 0 154955 154955 2794 
780 389 1 9.5 389 44.8947 0.9725 0 0 0 155288 155288 2801 
781 389 1 9.5 389 44.8947 0.9725 0 0 0 155740 155740 2808 
782 389 1 9.5 389 44.8947 0.9725 0 0 0 156265 156265 2827 
783 389 1 9.5 389 44.8947 0.9725 0 0 0 157080 157080 2838 
784 389 1 9.5 389 44.8947 0.9725 0 0 0 157860 157860 2843 
785 389 1 9.5 389 44.8947 0.9725 0 0 0 158719 158719 2846 
786 389 1 9.5 389 44.8947 0.9725 0 0 0 159439 159439 2852 
787 389 1 9.5 389 44.8947 0.9725 0 0 0 160177 160177 2859 
788 389 1 9.5 389 44.8947 0.9725 0 0 0 160578 160578 2862 
789 389 1 9.5 389 44.8947 0.9725 0 0 0 161250 161250 2866 
790 389 1 9.5 389 44.8947 0.9725 0 0 0 161947 161947 2877 
791 389 1 9.5 389 44.8947 0.9725 0 0 0 162386 162386 2879 
792 389 1 9.5 389 44.8947 0.9725 0 0 0 162849 162849 2883 
793 389 1 9.5 389 44.8947 0.9725 0 0 0 164030 164030 2904 
794 389 1 9.5 389 44.8947 0.9725 0 0 0 164624 164624 2916 
795 389 1 9.5 389 44.8947 0.9725 0 0 0 165052 165052 2922 
796 389 1 9.5 389 44.8947 0.9725 0 0 0 165810 165810 2927 
797 389 1 9.5 389 44.8947 0.9725 0 0 0 166586 166586 2933 
798 389 1 9.5 389 44.8947 0.9725 0 0 0 167388 167388 2944 
799 389 1 9.5 389 44.8947 0.9725 0 0 0 167801 167801 2948 
800 389 1 9.5 389 44.8947 0.9725 0 0 0 168483 168483 2953 
801 389 1 9.5 389 44.8947 0.9725 0 0 0 168929 168929 2954 
802 389 1 9.5 389 44.8947 0.9725 0 0 0 169357 169357 2961 
803 389 1 9.5 389 44.8947 0.9725 0 0 0 169870 169870 2970 
804 389 1 9.5 389 44.8947 0.9725 0 0 0 170614 170614 2985 
805 389 1 9.5 389 44.8947 0.9725 0 0 0 171458 171458 2999 
806 389 1 9.5 389 44.8947 0.9725 0 0 0 172165 172165 3015 
807 389 1 9.5 389 44.8947 0.9725 0 0 0 172674 172674 3027 
808 389 1 9.5 389 44.8947 0.9725 0 0 0 173913 173913 3035 
809 389 1 9.5 389 44.8947 0.9725 0 0 0 174443 174443 3038 
810 389 1 9.5 389 44.8947 0.9725 0 0 0 175251 175251 3044 
811 389 1 9.5 389 44.8947 0.9725 0 0 0 175859 175859 3057 
812 389 1 9.5 389 44.8947 0.9725 0 0 0 176994 176994 3063 
813 389 1 9.5 389 44.8947 0.9725 0 0 0 177833 177833 3067 
814 389 1 9.5 389 44.8947 0.9725 0 0 0 178786 178786 3076 
815 389 1 9.5 389 44.8947 0.9725 0 0 0 179486 179486 3088 
816 389 1 9.5 389 44.8947 0.9725 0 0 0 180445 180445 3092 
817 389 1 9.5 389 44.8947 0.9725 0 0 0 181312 181312 3102 
818 389 1 9.5 389 44.8947 0.9725 0 0 0 182041 182041 3109 
819 389 1 9.5 389 44.8947 0.9725 0 0 0 182848 182848 3114 
820 389 1 9.5 389 44.8947 0.9725 0 0 0 183524 183524 3116 
821 389 1 9.5 389 44.8947 0.9725 0 0 0 184202 184202 3118 
822 389 1 9.5 389 44.8947 0.9725 0 0 0 185186 185186 3119 
823 392 1 9.5 392 52.8269 0.98 0 0 0 186131 186131 3124 
824 392 1 9.5 392 52.8269 0.98 0 0 0 187072 187072 3128 
825 392 1 9.5 392 52.8269 0.98 0 0 0 188513 188513 3139 
826 392 1 9.5 392 52.8269 0.98 0 0 0 189513 189513 3145 
827 392 1 9.5 392 52.8269 0.98 0 0 0 190468 190468 3149 
828 392 1 9.5 392 52.8269 0.98 0 0 0 191415 191415 3152 
829 392 1 9.5 392 52.8269 0.98 0 0 0 192340 192340 3154 
830 392 1 9.5 392 52.8269 0.98 0 0 0 193231 193231 3157 
831 392 1 9.5 392 52.8269 0.98 0 0 0 194110 194110 3161 
832 392 1 9.5 392 52.8269 0.98 0 0 0 195047 195047 3164 
833 392 1 9.5 392 52.8269 0.98 0 0 0 195976 195976 3166 
834 392 1 9.5 392 52.8269 0.98 0 0 0 196830 196830 3173 
835 392 1 9.5 392 52.8269 0.98 0 0 0 197745 197745 3175 
836 392 1 9.5 392 52.8269 0.98 0 0 0 198670 198670 3176 
837 392 1 9.5 392 52.8269 0.98 0 0 0 199803 199803 3178 
838 392 1 9.5 392 52.8269 0.98 0 0 0 201256 201256 3183 
839 392 1 9.5 392 52.8269 0.98 0 0 0 202130 202130 3184 
840 392 1 9.5 392 52.8269 0.98 0 0 0 203081 203081 3185 
841 392 1 9.5 392 52.8269 0.98 0 0 0 204014 204014 3186 
842 392 1 9.5 392 52.8269 0.98 0 0 0 204950 204950 3188 
843 392 1 9.5 392 52.8269 0.98 0 0 0 205886 205886 3189 
844 392 1 9.5 392 52.8269 0.98 0 0 0 206712 206712 3193 
845 392 1 9.5 392 50.5845 0.98 0 0 0 207977 207977 3196 
846 392 1 9.5 392 50.5845 0.98 0 0 0 208710 208710 3203 
847 392 1 9.5 392 46.562 0.98 0 0 0 209848 209848 3209 
848 392 1 9.5 392 46.562 0.98 0 0 0 210784 210784 3211 
849 392 1 9.5 392 46.562 0.98 0 0 0 211283 211283 3218 
850 392 1 9.5 392 46.562 0.98 0 0 0 212254 212254 3219 
851 392 1 9.5 392 46.562 0.98 0 0 0 213040 213040 3221 
852 392 1 9.5 392 46.562 0.98 0 0 0 214012 214012 3223 
853 392 1 9.5 392 46.562 0.98 0 0 0 214934 214934 3226 
854 392 1 9.5 392 46.562 0.98 0 0 0 215412 215412 3230 
855 392 1 9.5 392 46.562 0.98 0 0 0 215910 215910 3233 
856 392 1 9.5 392 46.562 0.98 0 0 0 216431 216431 3235 
857 392 1 9.5 392 46.562 0.98 0 0 0 216899 216899 3237 
858 392 1 9.5 392 46.562 0.98 0 0 0 217896 217896 3247 
859 392 1 9.5 392 46.562 0.98 0 0 0 219019 219019 3249 
860 392 1 9.5 392 46.562 0.98 0 0 0 220076 220076 3250 
861 394 1 9.5 394 53.1466 0.985 0 0 0 220905 220905 3259 
862 394 1 9.5 394 51.2547 0.985 0 0 0 221679 221679 3266 
863 394 1 9.5 394 50.5126 0.985 0 0 0 222176 222176 3268 
864 394 1 9.5 394 50.5126 0.985 0 0 0 222671 222671 3272 
865 394 1 9.5 394 50.5126 0.985 0 0 0 223188 223188 3278 
866 394 1 9.5 394 50.5126 0.985 0 0 0 223691 223691 3288 
867 394 1 9.5 394 50.5126 0.985 0 0 0 224191 224191 3292 
868 394 1 9.5 394 50.5126 0.985 0 0 0 224684 224684 3294 
869 394 1 9.5 394 50.5126 0.985 0 0 0 225179 225179 3298 
870 394 1 9.5 394 50.5126 0.985 0 0 0 225669 225669 3301 
871 394 1 9.5 394 50.5126 0.985 0 0 0 226214 226214 3313 
872 394 1 9.5 394 50.5126 0.985 0 0 0 226712 226712 3314 
873 394 1 9.5 394 50.5126 0.985 0 0 0 227204 227204 3317 
874 394 1 9.5 394 50.5126 0.985 0 0 0 227707 227707 3318 
875 394 1 9.5 394 50.5126 0.985 0 0 0 228195 228195 3319 
876 394 1 9.5 394 50.5126 0.985 0 0 0 228843 228843 3323 
877 394 1 9.5 394 50.5126 0.985 0 0 0 229350 229350 3324 
878 394 1 9.5 394 50.5126 0.985 0 0 0 229865 229865 3333 
879 394 1 9.5 394 50.5126 0.985 0 0 0 230375 230375 3337 
880 394 1 9.5 394 50.5126 0.985 0 0 0 230889 230889 3338 
881 394 1 9.5 394 50.5126 0.985 0 0 0 231393 231393 3339 
882 394 1 9.5 394 50.5126 0.985 0 0 0 231913 231913 3342 
883 394 1 9.5 394 50.5126 0.985 0 0 0 232424 232424 3343 
884 394 1 9.5 394 50.5126 0.985 0 0 0 232932 232932 3344 
885 394 1 9.5 394 50.5126 0.985 0 0 0 233451 233451 3345 
886 394 1 9.5 394 50.5126 0.985 0 0 0 233964 233964 3346 
887 394 1 9.5 394 50.5126 0.985 0 0 0 234479 234479 3347 
888 394 1 9.5 394 50.5126 0.985 0 0 0 235009 235009 3352 
889 394 1 9.5 394 50.5126 0.985 0 0 0 235532 235532 3356 
890 394 1 9.5 394 50.5126 0.985 0 0 0 236033 236033 3358 
891 394 1 9.5 394 50.5126 0.985 0 0 0 236643 236643 3362 
892 394 1 9.5 394 50.5126 0.985 0 0 0 237160 237160 3368 
893 394 1 9.5 394 50.5126 0.985 0 0 0 237668 237668 3371 
894 394 1 9.5 394 50.5126 0.985 0 0 0 238207 238207 3374 
895 394 1 9.5 394 50.5126 0.985 0 0 0 238802 238802 3377 
896 394 1 9.5 394 50.5126 0.985 0 0 0 239454 239454 3379 
897 394 1 9.5 394 50.5126 0.985 0 0 0 240154 240154 3387 
898 394 1 9.5 394 50.5126 0.985 0 0 0 240948 240948 3397 
899 394 1 9.5 394 50.5126 0.985 0 0 0 241605 241605 3410 
900 394 1 9.5 394 50.5126 0.985 0 0 0 242617 242617 3417 
901 394 1 9.5 394 50.5126 0.985 0 0 0 243118 243118 3424 
902 394 1 9.5 394 50.5126 0.985 0 0 0 243823 243823 3430 
903 394 1 9.5 394 50.5126 0.985 0 0 0 244397 244397 3435 
904 394 1 9.5 394 50.5126 0.985 0 0 0 244943 244943 3441 
905 394 1 9.5 394 50.5126 0.985 0 0 0 245481 245481 3443 
906 394 1 9.5 394 50.5126 0.985 0 0 0 245968 245968 3448 
907 394 1 9.5 394 50.5126 0.985 0 0 0 246573 246573 3454 
908 394 1 9.5 394 50.5126 0.985 0 0 0 247123 247123 3455 
909 394 1 9.5 394 50.5126 0.985 0 0 0 247870 247870 3459 
910 394 1 9.5 394 50.5126 0.985 0 0 0 248418 248418 3464 
911 394 1 9.5 394 50.5126 0.985 0 0 0 250395 250395 3471 
912 395 1 9.5 395 59.2706 0.9875 0 0 0 251770 251770 3486 
913 395 1 9.5 395 53.7294 0.9875 0 0 0 254040 254040 3497 
914 395 1 9.5 395 52.7442 0.9875 0 0 0 255621 255621 3506 
915 395 1 9.5 395 52.7442 0.9875 0 0 0 256406 256406 3520 
916 395 1 9.5 395 49.1111 0.9875 0 0 0 258689 258689 3526 
917 395 1 9.5 395 49.1111 0.9875 0 0 0 259707 259707 3541 
918 395 1 9.5 395 49.1111 0.9875 0 0 0 261384 261384 3555 
919 395 1 9.5 395 49.1111 0.9875 0 0 0 263368 263368 3569 
920 395 1 9.5 395 49.1111 0.9875 0 0 0 264202 264202 3580 
921 395 1 9.5 395 49.1111 0.9875 0 0 0 265414 265414 3589 
922 395 1 9.5 395 49.1111 0.9875 0 0 0 267208 267208 3595 
923 395 1 9.5 395 49.1111 0.9875 0 0 0 268244 268244 3605 
924 395 1 9.5 395 49.1111 0.9875 0 0 0 270235 270235 3620 
925 395 1 9.5 395 49.1111 0.9875 0 0 0 271141 271141 3626 
926 395 1 9.5 395 49.1111 0.9875 0 0 0 272676 272676 3633 
927 395 1 9.5 395 49.1111 0.9875 0 0 0 274583 274583 3643 
928 395 1 9.5 395 49.1111 0.9875 0 0 0 275301 275301 3652 
929 395 1 9.5 395 49.1111 0.9875 0 0 0 277060 277060 3658 
930 395 1 9.5 395 49.1111 0.9875 0 0 0 278269 278269 3668 
931 395 1 9.5 395 49.1111 0.9875 0 0 0 279473 279473 3680 
932 395 1 9.5 395 49.1111 0.9875 0 0 0 280335 280335 3686 
933 395 1 9.5 395 49.1111 0.9875 0 0 0 281168 281168 3699 
934 395 1 9.5 395 49.1111 0.9875 0 0 0 281872 281872 3707 
935 395 1 9.5 395 49.1111 0.9875 0 0 0 282562 282562 3711 
936 395 1 9.5 395 49.1111 0.9875 0 0 0 283276 283276 3712 
937 395 1 9.5 395 49.1111 0.9875 0 0 0 284086 284086 3714 
938 395 1 9.5 395 49.1111 0.9875 0 0 0 284818 284818 3715 
939 395 1 9.5 395 49.1111 0.9875 0 0 0 285789 285789 3723 
940 395 1 9.5 395 49.1111 0.9875 0 0 0 287061 287061 3733 
941 395 1 9.5 395 49.1111 0.9875 0 0 0 287938 287938 3740 
942 395 1 9.5 395 49.1111 0.9875 0 0 0 288347 288347 3745 
943 395 1 9.5 395 49.1111 0.9875 0 0 0 289358 289358 3751 
944 395 1 9.5 395 49.1111 0.9875 0 0 0 289946 289946 3756 
945 395 1 9.5 395 49.1111 0.9875 0 0 0 290540 290540 3760 
946 395 1 9.5 395 49.1111 0.9875 0 0 0 291524 291524 3769 
947 395 1 9.5 395 49.1111 0.9875 0 0 0 292238 292238 3772 
948 395 1 9.5 395 49.1111 0.9875 0 0 0 293112 293112 3773 
949 395 1 9.5 395 49.1111 0.9875 0 0 0 293999 293999 3775 
950 395 1 9.5 395 49.1111 0.9875 0 0 0 294721 294721 3787 
951 395 1 9.5 395 49.1111 0.9875 0 0 0 295709 295709 3794 
952 395 1 9.5 395 49.1111 0.9875 0 0 0 296645 296645 3795 
953 395 1 9.5 395 49.1111 0.9875 0 0 0 297523 297523 3796 
954 395 1 9.5 395 49.1111 0.9875 0 0 0 298071 298071 3800 
955 395 1 9.5 395 49.1111 0.9875 0 0 0 298687 298687 3805 
956 395 1 9.5 395 49.1111 0.9875 0 0 0 299390 299390 3809 
957 395 1 9.5 395 49.1111 0.9875 0 0 0 300251 300251 3812 
958 395 1 9.5 395 49.1111 0.9875 0 0 0 301174 301174 3817 
959 395 1 9.5 395 49.1111 0.9875 0 0 0 302180 302180 3820 
960 395 1 9.5 395 49.1111 0.9875 0 0 0 302802 302802 3822 
961 395 1 9.5 395 49.1111 0.9875 0 0 0 303742 303742 3823 
962 395 1 9.5 395 49.1111 0.9875 0 0 0 304943 304943 3824 
963 395 1 9.5 395 49.1111 0.9875 0 0 0 305557 305557 3827 
964 395 1 9.5 395 49.1111 0.9875 0 0 0 306163 306163 3829 
965 395 1 9.5 395 49.1111 0.9875 0 0 0 306802 306802 3830 
966 395 1 9.5 395 49.1111 0.9875 0 0 0 307405 307405 3835 
967 395 1 9.5 395 49.1111 0.9875 0 0 0 308560 308560 3843 
968 395 1 9.5 395 49.1111 0.9875 0 0 0 309057 309057 3847 
969 395 1 9.5 395 49.1111 0.9875 0 0 0 309616 309616 3856 
970 395 1 9.5 395 49.1111 0.9875 0 0 0 310806 310806 3858 
971 395 1 9.5 395 49.1111 0.9875 0 0 0 311421 311421 3860 
972 395 1 9.5 395 49.1111 0.9875 0 0 0 312524 312524 3862 
973 395 1 9.5 395 49.1111 0.9875 0 0 0 313603 313603 3868 
974 395 1 9.5 395 49.1111 0.9875 0 0 0 314247 314247 3871 
975 395 1 9.5 395 49.1111 0.9875 0 0 0 315678 315678 3874 
976 395 1 9.5 395 49.1111 0.9875 0 0 0 316391 316391 3882 
977 395 1 9.5 395 49.1111 0.9875 0 0 0 317703 317703 3887 
978 395 1 9.5 395 49.1111 0.9875 0 0 0 318303 318303 3890 
979 395 1 9.5 395 49.1111 0.9875 0 0 0 319175 319175 3893 
980 395 1 9.5 395 49.1111 0.9875 0 0 0 319776 319776 3899 
981 395 1 9.5 395 48.727 0.9875 0 0 0 320679 320679 3902 
982 395 1 9.5 395 48.434 0.9875 0 0 0 321509 321509 3903 
983 395 1 9.5 395 46.3149 0.9875 0 0 0 322396 322396 3910 
984 395 1 9.5 395 46.3149 0.9875 0 0 0 323237 323237 3920 
985 395 1 9.5 395 46.3149 0.9875 0 0 0 324048 324048 3927 
986 395 1 9.5 395 46.3149 0.9875 0 0 0 324546 324546 3933 
987 395 1 9.5 395 46.3149 0.9875 0 0 0 324898 324898 3936 
988 395 1 9.5 395 46.3149 0.9875 0 0 0 325234 325234 3949 
989 395 1 9.5 395 46.3149 0.9875 0 0 0 325625 325625 3953 
990 395 1 9.5 395 46.3149 0.9875 0 0 0 326027 326027 3954 
991 395 1 9.5 395 44.5613 0.9875 0 0 0 326426 326426 3958 
992 395 1 9.5 395 44.5613 0.9875 0 0 0 326824 326824 3959 
993 395 1 9.5 395 44.5613 0.9875 0 0 0 327227 327227 3960 
994 395 1 9.5 395 44.5613 0.9875 0 0 0 327627 327627 3961 
995 395 1 9.5 395 44.5613 0.9875 0 0 0 328038 328038 3962 
996 395 1 9.5 395 44.5613 0.9875 0 0 0 328444 328444 3964 
997 395 1 9.5 395 44.5613 0.9875 0 0 0 328917 328917 3988 
998 395 1 9.5 395 44.5613 0.9875 0 0 0 329401 329401 3992 
999 395 1 9.5 395 44.5613 0.9875 0 0 0 330406 330406 3993 
1000 395 1 9.5 395 44.5613 0.9875 0 0 0 331438 331438 3998 
1001 398 1 9.5 398 47.5168 0.995 0 0 0 332292 332292 4000 
1002 398 1 9.5 398 47.4098 0.995 0 0 0 333190 333190 4002 
1003 398 1 9.5 398 47.4098 0.995 0 0 0 334044 334044 4003 
1004 398 1 9.5 398 47.4098 0.995 0 0 0 334935 334935 4004 
1005 398 1 9.5 398 47.4098 0.995 0 0 0 335633 335633 4012 
1006 398 1 9.5 398 47.4098 0.995 0 0 0 336329 336329 4021 
1007 398 1 9.5 398 47.4098 0.995 0 0 0 337005 337005 4024 
1008 398 1 9.5 398 47.4098 0.995 0 0 0 337695 337695 4025 
1009 398 1 9.5 398 47.4098 0.995 0 0 0 338365 338365 4030 
1010 398 1 9.5 398 47.4098 0.995 0 0 0 339030 339030 4031 
1011 398 1 9.5 398 47.4098 0.995 0 0 0 339686 339686 4033 
