1 105 1 3.5 105 0 0.2625 0 0 0 0 0 0 
2 108 1 3.5 108 0.1 0.27 0 0 0 0 0 1 
3 110 1 3.5 110 0.195919 0.275 0 0 0 0 0 3 
4 112 1 3.5 112 0.295919 0.28 0 0 0 0 0 4 
5 114 1 3.5 114 0.395919 0.285 0 0 0 0 0 5 
6 115 1 3.5 115 0.488365 0.2875 0 0 0 0 0 7 
7 115 1 3.5 115 0.488365 0.2875 0 0 0 0 0 8 
8 122 1 3.5 122 0.62186 0.305 0 0 0 0 0 10 
9 122 1 3.5 122 0.62186 0.305 0 0 0 0 0 11 
10 122 1 3.5 122 0.62186 0.305 0 0 0 0 0 12 
11 131 1 3.5 131 0.72186 0.3275 0 0 0 0 0 13 
12 131 1 3.5 131 0.72186 0.3275 0 0 0 0 0 14 
13 132 1 3.5 132 1.03084 0.33 0 0 0 0 0 16 
14 133 1 3.5 133 1.15732 0.3325 0 0 0 0 0 19 
15 141 1 3.5 141 1.25557 0.3525 0 0 0 0 0 22 
16 141 1 3.5 141 1.25557 0.3525 0 0 0 0 0 23 
17 142 1 3.5 142 1.40416 0.355 0 0 0 0 0 25 
18 143 1 3.5 143 1.50416 0.3575 0 0 0 0 0 26 
19 145 1 3.5 145 1.65811 0.3625 0 0 0 0 0 28 
20 145 1 3.5 145 1.65811 0.3625 0 0 0 0 0 29 
21 145 1 3.5 145 1.65811 0.3625 0 0 0 0 0 30 
22 145 1 3.5 145 1.65811 0.3625 0 0 0 0 0 31 
23 146 1 3.5 146 1.7409 0.365 0 0 0 0 0 33 
24 146 1 3.5 146 1.7409 0.365 0 0 0 0 0 34 
25 147 1 3.5 147 2.02836 0.3675 0 0 0 0 0 36 
26 148 1 3.5 148 2.08592 0.37 0 0 0 0 0 38 
27 148 1 3.5 148 2.08592 0.37 0 0 0 0 0 42 
28 148 1 3.5 148 2.08592 0.37 0 0 0 0 0 43 
29 148 1 3.5 148 2.08592 0.37 0 0 0 0 0 44 
30 150 1 3.5 150 2.51612 0.375 0 0 0 1 1 46 
31 150 1 3.5 150 2.51612 0.375 0 0 0 2 2 47 
32 150 1 3.5 150 2.51612 0.375 0 0 0 3 3 48 
33 150 1 3.5 150 2.51612 0.375 0 0 0 4 4 49 
34 150 1 3.5 150 2.51612 0.375 0 0 0 5 5 50 
35 150 1 3.5 150 2.51612 0.375 0 0 0 6 6 51 
36 150 1 3.5 150 2.51612 0.375 0 0 0 7 7 52 
37 150 1 3.5 150 2.51612 0.375 0 0 0 8 8 53 
38 150 1 3.5 150 2.51612 0.375 0 0 0 9 9 54 
39 150 1 3.5 150 2.51612 0.375 0 0 0 10 10 55 
40 150 1 3.5 150 2.51612 0.375 0 0 0 11 11 56 
41 150 1 3.5 150 2.51612 0.375 0 0 0 12 12 57 
42 150 1 3.5 150 2.51612 0.375 0 0 0 13 13 58 
43 151 1 3.5 151 3.0701 0.3775 0 0 0 14 14 60 
44 152 1 3.5 152 3.12806 0.38 0 0 0 15 15 62 
45 152 1 3.5 152 3.12806 0.38 0 0 0 17 17 63 
46 152 1 3.5 152 3.12806 0.38 0 0 0 18 18 64 
47 152 1 3.5 152 3.12806 0.38 0 0 0 19 19 65 
48 152 1 3.5 152 3.12806 0.38 0 0 0 20 20 66 
49 152 1 3.5 152 3.12806 0.38 0 0 0 21 21 67 
50 152 1 3.5 152 3.12806 0.38 0 0 0 22 22 68 
51 152 1 3.5 152 3.12806 0.38 0 0 0 23 23 69 
52 152 1 3.5 152 3.12806 0.38 0 0 0 24 24 70 
53 152 1 3.5 152 3.12806 0.38 0 0 0 26 26 71 
54 152 1 3.5 152 3.12806 0.38 0 0 0 27 27 72 
55 159 1 3.5 159 3.53263 0.3975 0 0 0 29 29 74 
56 159 1 3.5 159 3.53263 0.3975 0 0 0 31 31 75 
57 165 1 3.5 165 3.88679 0.4125 0 0 0 33 33 78 
58 165 1 3.5 165 3.88679 0.4125 0 0 0 35 35 79 
59 165 1 3.5 165 3.88679 0.4125 0 0 0 37 37 80 
60 165 1 3.5 165 3.88679 0.4125 0 0 0 39 39 81 
61 165 1 3.5 165 3.88679 0.4125 0 0 0 41 41 82 
62 166 1 3.5 166 4.53395 0.415 0 0 0 43 43 85 
63 166 1 3.5 166 4.53395 0.415 0 0 0 45 45 86 
64 166 1 3.5 166 4.53395 0.415 0 0 0 47 47 87 
65 166 1 3.5 166 4.53395 0.415 0 0 0 49 49 88 
66 166 1 3.5 166 4.53395 0.415 0 0 0 51 51 89 
67 166 1 3.5 166 4.53395 0.415 0 0 0 54 54 90 
68 166 1 3.5 166 4.53395 0.415 0 0 0 56 56 91 
69 166 1 3.5 166 4.53395 0.415 0 0 0 59 59 92 
70 166 1 3.5 166 4.53395 0.415 0 0 0 61 61 95 
71 166 1 3.5 166 4.53395 0.415 0 0 0 63 63 96 
72 166 1 3.5 166 4.53395 0.415 0 0 0 65 65 97 
73 166 1 3.5 166 4.53395 0.415 0 0 0 67 67 98 
74 166 1 3.5 166 4.53395 0.415 0 0 0 69 69 99 
75 166 1 3.5 166 4.53395 0.415 0 0 0 71 71 100 
76 166 1 3.5 166 4.53395 0.415 0 0 0 73 73 101 
77 166 1 3.5 166 4.53395 0.415 0 0 0 75 75 102 
78 166 1 3.5 166 4.53395 0.415 0 0 0 77 77 103 
79 166 1 3.5 166 4.53395 0.415 0 0 0 79 79 104 
80 166 1 3.5 166 4.53395 0.415 0 0 0 81 81 105 
81 166 1 3.5 166 4.53395 0.415 0 0 0 83 83 106 
82 166 1 3.5 166 4.53395 0.415 0 0 0 85 85 107 
83 166 1 3.5 166 4.53395 0.415 0 0 0 88 88 108 
84 166 1 3.5 166 4.53395 0.415 0 0 0 90 90 109 
85 166 1 3.5 166 4.53395 0.415 0 0 0 93 93 110 
86 166 1 3.5 166 4.53395 0.415 0 0 0 95 95 111 
87 166 1 3.5 166 4.53395 0.415 0 0 0 97 97 112 
88 166 1 3.5 166 4.53395 0.415 0 0 0 100 100 115 
89 166 1 3.5 166 4.53395 0.415 0 0 0 102 102 116 
90 166 1 3.5 166 4.53395 0.415 0 0 0 104 104 117 
91 166 1 3.5 166 4.53395 0.415 0 0 0 106 106 118 
92 166 1 3.5 166 4.53395 0.415 0 0 0 108 108 119 
93 166 1 3.5 166 4.53395 0.415 0 0 0 111 111 120 
94 166 1 3.5 166 4.53395 0.415 0 0 0 114 114 121 
95 178 1 3.5 178 6.09696 0.445 0 0 0 117 117 127 
96 181 1 3.5 181 7.05636 0.4525 0 0 0 120 120 130 
97 182 1 3.5 182 7.09442 0.455 0 0 0 124 124 132 
98 182 1 3.5 182 7.09442 0.455 0 0 0 128 128 133 
99 182 1 3.5 182 7.09442 0.455 0 0 0 132 132 134 
100 187 1 3.5 187 7.64305 0.4675 0 0 0 136 136 137 
101 187 1 3.5 187 7.64305 0.4675 0 0 0 140 140 138 
102 187 1 3.5 187 7.64305 0.4675 0 0 0 144 144 139 
103 187 1 3.5 187 7.64305 0.4675 0 0 0 148 148 140 
104 187 1 3.5 187 7.64305 0.4675 0 0 0 152 152 141 
105 187 1 3.5 187 7.64305 0.4675 0 0 0 156 156 142 
106 187 1 3.5 187 7.64305 0.4675 0 0 0 160 160 143 
107 187 1 3.5 187 7.64305 0.4675 0 0 0 164 164 144 
108 187 1 3.5 187 7.64305 0.4675 0 0 0 168 168 145 
109 187 1 3.5 187 7.64305 0.4675 0 0 0 172 172 146 
110 187 1 3.5 187 7.64305 0.4675 0 0 0 176 176 147 
111 187 1 3.5 187 7.64305 0.4675 0 0 0 180 180 148 
112 187 1 3.5 187 7.64305 0.4675 0 0 0 185 185 149 
113 187 1 3.5 187 7.64305 0.4675 0 0 0 189 189 150 
114 187 1 3.5 187 7.64305 0.4675 0 0 0 194 194 151 
115 187 1 3.5 187 7.64305 0.4675 0 0 0 199 199 152 
116 187 1 3.5 187 7.64305 0.4675 0 0 0 203 203 153 
117 187 1 3.5 187 7.64305 0.4675 0 0 0 208 208 154 
118 187 1 3.5 187 7.64305 0.4675 0 0 0 213 213 155 
119 187 1 3.5 187 7.64305 0.4675 0 0 0 217 217 156 
120 193 1 3.5 193 7.56071 0.4825 0 0 0 222 222 163 
121 193 1 3.5 193 7.56071 0.4825 0 0 0 228 228 164 
122 193 1 3.5 193 7.56071 0.4825 0 0 0 233 233 165 
123 196 1 3.5 196 9.75076 0.49 0 0 0 241 241 169 
124 196 1 3.5 196 9.75076 0.49 0 0 0 248 248 170 
125 196 1 3.5 196 9.75076 0.49 0 0 0 256 256 171 
126 196 1 3.5 196 9.75076 0.49 0 0 0 265 265 172 
127 196 1 3.5 196 9.75076 0.49 0 0 0 278 278 178 
128 211 1 3.5 211 9.8631 0.5275 0 0 0 290 290 186 
129 211 1 3.5 211 9.8631 0.5275 0 0 0 301 301 187 
130 211 1 3.5 211 9.8631 0.5275 0 0 0 316 316 188 
131 211 1 3.5 211 9.8631 0.5275 0 0 0 327 327 189 
132 211 1 3.5 211 9.8631 0.5275 0 0 0 338 338 190 
133 211 1 3.5 211 9.8631 0.5275 0 0 0 349 349 191 
134 211 1 3.5 211 9.8631 0.5275 0 0 0 360 360 192 
135 211 1 3.5 211 9.8631 0.5275 0 0 0 372 372 193 
136 211 1 3.5 211 9.8631 0.5275 0 0 0 384 384 194 
137 211 1 3.5 211 9.8631 0.5275 0 0 0 396 396 195 
138 211 1 3.5 211 9.8631 0.5275 0 0 0 409 409 196 
139 211 1 3.5 211 9.8631 0.5275 0 0 0 420 420 197 
140 211 1 3.5 211 9.8631 0.5275 0 0 0 431 431 198 
141 211 1 3.5 211 9.8631 0.5275 0 0 0 442 442 199 
142 213 1 3.5 213 10.1989 0.5325 0 0 0 451 451 206 
143 213 1 3.5 213 10.1989 0.5325 0 0 0 460 460 207 
144 231 1 3.5 231 10.147 0.5775 0 0 0 468 468 213 
145 232 1 3.5 232 10.1715 0.58 0 0 0 476 476 217 
146 232 1 3.5 232 10.095 0.58 0 0 0 484 484 220 
147 232 1 3.5 232 10.095 0.58 0 0 0 493 493 221 
148 232 1 3.5 232 10.095 0.58 0 0 0 502 502 222 
149 232 1 3.5 232 10.095 0.58 0 0 0 511 511 223 
150 232 1 3.5 232 10.095 0.58 0 0 0 520 520 224 
151 232 1 3.5 232 10.095 0.58 0 0 0 529 529 225 
152 232 1 3.5 232 10.095 0.58 0 0 0 538 538 226 
153 232 1 3.5 232 10.095 0.58 0 0 0 547 547 227 
154 233 1 3.5 233 11.0044 0.5825 0 0 0 559 559 232 
155 233 1 3.5 233 11.0044 0.5825 0 0 0 572 572 233 
156 233 1 3.5 233 11.0044 0.5825 0 0 0 584 584 234 
157 233 1 3.5 233 11.0044 0.5825 0 0 0 596 596 235 
158 233 1 3.5 233 11.0044 0.5825 0 0 0 608 608 236 
159 233 1 3.5 233 11.0044 0.5825 0 0 0 621 621 237 
160 233 1 3.5 233 11.0044 0.5825 0 0 0 634 634 238 
161 233 1 3.5 233 11.0044 0.5825 0 0 0 647 647 239 
162 233 1 3.5 233 11.0044 0.5825 0 0 0 660 660 240 
163 233 1 3.5 233 11.0044 0.5825 0 0 0 674 674 241 
164 233 1 3.5 233 11.0044 0.5825 0 0 0 686 686 242 
165 233 1 3.5 233 11.0044 0.5825 0 0 0 699 699 243 
166 233 1 3.5 233 11.0044 0.5825 0 0 0 712 712 244 
167 233 1 3.5 233 11.0044 0.5825 0 0 0 725 725 245 
168 233 1 3.5 233 11.0044 0.5825 0 0 0 738 738 246 
169 233 1 3.5 233 11.0044 0.5825 0 0 0 751 751 247 
170 233 1 3.5 233 11.0044 0.5825 0 0 0 764 764 248 
171 236 1 3.5 236 13.5225 0.59 0 0 0 812 812 255 
172 236 1 3.5 236 13.5225 0.59 0 0 0 857 857 256 
173 237 1 3.5 237 11.4573 0.5925 0 0 0 870 870 261 
174 237 1 3.5 237 11.4573 0.5925 0 0 0 883 883 262 
175 237 1 3.5 237 11.4573 0.5925 0 0 0 896 896 263 
176 237 1 3.5 237 11.4573 0.5925 0 0 0 909 909 264 
177 237 1 3.5 237 11.4573 0.5925 0 0 0 922 922 265 
178 237 1 3.5 237 11.4573 0.5925 0 0 0 935 935 266 
179 237 1 3.5 237 8.98396 0.5925 0 0 0 942 942 268 
180 243 1 3.5 243 12.8325 0.6075 0 0 0 961 961 276 
181 245 1 3.5 245 12.5959 0.6125 0 0 0 980 980 284 
182 245 1 3.5 245 12.5938 0.6125 0 0 0 1001 1001 287 
183 253 1 3.5 253 11.339 0.6325 0 0 0 1012 1012 297 
184 253 1 3.5 253 11.339 0.6325 0 0 0 1022 1022 298 
185 253 1 3.5 253 11.339 0.6325 0 0 0 1033 1033 299 
186 253 1 3.5 253 11.339 0.6325 0 0 0 1044 1044 300 
187 253 1 3.5 253 11.339 0.6325 0 0 0 1055 1055 301 
188 253 1 3.5 253 11.339 0.6325 0 0 0 1066 1066 304 
189 253 1 3.5 253 11.339 0.6325 0 0 0 1077 1077 305 
190 253 1 3.5 253 11.339 0.6325 0 0 0 1088 1088 306 
191 253 1 3.5 253 11.339 0.6325 0 0 0 1099 1099 307 
192 253 1 3.5 253 11.339 0.6325 0 0 0 1110 1110 308 
193 253 1 3.5 253 11.339 0.6325 0 0 0 1121 1121 309 
194 253 1 3.5 253 11.339 0.6325 0 0 0 1132 1132 310 
195 253 1 3.5 253 11.339 0.6325 0 0 0 1143 1143 311 
196 259 1 3.5 259 11.5647 0.6475 0 0 0 1154 1154 313 
197 259 1 3.5 259 11.5647 0.6475 0 0 0 1165 1165 314 
198 259 1 3.5 259 11.5647 0.6475 0 0 0 1176 1176 315 
199 259 1 3.5 259 11.5259 0.6475 0 0 0 1188 1188 316 
200 259 1 3.5 259 11.5259 0.6475 0 0 0 1200 1200 317 
201 259 1 3.5 259 11.5259 0.6475 0 0 0 1211 1211 318 
202 259 1 3.5 259 11.5259 0.6475 0 0 0 1223 1223 319 
203 259 1 3.5 259 11.5259 0.6475 0 0 0 1236 1236 320 
204 259 1 3.5 259 11.5259 0.6475 0 0 0 1248 1248 321 
205 259 1 3.5 259 9.46678 0.6475 0 0 0 1262 1262 323 
206 260 1 3.5 260 13.0994 0.65 0 0 0 1286 1286 327 
207 260 1 3.5 260 13.0994 0.65 0 0 0 1310 1310 328 
208 260 1 3.5 260 13.0859 0.65 0 0 0 1333 1333 330 
209 260 1 3.5 260 11.963 0.65 0 0 0 1358 1358 332 
210 266 1 3.5 266 13.1543 0.665 0 0 0 1382 1382 334 
211 266 1 3.5 266 13.1543 0.665 0 0 0 1404 1404 335 
212 266 1 3.5 266 13.1543 0.665 0 0 0 1425 1425 336 
213 266 1 3.5 266 13.0459 0.665 0 0 0 1446 1446 339 
214 266 1 3.5 266 12.0179 0.665 0 0 0 1470 1470 340 
215 266 1 3.5 266 12.0179 0.665 0 0 0 1494 1494 341 
216 266 1 3.5 266 12.0179 0.665 0 0 0 1517 1517 342 
217 266 1 3.5 266 12.0179 0.665 0 0 0 1539 1539 343 
218 266 1 3.5 266 12.0179 0.665 0 0 0 1562 1562 344 
219 266 1 3.5 266 12.0179 0.665 0 0 0 1586 1586 345 
220 266 1 3.5 266 12.0179 0.665 0 0 0 1612 1612 346 
221 266 1 3.5 266 12.0179 0.665 0 0 0 1638 1638 347 
222 266 1 3.5 266 12.0179 0.665 0 0 0 1665 1665 355 
223 266 1 3.5 266 12.0179 0.665 0 0 0 1690 1690 356 
224 266 1 3.5 266 12.0179 0.665 0 0 0 1717 1717 357 
225 266 1 3.5 266 12.0179 0.665 0 0 0 1743 1743 361 
226 266 1 3.5 266 12.0179 0.665 0 0 0 1769 1769 362 
227 266 1 3.5 266 12.0179 0.665 0 0 0 1795 1795 363 
228 266 1 3.5 266 12.0179 0.665 0 0 0 1822 1822 364 
229 266 1 3.5 266 12.0179 0.665 0 0 0 1848 1848 365 
230 277 1 3.5 277 13.2112 0.6925 0 0 0 1874 1874 367 
231 277 1 3.5 277 13.2112 0.6925 0 0 0 1901 1901 368 
232 277 1 3.5 277 13.1977 0.6925 0 0 0 1927 1927 369 
233 277 1 3.5 277 13.1977 0.6925 0 0 0 1953 1953 370 
234 277 1 3.5 277 12.0748 0.6925 0 0 0 1981 1981 371 
235 277 1 3.5 277 12.0748 0.6925 0 0 0 2008 2008 372 
236 277 1 3.5 277 12.0748 0.6925 0 0 0 2035 2035 373 
237 277 1 3.5 277 12.0748 0.6925 0 0 0 2064 2064 376 
238 277 1 3.5 277 12.0748 0.6925 0 0 0 2091 2091 377 
239 277 1 3.5 277 12.0748 0.6925 0 0 0 2123 2123 378 
240 277 1 3.5 277 12.0748 0.6925 0 0 0 2152 2152 379 
241 277 1 3.5 277 12.0748 0.6925 0 0 0 2182 2182 382 
242 277 1 3.5 277 12.0748 0.6925 0 0 0 2210 2210 383 
243 277 1 3.5 277 12.0748 0.6925 0 0 0 2240 2240 384 
244 277 1 3.5 277 12.0748 0.6925 0 0 0 2268 2268 385 
245 283 1 3.5 283 13.2734 0.7075 0 0 0 2298 2298 387 
246 283 1 3.5 283 13.2734 0.7075 0 0 0 2328 2328 388 
247 283 1 3.5 283 13.2734 0.7075 0 0 0 2358 2358 389 
248 283 1 3.5 283 13.165 0.7075 0 0 0 2388 2388 390 
249 283 1 3.5 283 13.165 0.7075 0 0 0 2417 2417 391 
250 283 1 3.5 283 13.165 0.7075 0 0 0 2447 2447 392 
251 284 1 3.5 284 15.8997 0.71 0 0 0 2478 2478 398 
252 284 1 3.5 284 15.8997 0.71 0 0 0 2509 2509 399 
253 284 1 3.5 284 15.8997 0.71 0 0 0 2545 2545 402 
254 284 1 3.5 284 15.8997 0.71 0 0 0 2580 2580 403 
255 284 1 3.5 284 15.8997 0.71 0 0 0 2615 2615 404 
256 284 1 3.5 284 15.8997 0.71 0 0 0 2651 2651 405 
257 284 1 3.5 284 15.8997 0.71 0 0 0 2686 2686 406 
258 284 1 3.5 284 15.8997 0.71 0 0 0 2717 2717 410 
259 284 1 3.5 284 15.8997 0.71 0 0 0 2747 2747 411 
260 284 1 3.5 284 15.8997 0.71 0 0 0 2777 2777 412 
261 284 1 3.5 284 15.8997 0.71 0 0 0 2807 2807 413 
262 284 1 3.5 284 15.8997 0.71 0 0 0 2838 2838 414 
263 284 1 3.5 284 15.8997 0.71 0 0 0 2869 2869 415 
264 284 1 3.5 284 15.8997 0.71 0 0 0 2900 2900 416 
265 284 1 3.5 284 15.8997 0.71 0 0 0 2932 2932 417 
266 284 1 3.5 284 15.8997 0.71 0 0 0 2963 2963 418 
267 284 1 3.5 284 15.8997 0.71 0 0 0 2996 2996 420 
268 284 1 3.5 284 15.8997 0.71 0 0 0 3027 3027 421 
269 284 1 3.5 284 15.5023 0.71 0 0 0 3060 3060 422 
270 284 1 3.5 284 15.5023 0.71 0 0 0 3092 3092 427 
271 284 1 3.5 284 15.5023 0.71 0 0 0 3124 3124 429 
272 284 1 3.5 284 15.5023 0.71 0 0 0 3156 3156 432 
273 284 1 3.5 284 15.5023 0.71 0 0 0 3188 3188 433 
274 284 1 3.5 284 15.5023 0.71 0 0 0 3221 3221 434 
275 284 1 3.5 284 15.5023 0.71 0 0 0 3253 3253 435 
276 284 1 3.5 284 15.5023 0.71 0 0 0 3286 3286 436 
277 284 1 3.5 284 15.5023 0.71 0 0 0 3318 3318 437 
278 284 1 3.5 284 15.5023 0.71 0 0 0 3350 3350 438 
279 284 1 3.5 284 15.5023 0.71 0 0 0 3381 3381 439 
280 287 1 3.5 287 22.7998 0.7175 0 0 0 3426 3426 456 
281 295 1 3.5 295 15.5738 0.7375 0 0 0 3462 3462 458 
282 295 1 3.5 295 15.5738 0.7375 0 0 0 3496 3496 459 
283 295 1 3.5 295 15.5738 0.7375 0 0 0 3531 3531 460 
284 295 1 3.5 295 15.5738 0.7375 0 0 0 3566 3566 461 
285 295 1 3.5 295 15.5738 0.7375 0 0 0 3600 3600 462 
286 295 1 3.5 295 15.5738 0.7375 0 0 0 3635 3635 463 
287 295 1 3.5 295 15.5738 0.7375 0 0 0 3669 3669 464 
288 298 1 3.5 298 16.3189 0.745 0 0 0 3709 3709 469 
289 298 1 3.5 298 16.3189 0.745 0 0 0 3732 3732 480 
290 300 1 3.5 300 14.7233 0.75 0 0 0 3762 3762 491 
291 300 1 3.5 300 14.7233 0.75 0 0 0 3791 3791 494 
292 300 1 3.5 300 14.7233 0.75 0 0 0 3823 3823 499 
293 300 1 3.5 300 14.7233 0.75 0 0 0 3852 3852 500 
294 300 1 3.5 300 14.7233 0.75 0 0 0 3876 3876 505 
295 300 1 3.5 300 14.7233 0.75 0 0 0 3899 3899 509 
296 300 1 3.5 300 14.7233 0.75 0 0 0 3924 3924 516 
297 300 1 3.5 300 14.7233 0.75 0 0 0 3950 3950 521 
298 304 1 3.5 304 20.2619 0.76 0 0 0 3995 3995 530 
299 304 1 3.5 304 18.2632 0.76 0 0 0 4038 4038 536 
300 304 1 3.5 304 18.2606 0.76 0 0 0 4079 4079 539 
301 304 1 3.5 304 18.2606 0.76 0 0 0 4106 4106 548 
302 304 1 3.5 304 18.2606 0.76 0 0 0 4134 4134 551 
303 304 1 3.5 304 18.1857 0.76 0 0 0 4174 4174 553 
304 304 1 3.5 304 18.1857 0.76 0 0 0 4201 4201 554 
305 304 1 3.5 304 18.1857 0.76 0 0 0 4230 4230 559 
306 304 1 3.5 304 18.1857 0.76 0 0 0 4258 4258 561 
307 304 1 3.5 304 18.1857 0.76 0 0 0 4299 4299 562 
308 304 1 3.5 304 18.1857 0.76 0 0 0 4327 4327 564 
309 304 1 3.5 304 18.1857 0.76 0 0 0 4354 4354 567 
310 304 1 3.5 304 18.1857 0.76 0 0 0 4398 4398 570 
311 304 1 3.5 304 18.1857 0.76 0 0 0 4427 4427 571 
312 304 1 3.5 304 18.1857 0.76 0 0 0 4460 4460 574 
313 304 1 3.5 304 18.1857 0.76 0 0 0 4492 4492 576 
314 304 1 3.5 304 18.1857 0.76 0 0 0 4526 4526 587 
315 305 1 3.5 305 21.5285 0.7625 0 0 0 4568 4568 596 
316 305 1 3.5 305 21.5285 0.7625 0 0 0 4611 4611 600 
317 305 1 3.5 305 21.3893 0.7625 0 0 0 4654 4654 603 
318 305 1 3.5 305 21.3893 0.7625 0 0 0 4696 4696 604 
319 305 1 3.5 305 21.3893 0.7625 0 0 0 4740 4740 605 
320 305 1 3.5 305 21.3893 0.7625 0 0 0 4783 4783 608 
321 305 1 3.5 305 21.3795 0.7625 0 0 0 4821 4821 613 
322 305 1 3.5 305 19.1577 0.7625 0 0 0 4866 4866 619 
323 305 1 3.5 305 18.8892 0.7625 0 0 0 4912 4912 620 
324 305 1 3.5 305 18.8892 0.7625 0 0 0 4950 4950 621 
325 305 1 3.5 305 18.8892 0.7625 0 0 0 4995 4995 622 
326 305 1 3.5 305 18.8892 0.7625 0 0 0 5033 5033 623 
327 305 1 3.5 305 18.8892 0.7625 0 0 0 5070 5070 624 
328 305 1 3.5 305 18.8892 0.7625 0 0 0 5115 5115 626 
329 305 1 3.5 305 18.8892 0.7625 0 0 0 5153 5153 627 
330 305 1 3.5 305 18.8892 0.7625 0 0 0 5197 5197 628 
331 305 1 3.5 305 18.8892 0.7625 0 0 0 5238 5238 633 
332 305 1 3.5 305 18.8892 0.7625 0 0 0 5282 5282 634 
333 305 1 3.5 305 18.8892 0.7625 0 0 0 5325 5325 637 
334 305 1 3.5 305 18.8892 0.7625 0 0 0 5369 5369 638 
335 305 1 3.5 305 18.8892 0.7625 0 0 0 5412 5412 640 
336 305 1 3.5 305 18.8892 0.7625 0 0 0 5456 5456 644 
337 305 1 3.5 305 18.8892 0.7625 0 0 0 5496 5496 649 
338 305 1 3.5 305 18.8892 0.7625 0 0 0 5541 5541 650 
339 305 1 3.5 305 18.8892 0.7625 0 0 0 5587 5587 651 
340 305 1 3.5 305 18.8892 0.7625 0 0 0 5633 5633 654 
341 305 1 3.5 305 18.8892 0.7625 0 0 0 5676 5676 657 
342 305 1 3.5 305 18.8892 0.7625 0 0 0 5715 5715 658 
343 305 1 3.5 305 18.8892 0.7625 0 0 0 5754 5754 659 
344 305 1 3.5 305 18.8892 0.7625 0 0 0 5793 5793 660 
345 305 1 3.5 305 18.8892 0.7625 0 0 0 5836 5836 665 
346 305 1 3.5 305 18.8892 0.7625 0 0 0 5875 5875 666 
347 305 1 3.5 305 18.8892 0.7625 0 0 0 5929 5929 671 
348 306 1 3.5 306 19.1569 0.765 0 0 0 5986 5986 676 
349 306 1 3.5 306 19.1569 0.765 0 0 0 6025 6025 688 
350 306 1 3.5 306 19.1569 0.765 0 0 0 6066 6066 691 
351 306 1 3.5 306 19.1569 0.765 0 0 0 6122 6122 693 
352 306 1 3.5 306 19.1569 0.765 0 0 0 6162 6162 695 
353 306 1 3.5 306 19.1569 0.765 0 0 0 6192 6192 706 
354 306 1 3.5 306 19.1569 0.765 0 0 0 6238 6238 708 
355 306 1 3.5 306 19.1569 0.765 0 0 0 6280 6280 709 
356 306 1 3.5 306 19.1569 0.765 0 0 0 6320 6320 711 
357 306 1 3.5 306 19.1569 0.765 0 0 0 6361 6361 714 
358 312 1 3.5 312 26.672 0.78 0 0 0 6418 6418 720 
359 312 1 3.5 312 21.5323 0.78 0 0 0 6488 6488 735 
360 312 1 3.5 312 21.5323 0.78 0 0 0 6562 6562 739 
361 312 1 3.5 312 21.5323 0.78 0 0 0 6635 6635 741 
362 312 1 3.5 312 21.5323 0.78 0 0 0 6707 6707 744 
363 312 1 3.5 312 21.5228 0.78 0 0 0 6780 6780 745 
364 312 1 3.5 312 21.5228 0.78 0 0 0 6853 6853 746 
365 312 1 3.5 312 21.5228 0.78 0 0 0 6924 6924 747 
366 312 1 3.5 312 21.5228 0.78 0 0 0 6996 6996 749 
367 312 1 3.5 312 21.5228 0.78 0 0 0 7067 7067 750 
368 312 1 3.5 312 21.5228 0.78 0 0 0 7139 7139 751 
369 312 1 3.5 312 21.5228 0.78 0 0 0 7209 7209 752 
370 312 1 3.5 312 21.5228 0.78 0 0 0 7316 7316 760 
371 312 1 3.5 312 21.5228 0.78 0 0 0 7422 7422 761 
372 312 1 3.5 312 21.5228 0.78 0 0 0 7466 7466 768 
373 312 1 3.5 312 21.5228 0.78 0 0 0 7534 7534 783 
374 312 1 3.5 312 21.5228 0.78 0 0 0 7580 7580 785 
375 312 1 3.5 312 21.5228 0.78 0 0 0 7625 7625 786 
376 312 1 3.5 312 21.5228 0.78 0 0 0 7669 7669 787 
377 312 1 3.5 312 21.5228 0.78 0 0 0 7715 7715 788 
378 312 1 3.5 312 21.5228 0.78 0 0 0 7759 7759 789 
379 312 1 3.5 312 21.5228 0.78 0 0 0 7830 7830 804 
380 312 1 3.5 312 21.5228 0.78 0 0 0 7874 7874 805 
381 312 1 3.5 312 21.5228 0.78 0 0 0 7982 7982 811 
382 312 1 3.5 312 21.5228 0.78 0 0 0 8026 8026 812 
383 314 1 3.5 314 28.836 0.785 0 0 0 8100 8100 827 
384 314 1 3.5 314 23.1956 0.785 0 0 0 8201 8201 835 
385 314 1 3.5 314 23.1956 0.785 0 0 0 8247 8247 841 
386 314 1 3.5 314 23.1956 0.785 0 0 0 8292 8292 842 
387 314 1 3.5 314 23.1956 0.785 0 0 0 8337 8337 846 
388 314 1 3.5 314 23.1956 0.785 0 0 0 8412 8412 855 
389 314 1 3.5 314 23.1956 0.785 0 0 0 8484 8484 862 
390 314 1 3.5 314 23.1956 0.785 0 0 0 8529 8529 864 
391 314 1 3.5 314 23.1956 0.785 0 0 0 8575 8575 865 
392 314 1 3.5 314 23.1956 0.785 0 0 0 8620 8620 866 
393 314 1 3.5 314 23.1956 0.785 0 0 0 8665 8665 867 
394 314 1 3.5 314 23.1956 0.785 0 0 0 8711 8711 871 
395 318 1 3.5 318 24.374 0.795 0 0 0 8789 8789 879 
396 321 1 3.5 321 23.9885 0.8025 0 0 0 8859 8859 883 
397 322 1 3.5 322 24.3745 0.805 0 0 0 8932 8932 889 
398 322 1 3.5 322 24.3745 0.805 0 0 0 9005 9005 890 
399 322 1 3.5 322 24.3745 0.805 0 0 0 9078 9078 891 
400 322 1 3.5 322 24.3745 0.805 0 0 0 9153 9153 892 
401 322 1 3.5 322 23.6129 0.805 0 0 0 9226 9226 895 
402 322 1 3.5 322 23.6129 0.805 0 0 0 9300 9300 896 
403 322 1 3.5 322 23.6129 0.805 0 0 0 9360 9360 899 
404 322 1 3.5 322 23.6129 0.805 0 0 0 9433 9433 900 
405 322 1 3.5 322 23.6129 0.805 0 0 0 9514 9514 912 
406 323 1 3.5 323 24.6801 0.8075 0 0 0 9587 9587 918 
407 323 1 3.5 323 24.5675 0.8075 0 0 0 9660 9660 920 
408 323 1 3.5 323 24.5675 0.8075 0 0 0 9742 9742 924 
409 323 1 3.5 323 24.5675 0.8075 0 0 0 9823 9823 928 
410 323 1 3.5 323 24.5675 0.8075 0 0 0 9897 9897 929 
411 323 1 3.5 323 24.5675 0.8075 0 0 0 9969 9969 930 
412 323 1 3.5 323 24.3669 0.8075 0 0 0 10041 10041 931 
413 323 1 3.5 323 24.3669 0.8075 0 0 0 10123 10123 936 
414 341 1 3.5 341 24.5488 0.8525 0 0 0 10195 10195 941 
415 341 1 3.5 341 24.5488 0.8525 0 0 0 10268 10268 942 
416 341 1 3.5 341 24.5488 0.8525 0 0 0 10353 10353 945 
417 341 1 3.5 341 24.5488 0.8525 0 0 0 10426 10426 946 
418 341 1 3.5 341 24.5488 0.8525 0 0 0 10510 10510 948 
419 341 1 3.5 341 24.3869 0.8525 0 0 0 10583 10583 949 
420 341 1 3.5 341 24.3869 0.8525 0 0 0 10658 10658 950 
421 341 1 3.5 341 24.3869 0.8525 0 0 0 10743 10743 952 
422 341 1 3.5 341 24.3869 0.8525 0 0 0 10817 10817 953 
423 341 1 3.5 341 24.3869 0.8525 0 0 0 10902 10902 954 
424 341 1 3.5 341 24.3869 0.8525 0 0 0 11057 11057 962 
425 342 1 3.5 342 25.8527 0.855 0 0 0 11144 11144 972 
426 342 1 3.5 342 24.7959 0.855 0 0 0 11223 11223 975 
427 342 1 3.5 342 24.7959 0.855 0 0 0 11303 11303 976 
428 342 1 3.5 342 24.7747 0.855 0 0 0 11384 11384 980 
429 342 1 3.5 342 24.4334 0.855 0 0 0 11464 11464 981 
430 342 1 3.5 342 24.4334 0.855 0 0 0 11543 11543 982 
431 342 1 3.5 342 24.4334 0.855 0 0 0 11622 11622 983 
432 353 1 3.5 353 24.7712 0.8825 0 0 0 11703 11703 987 
433 355 1 3.5 355 33.3206 0.8875 0 0 0 11855 11855 993 
434 355 1 3.5 355 33.3206 0.8875 0 0 0 12015 12015 1002 
435 355 1 3.5 355 28.9561 0.8875 0 0 0 12123 12123 1014 
436 356 1 3.5 356 29.0443 0.89 0 0 0 12226 12226 1017 
437 356 1 3.5 356 29.0443 0.89 0 0 0 12336 12336 1035 
438 356 1 3.5 356 29.0443 0.89 0 0 0 12439 12439 1038 
439 356 1 3.5 356 29.0443 0.89 0 0 0 12542 12542 1039 
440 356 1 3.5 356 29.0443 0.89 0 0 0 12648 12648 1057 
441 356 1 3.5 356 28.9949 0.89 0 0 0 12755 12755 1058 
442 356 1 3.5 356 28.9949 0.89 0 0 0 12860 12860 1059 
443 356 1 3.5 356 28.9949 0.89 0 0 0 12969 12969 1065 
444 356 1 3.5 356 28.9949 0.89 0 0 0 13130 13130 1072 
445 357 1 3.5 357 33.5737 0.8925 0 0 0 13296 13296 1085 
446 358 1 3.5 358 36.773 0.895 0 0 0 13439 13439 1104 
447 358 1 3.5 358 34.2129 0.895 0 0 0 13684 13684 1119 
448 358 1 3.5 358 33.9068 0.895 0 0 0 13926 13926 1121 
449 358 1 3.5 358 32.1004 0.895 0 0 0 14043 14043 1131 
450 358 1 3.5 358 32.1004 0.895 0 0 0 14157 14157 1132 
451 358 1 3.5 358 32.1004 0.895 0 0 0 14281 14281 1141 
452 358 1 3.5 358 32.1004 0.895 0 0 0 14406 14406 1148 
453 358 1 3.5 358 32.1004 0.895 0 0 0 14559 14559 1156 
454 358 1 3.5 358 32.1004 0.895 0 0 0 14709 14709 1166 
455 358 1 3.5 358 29.8266 0.895 0 0 0 14891 14891 1180 
456 358 1 3.5 358 29.8266 0.895 0 0 0 15131 15131 1205 
457 358 1 3.5 358 29.6048 0.895 0 0 0 15315 15315 1215 
458 358 1 3.5 358 29.6048 0.895 0 0 0 15469 15469 1228 
459 358 1 3.5 358 29.6048 0.895 0 0 0 15654 15654 1232 
460 358 1 3.5 358 29.6048 0.895 0 0 0 15840 15840 1236 
461 358 1 3.5 358 29.6048 0.895 0 0 0 16026 16026 1243 
462 358 1 3.5 358 29.6048 0.895 0 0 0 16204 16204 1261 
463 358 1 3.5 358 29.6048 0.895 0 0 0 16390 16390 1264 
464 358 1 3.5 358 29.6048 0.895 0 0 0 16583 16583 1282 
465 358 1 3.5 358 26.6895 0.895 0 0 0 16763 16763 1287 
466 358 1 3.5 358 26.6895 0.895 0 0 0 16906 16906 1292 
467 358 1 3.5 358 26.6895 0.895 0 0 0 17062 17062 1303 
468 358 1 3.5 358 26.6895 0.895 0 0 0 17245 17245 1304 
469 358 1 3.5 358 26.6895 0.895 0 0 0 17424 17424 1312 
470 358 1 3.5 358 26.6895 0.895 0 0 0 17612 17612 1317 
471 358 1 3.5 358 26.6895 0.895 0 0 0 17800 17800 1320 
472 358 1 3.5 358 26.6895 0.895 0 0 0 18002 18002 1323 
473 358 1 3.5 358 26.6895 0.895 0 0 0 18179 18179 1330 
474 358 1 3.5 358 26.6895 0.895 0 0 0 18350 18350 1335 
475 358 1 3.5 358 26.6895 0.895 0 0 0 18506 18506 1344 
476 359 1 3.5 359 23.7513 0.8975 0 0 0 18595 18595 1350 
477 359 1 3.5 359 23.6807 0.8975 0 0 0 18716 18716 1355 
478 359 1 3.5 359 23.6807 0.8975 0 0 0 18848 18848 1371 
479 359 1 3.5 359 23.6807 0.8975 0 0 0 18948 18948 1374 
480 359 1 3.5 359 23.6807 0.8975 0 0 0 19050 19050 1376 
481 359 1 3.5 359 23.6807 0.8975 0 0 0 19156 19156 1378 
482 359 1 3.5 359 23.6807 0.8975 0 0 0 19295 19295 1382 
483 359 1 3.5 359 23.6807 0.8975 0 0 0 19473 19473 1391 
484 359 1 3.5 359 23.6807 0.8975 0 0 0 19575 19575 1398 
485 362 1 3.5 362 27.7109 0.905 0 0 0 19796 19796 1403 
486 362 1 3.5 362 27.7109 0.905 0 0 0 19928 19928 1406 
487 362 1 3.5 362 27.7109 0.905 0 0 0 20143 20143 1410 
488 362 1 3.5 362 27.7109 0.905 0 0 0 20366 20366 1412 
489 365 1 3.5 365 30.551 0.9125 0 0 0 20518 20518 1417 
490 365 1 3.5 365 30.4139 0.9125 0 0 0 20738 20738 1425 
491 365 1 3.5 365 27.915 0.9125 0 0 0 20979 20979 1430 
492 365 1 3.5 365 27.915 0.9125 0 0 0 21189 21189 1442 
493 365 1 3.5 365 27.915 0.9125 0 0 0 21411 21411 1446 
494 365 1 3.5 365 27.915 0.9125 0 0 0 21565 21565 1468 
495 365 1 3.5 365 27.915 0.9125 0 0 0 21800 21800 1471 
496 365 1 3.5 365 27.915 0.9125 0 0 0 21955 21955 1488 
497 365 1 3.5 365 27.915 0.9125 0 0 0 22170 22170 1500 
498 365 1 3.5 365 27.915 0.9125 0 0 0 22397 22397 1509 
499 365 1 3.5 365 27.915 0.9125 0 0 0 22553 22553 1521 
500 366 1 3.5 366 38.0322 0.915 0 0 0 22722 22722 1535 
501 366 1 3.5 366 35.8012 0.915 0 0 0 22863 22863 1546 
502 366 1 3.5 366 29.2816 0.915 0 0 0 23197 23197 1550 
503 366 1 3.5 366 29.2816 0.915 0 0 0 23492 23492 1556 
504 366 1 3.5 366 29.2816 0.915 0 0 0 23839 23839 1566 
505 366 1 3.5 366 29.2816 0.915 0 0 0 24140 24140 1572 
506 366 1 3.5 366 29.2816 0.915 0 0 0 24321 24321 1576 
507 367 1 3.5 367 34.4316 0.9175 0 0 0 24545 24545 1583 
508 367 1 3.5 367 34.4316 0.9175 0 0 0 24831 24831 1594 
509 367 1 3.5 367 34.4316 0.9175 0 0 0 25055 25055 1602 
510 367 1 3.5 367 34.4316 0.9175 0 0 0 25343 25343 1607 
511 367 1 3.5 367 34.4316 0.9175 0 0 0 25523 25523 1616 
512 367 1 3.5 367 27.036 0.9175 0 0 0 25718 25718 1622 
513 367 1 3.5 367 27.036 0.9175 0 0 0 25901 25901 1628 
514 367 1 3.5 367 27.036 0.9175 0 0 0 26100 26100 1630 
515 367 1 3.5 367 27.036 0.9175 0 0 0 26284 26284 1635 
516 367 1 3.5 367 27.036 0.9175 0 0 0 26464 26464 1643 
517 367 1 3.5 367 27.036 0.9175 0 0 0 26636 26636 1650 
518 367 1 3.5 367 27.036 0.9175 0 0 0 26914 26914 1658 
519 368 1 3.5 368 38.0214 0.92 0 0 0 27123 27123 1672 
520 368 1 3.5 368 38.0214 0.92 0 0 0 27383 27383 1686 
521 368 1 3.5 368 38.0214 0.92 0 0 0 27571 27571 1695 
522 368 1 3.5 368 37.6412 0.92 0 0 0 27739 27739 1699 
523 368 1 3.5 368 37.6412 0.92 0 0 0 27939 27939 1707 
524 368 1 3.5 368 36.4855 0.92 0 0 0 28128 28128 1714 
525 368 1 3.5 368 28.5585 0.92 0 0 0 28371 28371 1718 
526 368 1 3.5 368 28.5585 0.92 0 0 0 28543 28543 1721 
527 368 1 3.5 368 28.5585 0.92 0 0 0 28754 28754 1729 
528 368 1 3.5 368 28.5585 0.92 0 0 0 28926 28926 1734 
529 369 1 3.5 369 32.5239 0.9225 0 0 0 29074 29074 1743 
530 369 1 3.5 369 32.5239 0.9225 0 0 0 29387 29387 1751 
531 370 1 3.5 370 42.6055 0.925 0 0 0 29750 29750 1763 
532 370 1 3.5 370 42.6055 0.925 0 0 0 30234 30234 1771 
533 370 1 3.5 370 42.6055 0.925 0 0 0 30545 30545 1776 
534 370 1 3.5 370 42.6055 0.925 0 0 0 30801 30801 1786 
535 370 1 3.5 370 42.6055 0.925 0 0 0 31077 31077 1793 
536 370 1 3.5 370 42.3948 0.925 0 0 0 31414 31414 1803 
537 370 1 3.5 370 42.2181 0.925 0 0 0 31653 31653 1809 
538 370 1 3.5 370 42.2181 0.925 0 0 0 31981 31981 1813 
539 370 1 3.5 370 42.2181 0.925 0 0 0 32488 32488 1832 
540 370 1 3.5 370 42.2181 0.925 0 0 0 32934 32934 1842 
541 370 1 3.5 370 42.2181 0.925 0 0 0 33590 33590 1854 
542 370 1 3.5 370 42.2181 0.925 0 0 0 34067 34067 1865 
543 370 1 3.5 370 42.2181 0.925 0 0 0 34788 34788 1893 
544 370 1 3.5 370 42.2181 0.925 0 0 0 35351 35351 1898 
545 370 1 3.5 370 31.9581 0.925 0 0 0 36309 36309 1906 
546 370 1 3.5 370 31.9581 0.925 0 0 0 36934 36934 1918 
547 370 1 3.5 370 31.9581 0.925 0 0 0 37566 37566 1936 
548 371 1 3.5 371 45.4538 0.9275 0 0 0 38633 38633 1946 
549 371 1 3.5 371 41.0181 0.9275 0 0 0 39145 39145 1961 
550 371 1 3.5 371 40.3834 0.9275 0 0 0 39605 39605 1982 
551 371 1 3.5 371 33.309 0.9275 0 0 0 40641 40641 1994 
552 371 1 3.5 371 33.309 0.9275 0 0 0 41097 41097 2004 
553 371 1 3.5 371 33.309 0.9275 0 0 0 41563 41563 2016 
554 371 1 3.5 371 33.309 0.9275 0 0 0 42027 42027 2029 
555 371 1 3.5 371 32.1159 0.9275 0 0 0 42714 42714 2034 
556 371 1 3.5 371 32.1159 0.9275 0 0 0 43345 43345 2053 
557 371 1 3.5 371 32.1159 0.9275 0 0 0 43875 43875 2075 
558 371 1 3.5 371 32.1159 0.9275 0 0 0 44407 44407 2087 
559 371 1 3.5 371 32.1159 0.9275 0 0 0 45032 45032 2094 
560 371 1 3.5 371 32.1159 0.9275 0 0 0 45939 45939 2104 
561 371 1 3.5 371 32.1159 0.9275 0 0 0 46217 46217 2113 
562 371 1 3.5 371 32.1159 0.9275 0 0 0 46669 46669 2125 
563 371 1 3.5 371 32.1159 0.9275 0 0 0 47344 47344 2131 
564 371 1 3.5 371 32.1159 0.9275 0 0 0 47702 47702 2140 
565 371 1 3.5 371 32.1159 0.9275 0 0 0 48127 48127 2159 
566 371 1 3.5 371 32.1159 0.9275 0 0 0 48736 48736 2169 
567 371 1 3.5 371 32.1159 0.9275 0 0 0 49259 49259 2177 
568 371 1 3.5 371 32.1159 0.9275 0 0 0 49879 49879 2189 
569 371 1 3.5 371 32.1159 0.9275 0 0 0 50503 50503 2205 
570 371 1 3.5 371 32.1159 0.9275 0 0 0 51213 51213 2216 
571 371 1 3.5 371 32.1159 0.9275 0 0 0 51832 51832 2229 
572 371 1 3.5 371 32.1159 0.9275 0 0 0 52471 52471 2239 
573 371 1 3.5 371 32.1159 0.9275 0 0 0 53140 53140 2246 
574 371 1 3.5 371 32.1159 0.9275 0 0 0 53822 53822 2250 
575 371 1 3.5 371 32.1159 0.9275 0 0 0 54399 54399 2266 
576 371 1 3.5 371 32.1159 0.9275 0 0 0 54974 54974 2275 
577 372 1 3.5 372 32.9825 0.93 0 0 0 55807 55807 2280 
578 372 1 3.5 372 32.9825 0.93 0 0 0 56630 56630 2283 
579 372 1 3.5 372 32.9825 0.93 0 0 0 57371 57371 2287 
580 372 1 3.5 372 32.9825 0.93 0 0 0 58095 58095 2297 
581 372 1 3.5 372 32.9825 0.93 0 0 0 58620 58620 2310 
582 372 1 3.5 372 32.9825 0.93 0 0 0 59361 59361 2321 
583 372 1 3.5 372 32.9825 0.93 0 0 0 59627 59627 2329 
584 372 1 3.5 372 32.9825 0.93 0 0 0 60202 60202 2345 
585 372 1 3.5 372 32.9825 0.93 0 0 0 60644 60644 2360 
586 372 1 3.5 372 32.9825 0.93 0 0 0 61264 61264 2365 
587 372 1 3.5 372 32.9825 0.93 0 0 0 61815 61815 2372 
588 372 1 3.5 372 32.9825 0.93 0 0 0 62231 62231 2383 
589 372 1 3.5 372 32.9825 0.93 0 0 0 62881 62881 2391 
590 372 1 3.5 372 32.9825 0.93 0 0 0 63885 63885 2401 
591 372 1 3.5 372 32.9825 0.93 0 0 0 64325 64325 2407 
592 372 1 3.5 372 32.9825 0.93 0 0 0 64752 64752 2415 
593 372 1 3.5 372 32.9825 0.93 0 0 0 65355 65355 2431 
594 372 1 3.5 372 32.9825 0.93 0 0 0 65830 65830 2438 
595 372 1 3.5 372 32.9825 0.93 0 0 0 66222 66222 2449 
596 372 1 3.5 372 32.9825 0.93 0 0 0 66821 66821 2456 
597 372 1 3.5 372 32.9825 0.93 0 0 0 67549 67549 2464 
598 372 1 3.5 372 32.9825 0.93 0 0 0 68134 68134 2467 
599 372 1 3.5 372 32.9825 0.93 0 0 0 68819 68819 2471 
600 372 1 3.5 372 32.9825 0.93 0 0 0 69411 69411 2479 
601 372 1 3.5 372 32.9825 0.93 0 0 0 69838 69838 2483 
602 372 1 3.5 372 32.9825 0.93 0 0 0 70379 70379 2495 
603 372 1 3.5 372 32.9825 0.93 0 0 0 70982 70982 2499 
604 372 1 3.5 372 32.9825 0.93 0 0 0 71470 71470 2511 
605 372 1 3.5 372 32.9825 0.93 0 0 0 71933 71933 2515 
606 372 1 3.5 372 32.9825 0.93 0 0 0 72540 72540 2522 
607 372 1 3.5 372 32.9825 0.93 0 0 0 73450 73450 2533 
608 372 1 3.5 372 32.9825 0.93 0 0 0 74043 74043 2537 
609 372 1 3.5 372 32.9825 0.93 0 0 0 74469 74469 2546 
610 372 1 3.5 372 32.9825 0.93 0 0 0 75424 75424 2552 
611 372 1 3.5 372 32.9825 0.93 0 0 0 75852 75852 2556 
612 372 1 3.5 372 32.9825 0.93 0 0 0 76238 76238 2564 
613 372 1 3.5 372 32.9825 0.93 0 0 0 76795 76795 2572 
614 372 1 3.5 372 32.9825 0.93 0 0 0 77198 77198 2575 
615 372 1 3.5 372 32.9825 0.93 0 0 0 77657 77657 2580 
616 372 1 3.5 372 32.9825 0.93 0 0 0 78116 78116 2589 
617 372 1 3.5 372 32.9825 0.93 0 0 0 78616 78616 2596 
618 372 1 3.5 372 32.9825 0.93 0 0 0 79331 79331 2601 
619 372 1 3.5 372 32.9825 0.93 0 0 0 80131 80131 2606 
620 372 1 3.5 372 32.9825 0.93 0 0 0 80794 80794 2615 
621 372 1 3.5 372 32.9825 0.93 0 0 0 81509 81509 2623 
622 372 1 3.5 372 32.9825 0.93 0 0 0 81971 81971 2633 
623 372 1 3.5 372 32.9825 0.93 0 0 0 82513 82513 2645 
624 372 1 3.5 372 32.9825 0.93 0 0 0 82893 82893 2657 
625 373 1 3.5 373 40.1085 0.9325 0 0 0 84184 84184 2667 
626 373 1 3.5 373 40.1085 0.9325 0 0 0 84873 84873 2681 
627 373 1 3.5 373 40.1085 0.9325 0 0 0 85474 85474 2692 
628 373 1 3.5 373 40.1085 0.9325 0 0 0 86351 86351 2712 
629 376 1 3.5 376 45.2691 0.94 0 0 0 87252 87252 2719 
630 376 1 3.5 376 45.2691 0.94 0 0 0 87861 87861 2732 
631 376 1 3.5 376 42.5272 0.94 0 0 0 88749 88749 2736 
632 376 1 3.5 376 40.542 0.94 0 0 0 89739 89739 2743 
633 376 1 3.5 376 40.542 0.94 0 0 0 90917 90917 2761 
634 379 1 3.5 379 47.0294 0.9475 0 0 0 92116 92116 2770 
635 379 1 3.5 379 45.6324 0.9475 0 0 0 92923 92923 2779 
636 379 1 3.5 379 43.3575 0.9475 0 0 0 94062 94062 2793 
637 379 1 3.5 379 43.3575 0.9475 0 0 0 94480 94480 2806 
638 379 1 3.5 379 43.3575 0.9475 0 0 0 95201 95201 2816 
639 379 1 3.5 379 43.3575 0.9475 0 0 0 96272 96272 2824 
640 379 1 3.5 379 43.3575 0.9475 0 0 0 96758 96758 2835 
641 379 1 3.5 379 43.3575 0.9475 0 0 0 97411 97411 2849 
642 382 1 3.5 382 46.5969 0.955 0 0 0 98062 98062 2866 
643 385 1 3.5 385 47.9947 0.9625 0 0 0 99372 99372 2876 
644 385 1 3.5 385 46.4501 0.9625 0 0 0 99968 99968 2886 
645 388 1 3.5 388 44.8395 0.97 0 0 0 100564 100564 2902 
646 388 1 3.5 388 44.8395 0.97 0 0 0 101217 101217 2913 
647 388 1 3.5 388 44.8395 0.97 0 0 0 101854 101854 2923 
648 388 1 3.5 388 44.8395 0.97 0 0 0 102737 102737 2931 
649 388 1 3.5 388 44.8395 0.97 0 0 0 103596 103596 2941 
650 388 1 3.5 388 41.1138 0.97 0 0 0 104838 104838 2956 
651 388 1 3.5 388 41.1138 0.97 0 0 0 105259 105259 2967 
652 388 1 3.5 388 41.1138 0.97 0 0 0 105784 105784 2975 
653 388 1 3.5 388 41.1138 0.97 0 0 0 106402 106402 2983 
654 388 1 3.5 388 41.1138 0.97 0 0 0 107241 107241 2990 
655 388 1 3.5 388 41.1138 0.97 0 0 0 107901 107901 2999 
656 388 1 3.5 388 41.1138 0.97 0 0 0 108546 108546 3008 
657 388 1 3.5 388 41.1138 0.97 0 0 0 109096 109096 3013 
658 388 1 3.5 388 41.1138 0.97 0 0 0 109867 109867 3021 
659 388 1 3.5 388 40.2442 0.97 0 0 0 110803 110803 3031 
660 388 1 3.5 388 40.2442 0.97 0 0 0 111574 111574 3038 
661 388 1 3.5 388 40.2442 0.97 0 0 0 112623 112623 3047 
662 388 1 3.5 388 40.2442 0.97 0 0 0 113378 113378 3059 
663 388 1 3.5 388 40.2442 0.97 0 0 0 114216 114216 3065 
664 388 1 3.5 388 40.2442 0.97 0 0 0 115103 115103 3071 
665 388 1 3.5 388 40.2442 0.97 0 0 0 115745 115745 3082 
666 388 1 3.5 388 40.2442 0.97 0 0 0 117504 117504 3085 
667 388 1 3.5 388 39.7479 0.97 0 0 0 118507 118507 3093 
668 388 1 3.5 388 39.7479 0.97 0 0 0 119212 119212 3102 
669 388 1 3.5 388 39.7479 0.97 0 0 0 120011 120011 3110 
670 388 1 3.5 388 39.7479 0.97 0 0 0 120812 120812 3122 
671 388 1 3.5 388 39.7479 0.97 0 0 0 121369 121369 3124 
672 389 1 3.5 389 46.1392 0.9725 0 0 0 122345 122345 3132 
673 389 1 3.5 389 44.4271 0.9725 0 0 0 122893 122893 3143 
674 389 1 3.5 389 44.4271 0.9725 0 0 0 123837 123837 3151 
675 389 1 3.5 389 39.5783 0.9725 0 0 0 124897 124897 3158 
676 389 1 3.5 389 39.5783 0.9725 0 0 0 125687 125687 3162 
677 389 1 3.5 389 39.5783 0.9725 0 0 0 126330 126330 3179 
678 389 1 3.5 389 39.5783 0.9725 0 0 0 127654 127654 3187 
679 389 1 3.5 389 39.5783 0.9725 0 0 0 128359 128359 3195 
680 389 1 3.5 389 39.5783 0.9725 0 0 0 129044 129044 3204 
681 389 1 3.5 389 39.5783 0.9725 0 0 0 130244 130244 3212 
682 389 1 3.5 389 39.5783 0.9725 0 0 0 131476 131476 3219 
683 389 1 3.5 389 39.5783 0.9725 0 0 0 132760 132760 3229 
684 389 1 3.5 389 39.5783 0.9725 0 0 0 133471 133471 3238 
685 389 1 3.5 389 39.5783 0.9725 0 0 0 134014 134014 3243 
686 389 1 3.5 389 39.5783 0.9725 0 0 0 134844 134844 3248 
687 389 1 3.5 389 39.5783 0.9725 0 0 0 135652 135652 3256 
688 389 1 3.5 389 39.5783 0.9725 0 0 0 136383 136383 3262 
689 389 1 3.5 389 39.5783 0.9725 0 0 0 137275 137275 3274 
690 389 1 3.5 389 39.5783 0.9725 0 0 0 138028 138028 3281 
691 389 1 3.5 389 39.5783 0.9725 0 0 0 139141 139141 3285 
692 389 1 3.5 389 39.5783 0.9725 0 0 0 139872 139872 3296 
693 389 1 3.5 389 39.5783 0.9725 0 0 0 140969 140969 3304 
694 389 1 3.5 389 39.5783 0.9725 0 0 0 141734 141734 3311 
695 389 1 3.5 389 39.5783 0.9725 0 0 0 142602 142602 3318 
696 389 1 3.5 389 39.5783 0.9725 0 0 0 143547 143547 3324 
697 389 1 3.5 389 39.5783 0.9725 0 0 0 144419 144419 3330 
698 389 1 3.5 389 39.5783 0.9725 0 0 0 145168 145168 3333 
699 389 1 3.5 389 39.5783 0.9725 0 0 0 146285 146285 3341 
700 389 1 3.5 389 39.5783 0.9725 0 0 0 147208 147208 3345 
701 389 1 3.5 389 39.5783 0.9725 0 0 0 147908 147908 3351 
702 389 1 3.5 389 39.5783 0.9725 0 0 0 149075 149075 3352 
703 389 1 3.5 389 39.5783 0.9725 0 0 0 150246 150246 3357 
704 389 1 3.5 389 39.5783 0.9725 0 0 0 151182 151182 3362 
705 389 1 3.5 389 39.5783 0.9725 0 0 0 151824 151824 3365 
706 389 1 3.5 389 39.5783 0.9725 0 0 0 152701 152701 3377 
707 389 1 3.5 389 39.5783 0.9725 0 0 0 153641 153641 3391 
708 389 1 3.5 389 39.5783 0.9725 0 0 0 154159 154159 3404 
709 389 1 3.5 389 39.5783 0.9725 0 0 0 154618 154618 3412 
710 389 1 3.5 389 39.5783 0.9725 0 0 0 155531 155531 3418 
711 389 1 3.5 389 39.5783 0.9725 0 0 0 156169 156169 3423 
712 389 1 3.5 389 39.5783 0.9725 0 0 0 156791 156791 3431 
713 389 1 3.5 389 39.5783 0.9725 0 0 0 157475 157475 3437 
714 389 1 3.5 389 39.5783 0.9725 0 0 0 158664 158664 3453 
715 389 1 3.5 389 39.5783 0.9725 0 0 0 159332 159332 3459 
716 389 1 3.5 389 39.5783 0.9725 0 0 0 160001 160001 3460 
717 389 1 3.5 389 39.5783 0.9725 0 0 0 160613 160613 3468 
718 389 1 3.5 389 39.5783 0.9725 0 0 0 161259 161259 3471 
719 389 1 3.5 389 39.5783 0.9725 0 0 0 161986 161986 3477 
720 389 1 3.5 389 39.5783 0.9725 0 0 0 162609 162609 3482 
721 389 1 3.5 389 39.5783 0.9725 0 0 0 163737 163737 3489 
722 389 1 3.5 389 39.5783 0.9725 0 0 0 164404 164404 3496 
723 389 1 3.5 389 39.5783 0.9725 0 0 0 165077 165077 3498 
724 389 1 3.5 389 39.5783 0.9725 0 0 0 166099 166099 3504 
725 389 1 3.5 389 39.5783 0.9725 0 0 0 166873 166873 3505 
726 389 1 3.5 389 39.5783 0.9725 0 0 0 167709 167709 3506 
727 389 1 3.5 389 39.5783 0.9725 0 0 0 168371 168371 3507 
728 389 1 3.5 389 39.5783 0.9725 0 0 0 168987 168987 3510 
729 389 1 3.5 389 39.5783 0.9725 0 0 0 170477 170477 3515 
730 389 1 3.5 389 39.5783 0.9725 0 0 0 171139 171139 3518 
731 389 1 3.5 389 39.5783 0.9725 0 0 0 171859 171859 3530 
732 389 1 3.5 389 39.5783 0.9725 0 0 0 172605 172605 3533 
733 389 1 3.5 389 39.5783 0.9725 0 0 0 173441 173441 3544 
734 389 1 3.5 389 39.5783 0.9725 0 0 0 174441 174441 3561 
735 389 1 3.5 389 39.5783 0.9725 0 0 0 175330 175330 3570 
736 389 1 3.5 389 39.5783 0.9725 0 0 0 176200 176200 3578 
737 389 1 3.5 389 39.5783 0.9725 0 0 0 176737 176737 3584 
738 389 1 3.5 389 39.5783 0.9725 0 0 0 177938 177938 3603 
739 389 1 3.5 389 39.5783 0.9725 0 0 0 178917 178917 3607 
740 389 1 3.5 389 39.5783 0.9725 0 0 0 179767 179767 3614 
741 389 1 3.5 389 39.5783 0.9725 0 0 0 180580 180580 3623 
742 389 1 3.5 389 39.5783 0.9725 0 0 0 181109 181109 3629 
743 389 1 3.5 389 39.5783 0.9725 0 0 0 181713 181713 3636 
744 389 1 3.5 389 39.5783 0.9725 0 0 0 182966 182966 3649 
745 389 1 3.5 389 39.5783 0.9725 0 0 0 184042 184042 3652 
746 389 1 3.5 389 39.5783 0.9725 0 0 0 185162 185162 3656 
747 389 1 3.5 389 39.5783 0.9725 0 0 0 185996 185996 3664 
748 389 1 3.5 389 39.5783 0.9725 0 0 0 186785 186785 3669 
749 389 1 3.5 389 39.5783 0.9725 0 0 0 187740 187740 3676 
750 389 1 3.5 389 39.5783 0.9725 0 0 0 188892 188892 3681 
751 389 1 3.5 389 39.5783 0.9725 0 0 0 189985 189985 3684 
752 389 1 3.5 389 39.5783 0.9725 0 0 0 191079 191079 3688 
753 389 1 3.5 389 39.5783 0.9725 0 0 0 192211 192211 3693 
754 389 1 3.5 389 39.5783 0.9725 0 0 0 193461 193461 3699 
755 389 1 3.5 389 39.5783 0.9725 0 0 0 194585 194585 3712 
756 389 1 3.5 389 39.5783 0.9725 0 0 0 195497 195497 3716 
757 389 1 3.5 389 39.5783 0.9725 0 0 0 196692 196692 3721 
758 389 1 3.5 389 39.5783 0.9725 0 0 0 198020 198020 3725 
759 389 1 3.5 389 39.5783 0.9725 0 0 0 199725 199725 3731 
760 389 1 3.5 389 37.9703 0.9725 0 0 0 200909 200909 3738 
761 389 1 3.5 389 37.9703 0.9725 0 0 0 202146 202146 3744 
762 389 1 3.5 389 37.9703 0.9725 0 0 0 203514 203514 3747 
763 389 1 3.5 389 37.9703 0.9725 0 0 0 204356 204356 3754 
764 389 1 3.5 389 37.9703 0.9725 0 0 0 205240 205240 3761 
765 389 1 3.5 389 37.9703 0.9725 0 0 0 206298 206298 3765 
766 389 1 3.5 389 37.9703 0.9725 0 0 0 207247 207247 3767 
767 389 1 3.5 389 37.9703 0.9725 0 0 0 208518 208518 3775 
768 389 1 3.5 389 37.9703 0.9725 0 0 0 209929 209929 3785 
769 389 1 3.5 389 37.9703 0.9725 0 0 0 210926 210926 3796 
770 389 1 3.5 389 37.9703 0.9725 0 0 0 211965 211965 3799 
771 389 1 3.5 389 37.9703 0.9725 0 0 0 212946 212946 3801 
772 389 1 3.5 389 37.9703 0.9725 0 0 0 214347 214347 3807 
773 389 1 3.5 389 37.9703 0.9725 0 0 0 215602 215602 3809 
774 389 1 3.5 389 37.9703 0.9725 0 0 0 216838 216838 3824 
775 389 1 3.5 389 37.9703 0.9725 0 0 0 218470 218470 3834 
776 389 1 3.5 389 37.9703 0.9725 0 0 0 219654 219654 3839 
777 389 1 3.5 389 37.9703 0.9725 0 0 0 220952 220952 3851 
778 389 1 3.5 389 37.9703 0.9725 0 0 0 221890 221890 3859 
779 389 1 3.5 389 37.9703 0.9725 0 0 0 223322 223322 3863 
780 389 1 3.5 389 37.9703 0.9725 0 0 0 224759 224759 3872 
781 389 1 3.5 389 37.9703 0.9725 0 0 0 225312 225312 3882 
782 389 1 3.5 389 37.9703 0.9725 0 0 0 226291 226291 3887 
783 389 1 3.5 389 37.9703 0.9725 0 0 0 226949 226949 3893 
784 389 1 3.5 389 37.9703 0.9725 0 0 0 227848 227848 3902 
785 389 1 3.5 389 37.9703 0.9725 0 0 0 229626 229626 3906 
786 389 1 3.5 389 37.9703 0.9725 0 0 0 230861 230861 3914 
787 389 1 3.5 389 37.9703 0.9725 0 0 0 231695 231695 3920 
788 389 1 3.5 389 37.9703 0.9725 0 0 0 232646 232646 3930 
789 389 1 3.5 389 37.9703 0.9725 0 0 0 233529 233529 3937 
790 389 1 3.5 389 37.9703 0.9725 0 0 0 234949 234949 3943 
791 389 1 3.5 389 37.9703 0.9725 0 0 0 236214 236214 3951 
792 389 1 3.5 389 37.9703 0.9725 0 0 0 237126 237126 3956 
793 389 1 3.5 389 37.9703 0.9725 0 0 0 238116 238116 3958 
794 389 1 3.5 389 37.9703 0.9725 0 0 0 239067 239067 3964 
795 389 1 3.5 389 37.9703 0.9725 0 0 0 240370 240370 3974 
796 389 1 3.5 389 37.9703 0.9725 0 0 0 242073 242073 3979 
797 389 1 3.5 389 37.9703 0.9725 0 0 0 243671 243671 3984 
798 389 1 3.5 389 37.9703 0.9725 0 0 0 244609 244609 3987 
799 389 1 3.5 389 37.9703 0.9725 0 0 0 245892 245892 3991 
800 389 1 3.5 389 37.9703 0.9725 0 0 0 247142 247142 3996 
801 389 1 3.5 389 37.9703 0.9725 0 0 0 248581 248581 3999 
802 389 1 3.5 389 37.9703 0.9725 0 0 0 249547 249547 4003 
803 389 1 3.5 389 37.9703 0.9725 0 0 0 251121 251121 4009 
804 389 1 3.5 389 37.9703 0.9725 0 0 0 252669 252669 4013 
805 389 1 3.5 389 37.9703 0.9725 0 0 0 253797 253797 4015 
806 389 1 3.5 389 37.9703 0.9725 0 0 0 254816 254816 4023 
807 389 1 3.5 389 37.9703 0.9725 0 0 0 256239 256239 4028 
808 389 1 3.5 389 37.9703 0.9725 0 0 0 257267 257267 4033 
809 389 1 3.5 389 37.9703 0.9725 0 0 0 258217 258217 4038 
810 389 1 3.5 389 37.9703 0.9725 0 0 0 259422 259422 4042 
811 389 1 3.5 389 37.9703 0.9725 0 0 0 260700 260700 4049 
812 389 1 3.5 389 37.9703 0.9725 0 0 0 261646 261646 4057 
813 389 1 3.5 389 37.9703 0.9725 0 0 0 262938 262938 4074 
814 389 1 3.5 389 37.9703 0.9725 0 0 0 264352 264352 4079 
815 389 1 3.5 389 37.9703 0.9725 0 0 0 265745 265745 4081 
816 389 1 3.5 389 37.9703 0.9725 0 0 0 267175 267175 4084 
817 389 1 3.5 389 37.9703 0.9725 0 0 0 268456 268456 4087 
818 389 1 3.5 389 37.9703 0.9725 0 0 0 269928 269928 4093 
819 389 1 3.5 389 37.9703 0.9725 0 0 0 270799 270799 4098 
820 389 1 3.5 389 37.9703 0.9725 0 0 0 272003 272003 4102 
821 389 1 3.5 389 37.9703 0.9725 0 0 0 274379 274379 4112 
822 389 1 3.5 389 37.9703 0.9725 0 0 0 276045 276045 4115 
823 392 1 3.5 392 54.1899 0.98 0 0 0 277065 277065 4126 
824 392 1 3.5 392 54.1899 0.98 0 0 0 278905 278905 4133 
825 392 1 3.5 392 51.8395 0.98 0 0 0 280621 280621 4138 
826 392 1 3.5 392 43.6483 0.98 0 0 0 281275 281275 4142 
827 392 1 3.5 392 43.6483 0.98 0 0 0 282859 282859 4144 
828 392 1 3.5 392 43.6483 0.98 0 0 0 284603 284603 4149 
829 392 1 3.5 392 41.791 0.98 0 0 0 286520 286520 4154 
830 392 1 3.5 392 41.791 0.98 0 0 0 288298 288298 4157 
831 392 1 3.5 392 41.791 0.98 0 0 0 289053 289053 4167 
832 392 1 3.5 392 41.791 0.98 0 0 0 290743 290743 4175 
833 392 1 3.5 392 41.791 0.98 0 0 0 291791 291791 4183 
834 392 1 3.5 392 41.791 0.98 0 0 0 294222 294222 4192 
835 392 1 3.5 392 41.791 0.98 0 0 0 294970 294970 4201 
836 392 1 3.5 392 41.576 0.98 0 0 0 296572 296572 4207 
837 392 1 3.5 392 41.576 0.98 0 0 0 297795 297795 4217 
838 392 1 3.5 392 41.576 0.98 0 0 0 299462 299462 4222 
839 392 1 3.5 392 41.576 0.98 0 0 0 300407 300407 4224 
840 392 1 3.5 392 41.576 0.98 0 0 0 301886 301886 4233 
841 392 1 3.5 392 41.576 0.98 0 0 0 303859 303859 4237 
842 392 1 3.5 392 41.576 0.98 0 0 0 306107 306107 4248 
843 392 1 3.5 392 41.576 0.98 0 0 0 307821 307821 4250 
844 392 1 3.5 392 41.576 0.98 0 0 0 309493 309493 4257 
845 392 1 3.5 392 41.576 0.98 0 0 0 310564 310564 4266 
846 392 1 3.5 392 41.576 0.98 0 0 0 312252 312252 4270 
847 392 1 3.5 392 41.576 0.98 0 0 0 314346 314346 4280 
848 392 1 3.5 392 41.4875 0.98 0 0 0 316289 316289 4282 
849 392 1 3.5 392 41.4875 0.98 0 0 0 318455 318455 4290 
850 392 1 3.5 392 41.4875 0.98 0 0 0 320520 320520 4295 
851 392 1 3.5 392 41.4875 0.98 0 0 0 323295 323295 4297 
852 392 1 3.5 392 41.4875 0.98 0 0 0 325401 325401 4304 
853 392 1 3.5 392 41.4875 0.98 0 0 0 326856 326856 4308 
854 392 1 3.5 392 41.4875 0.98 0 0 0 328767 328767 4315 
855 392 1 3.5 392 41.4875 0.98 0 0 0 330885 330885 4318 
856 392 1 3.5 392 41.4875 0.98 0 0 0 332041 332041 4329 
857 392 1 3.5 392 41.4875 0.98 0 0 0 334300 334300 4333 
858 392 1 3.5 392 41.4875 0.98 0 0 0 335966 335966 4341 
859 392 1 3.5 392 41.4875 0.98 0 0 0 337078 337078 4347 
860 392 1 3.5 392 41.4875 0.98 0 0 0 339114 339114 4356 
861 394 1 3.5 394 57.2562 0.985 0 0 0 341221 341221 4362 
862 394 1 3.5 394 55.7549 0.985 0 0 0 343250 343250 4365 
863 394 1 3.5 394 52.4866 0.985 0 0 0 344821 344821 4378 
864 394 1 3.5 394 44.9867 0.985 0 0 0 346298 346298 4383 
865 394 1 3.5 394 44.9867 0.985 0 0 0 348846 348846 4396 
866 394 1 3.5 394 44.9867 0.985 0 0 0 350893 350893 4399 
867 394 1 3.5 394 44.9867 0.985 0 0 0 352457 352457 4403 
868 394 1 3.5 394 44.9867 0.985 0 0 0 353830 353830 4409 
869 394 1 3.5 394 44.9867 0.985 0 0 0 355718 355718 4412 
870 394 1 3.5 394 40.4295 0.985 0 0 0 356838 356838 4418 
871 394 1 3.5 394 40.4295 0.985 0 0 0 358521 358521 4426 
872 394 1 3.5 394 40.4295 0.985 0 0 0 359927 359927 4436 
873 394 1 3.5 394 40.4295 0.985 0 0 0 361949 361949 4445 
874 394 1 3.5 394 40.4295 0.985 0 0 0 364115 364115 4452 
875 394 1 3.5 394 40.4295 0.985 0 0 0 366008 366008 4458 
876 394 1 3.5 394 40.4295 0.985 0 0 0 368415 368415 4463 
877 394 1 3.5 394 40.4295 0.985 0 0 0 370402 370402 4468 
878 394 1 3.5 394 40.4295 0.985 0 0 0 373119 373119 4472 
879 394 1 3.5 394 40.4295 0.985 0 0 0 375139 375139 4482 
880 394 1 3.5 394 40.4295 0.985 0 0 0 377033 377033 4486 
881 394 1 3.5 394 40.4295 0.985 0 0 0 378651 378651 4489 
882 394 1 3.5 394 40.4295 0.985 0 0 0 381092 381092 4495 
883 394 1 3.5 394 40.4295 0.985 0 0 0 382279 382279 4500 
884 394 1 3.5 394 40.4295 0.985 0 0 0 384860 384860 4510 
885 394 1 3.5 394 40.4295 0.985 0 0 0 387189 387189 4512 
886 394 1 3.5 394 40.4295 0.985 0 0 0 387971 387971 4522 
887 394 1 3.5 394 40.4295 0.985 0 0 0 389056 389056 4525 
888 394 1 3.5 394 40.4295 0.985 0 0 0 391022 391022 4527 
889 394 1 3.5 394 40.4295 0.985 0 0 0 392879 392879 4530 
890 394 1 3.5 394 40.4295 0.985 0 0 0 395058 395058 4533 
891 394 1 3.5 394 40.4295 0.985 0 0 0 396708 396708 4542 
892 394 1 3.5 394 40.4295 0.985 0 0 0 399812 399812 4549 
893 394 1 3.5 394 39.3393 0.985 0 0 0 401980 401980 4554 
894 394 1 3.5 394 39.3393 0.985 0 0 0 403719 403719 4562 
895 394 1 3.5 394 39.3393 0.985 0 0 0 406066 406066 4567 
896 394 1 3.5 394 39.3393 0.985 0 0 0 408429 408429 4580 
897 394 1 3.5 394 39.3393 0.985 0 0 0 409597 409597 4590 
898 394 1 3.5 394 39.3393 0.985 0 0 0 411564 411564 4598 
899 394 1 3.5 394 39.3393 0.985 0 0 0 413669 413669 4601 
900 394 1 3.5 394 39.3393 0.985 0 0 0 415413 415413 4603 
901 394 1 3.5 394 39.3393 0.985 0 0 0 417301 417301 4607 
902 394 1 3.5 394 39.3393 0.985 0 0 0 419619 419619 4612 
903 394 1 3.5 394 39.3393 0.985 0 0 0 421916 421916 4614 
904 394 1 3.5 394 39.3393 0.985 0 0 0 425774 425774 4619 
905 394 1 3.5 394 39.3393 0.985 0 0 0 427066 427066 4628 
906 394 1 3.5 394 39.3393 0.985 0 0 0 428969 428969 4633 
907 394 1 3.5 394 39.3393 0.985 0 0 0 430260 430260 4637 
908 394 1 3.5 394 39.3393 0.985 0 0 0 433457 433457 4645 
909 394 1 3.5 394 39.3393 0.985 0 0 0 435648 435648 4646 
910 394 1 3.5 394 39.3393 0.985 0 0 0 438547 438547 4652 
911 394 1 3.5 394 39.3393 0.985 0 0 0 439442 439442 4656 
912 395 1 3.5 395 49.0987 0.9875 0 0 0 441578 441578 4661 
913 395 1 3.5 395 47.0505 0.9875 0 0 0 443544 443544 4667 
914 395 1 3.5 395 47.0505 0.9875 0 0 0 445335 445335 4673 
915 395 1 3.5 395 47.0505 0.9875 0 0 0 447300 447300 4676 
916 395 1 3.5 395 47.0505 0.9875 0 0 0 449132 449132 4691 
917 395 1 3.5 395 47.0505 0.9875 0 0 0 451451 451451 4694 
918 395 1 3.5 395 47.0505 0.9875 0 0 0 452991 452991 4699 
919 395 1 3.5 395 47.0505 0.9875 0 0 0 455166 455166 4704 
920 395 1 3.5 395 47.0505 0.9875 0 0 0 457280 457280 4709 
921 395 1 3.5 395 47.0505 0.9875 0 0 0 459766 459766 4711 
922 395 1 3.5 395 47.0505 0.9875 0 0 0 462342 462342 4715 
923 395 1 3.5 395 47.0505 0.9875 0 0 0 464748 464748 4718 
924 395 1 3.5 395 47.0505 0.9875 0 0 0 467292 467292 4722 
925 395 1 3.5 395 47.0505 0.9875 0 0 0 469336 469336 4726 
926 395 1 3.5 395 47.0505 0.9875 0 0 0 470574 470574 4733 
927 395 1 3.5 395 47.0505 0.9875 0 0 0 472847 472847 4737 
928 395 1 3.5 395 45.4465 0.9875 0 0 0 473891 473891 4741 
929 395 1 3.5 395 45.4465 0.9875 0 0 0 476403 476403 4752 
930 395 1 3.5 395 45.4465 0.9875 0 0 0 478437 478437 4756 
931 395 1 3.5 395 45.4465 0.9875 0 0 0 480367 480367 4763 
932 395 1 3.5 395 45.4465 0.9875 0 0 0 482595 482595 4767 
933 395 1 3.5 395 45.4465 0.9875 0 0 0 486074 486074 4774 
934 395 1 3.5 395 45.4465 0.9875 0 0 0 486868 486868 4784 
935 395 1 3.5 395 45.4465 0.9875 0 0 0 489491 489491 4787 
936 395 1 3.5 395 45.4465 0.9875 0 0 0 491653 491653 4789 
937 395 1 3.5 395 45.4465 0.9875 0 0 0 493197 493197 4793 
938 395 1 3.5 395 45.4465 0.9875 0 0 0 495195 495195 4798 
939 395 1 3.5 395 45.4465 0.9875 0 0 0 496846 496846 4803 
940 395 1 3.5 395 45.4465 0.9875 0 0 0 499277 499277 4805 
941 395 1 3.5 395 45.4465 0.9875 0 0 0 501184 501184 4808 
942 395 1 3.5 395 45.4036 0.9875 0 0 0 502804 502804 4813 
943 395 1 3.5 395 45.4036 0.9875 0 0 0 504690 504690 4820 
944 395 1 3.5 395 45.4036 0.9875 0 0 0 507363 507363 4826 
945 395 1 3.5 395 45.4036 0.9875 0 0 0 509739 509739 4829 
946 395 1 3.5 395 45.4036 0.9875 0 0 0 511558 511558 4833 
947 395 1 3.5 395 45.4036 0.9875 0 0 0 513714 513714 4838 
948 395 1 3.5 395 45.4036 0.9875 0 0 0 515346 515346 4842 
949 395 1 3.5 395 45.4036 0.9875 0 0 0 517915 517915 4846 
950 395 1 3.5 395 45.4036 0.9875 0 0 0 519736 519736 4851 
951 395 1 3.5 395 45.4036 0.9875 0 0 0 521458 521458 4858 
952 395 1 3.5 395 45.4036 0.9875 0 0 0 523082 523082 4863 
953 395 1 3.5 395 45.4036 0.9875 0 0 0 525043 525043 4872 
954 395 1 3.5 395 45.4036 0.9875 0 0 0 527907 527907 4883 
955 395 1 3.5 395 45.4036 0.9875 0 0 0 529158 529158 4890 
956 395 1 3.5 395 45.4036 0.9875 0 0 0 531316 531316 4895 
957 395 1 3.5 395 40.2397 0.9875 0 0 0 533000 533000 4901 
958 395 1 3.5 395 40.2397 0.9875 0 0 0 535265 535265 4908 
959 395 1 3.5 395 40.2397 0.9875 0 0 0 537814 537814 4915 
960 395 1 3.5 395 40.2397 0.9875 0 0 0 539624 539624 4920 
961 395 1 3.5 395 40.2397 0.9875 0 0 0 541487 541487 4925 
962 395 1 3.5 395 40.2397 0.9875 0 0 0 543512 543512 4928 
963 395 1 3.5 395 40.2397 0.9875 0 0 0 545275 545275 4932 
964 395 1 3.5 395 40.2397 0.9875 0 0 0 546877 546877 4938 
965 395 1 3.5 395 40.2397 0.9875 0 0 0 549451 549451 4945 
966 395 1 3.5 395 40.2397 0.9875 0 0 0 551785 551785 4950 
967 395 1 3.5 395 40.2397 0.9875 0 0 0 552977 552977 4955 
968 395 1 3.5 395 40.2397 0.9875 0 0 0 555019 555019 4960 
969 395 1 3.5 395 40.2397 0.9875 0 0 0 557048 557048 4966 
970 395 1 3.5 395 40.2397 0.9875 0 0 0 560026 560026 4968 
971 395 1 3.5 395 40.2397 0.9875 0 0 0 561892 561892 4970 
972 395 1 3.5 395 40.2397 0.9875 0 0 0 564704 564704 4978 
973 395 1 3.5 395 40.2397 0.9875 0 0 0 567096 567096 4981 
974 395 1 3.5 395 40.2397 0.9875 0 0 0 569715 569715 4982 
975 395 1 3.5 395 40.2397 0.9875 0 0 0 572886 572886 4983 
976 395 1 3.5 395 40.2397 0.9875 0 0 0 576418 576418 4985 
977 395 1 3.5 395 40.2397 0.9875 0 0 0 577885 577885 4990 
978 395 1 3.5 395 40.2397 0.9875 0 0 0 579225 579225 4997 
979 395 1 3.5 395 40.2397 0.9875 0 0 0 580547 580547 5005 
980 395 1 3.5 395 40.2397 0.9875 0 0 0 582452 582452 5014 
981 395 1 3.5 395 40.2397 0.9875 0 0 0 583805 583805 5016 
982 395 1 3.5 395 38.4423 0.9875 0 0 0 586266 586266 5023 
983 395 1 3.5 395 38.4423 0.9875 0 0 0 589171 589171 5028 
984 395 1 3.5 395 38.4423 0.9875 0 0 0 590842 590842 5033 
985 395 1 3.5 395 38.2633 0.9875 0 0 0 592252 592252 5037 
986 395 1 3.5 395 38.2633 0.9875 0 0 0 593760 593760 5042 
987 395 1 3.5 395 38.2633 0.9875 0 0 0 595686 595686 5050 
988 395 1 3.5 395 38.2633 0.9875 0 0 0 597410 597410 5060 
989 395 1 3.5 395 37.6969 0.9875 0 0 0 599053 599053 5065 
990 395 1 3.5 395 37.6969 0.9875 0 0 0 601599 601599 5071 
991 395 1 3.5 395 37.6969 0.9875 0 0 0 603183 603183 5074 
992 395 1 3.5 395 37.6969 0.9875 0 0 0 605143 605143 5086 
993 395 1 3.5 395 37.6969 0.9875 0 0 0 605801 605801 5089 
994 395 1 3.5 395 37.6969 0.9875 0 0 0 607811 607811 5093 
995 395 1 3.5 395 37.6969 0.9875 0 0 0 609821 609821 5096 
996 395 1 3.5 395 37.6969 0.9875 0 0 0 612210 612210 5103 
997 395 1 3.5 395 37.6969 0.9875 0 0 0 614934 614934 5108 
998 395 1 3.5 395 37.6969 0.9875 0 0 0 616306 616306 5117 
999 395 1 3.5 395 37.6969 0.9875 0 0 0 618782 618782 5120 
1000 395 1 3.5 395 37.6969 0.9875 0 0 0 620881 620881 5128 
1001 398 1 3.5 398 37.8332 0.995 0 0 0 623470 623470 5135 
1002 398 1 3.5 398 37.8332 0.995 0 0 0 626590 626590 5143 
1003 398 1 3.5 398 37.8332 0.995 0 0 0 629114 629114 5152 
1004 398 1 3.5 398 37.8332 0.995 0 0 0 629852 629852 5159 
1005 398 1 3.5 398 37.8332 0.995 0 0 0 631984 631984 5165 
1006 398 1 3.5 398 37.8332 0.995 0 0 0 633820 633820 5168 
1007 398 1 3.5 398 37.8332 0.995 0 0 0 636062 636062 5176 
1008 398 1 3.5 398 37.8332 0.995 0 0 0 638355 638355 5183 
1009 398 1 3.5 398 37.8332 0.995 0 0 0 640829 640829 5190 
1010 398 1 3.5 398 37.8332 0.995 0 0 0 642766 642766 5199 
1011 398 1 3.5 398 37.8332 0.995 0 0 0 644545 644545 5205 
