1 105 1 4 105 0 0.2625 0 0 0 0 0 0 
2 108 1 4 108 0.1 0.27 0 0 0 0 0 1 
3 110 1 4 110 0.195919 0.275 0 0 0 0 0 3 
4 112 1 4 112 0.295919 0.28 0 0 0 0 0 4 
5 114 1 4 114 0.395919 0.285 0 0 0 0 0 5 
6 115 1 4 115 0.488365 0.2875 0 0 0 0 0 7 
7 115 1 4 115 0.488365 0.2875 0 0 0 0 0 8 
8 122 1 4 122 0.62186 0.305 0 0 0 0 0 10 
9 122 1 4 122 0.62186 0.305 0 0 0 0 0 11 
10 122 1 4 122 0.62186 0.305 0 0 0 0 0 12 
11 131 1 4 131 0.72186 0.3275 0 0 0 0 0 13 
12 131 1 4 131 0.72186 0.3275 0 0 0 0 0 14 
13 132 1 4 132 1.03084 0.33 0 0 0 0 0 16 
14 133 1 4 133 1.15732 0.3325 0 0 0 0 0 19 
15 141 1 4 141 1.25557 0.3525 0 0 0 0 0 22 
16 141 1 4 141 1.25557 0.3525 0 0 0 0 0 23 
17 142 1 4 142 1.40416 0.355 0 0 0 0 0 25 
18 143 1 4 143 1.50416 0.3575 0 0 0 0 0 26 
19 145 1 4 145 1.65811 0.3625 0 0 0 0 0 28 
20 145 1 4 145 1.65811 0.3625 0 0 0 0 0 29 
21 145 1 4 145 1.65811 0.3625 0 0 0 0 0 30 
22 145 1 4 145 1.65811 0.3625 0 0 0 0 0 31 
23 146 1 4 146 1.7409 0.365 0 0 0 0 0 33 
24 146 1 4 146 1.7409 0.365 0 0 0 0 0 34 
25 147 1 4 147 2.02836 0.3675 0 0 0 0 0 36 
26 148 1 4 148 2.08592 0.37 0 0 0 0 0 38 
27 148 1 4 148 2.08592 0.37 0 0 0 0 0 42 
28 148 1 4 148 2.08592 0.37 0 0 0 0 0 43 
29 148 1 4 148 2.08592 0.37 0 0 0 0 0 44 
30 150 1 4 150 2.51612 0.375 0 0 0 1 1 46 
31 150 1 4 150 2.51612 0.375 0 0 0 2 2 47 
32 150 1 4 150 2.51612 0.375 0 0 0 3 3 48 
33 150 1 4 150 2.51612 0.375 0 0 0 4 4 49 
34 150 1 4 150 2.51612 0.375 0 0 0 5 5 50 
35 150 1 4 150 2.51612 0.375 0 0 0 6 6 51 
36 150 1 4 150 2.51612 0.375 0 0 0 7 7 52 
37 150 1 4 150 2.51612 0.375 0 0 0 8 8 53 
38 150 1 4 150 2.51612 0.375 0 0 0 9 9 54 
39 150 1 4 150 2.51612 0.375 0 0 0 10 10 55 
40 150 1 4 150 2.51612 0.375 0 0 0 11 11 56 
41 150 1 4 150 2.51612 0.375 0 0 0 12 12 57 
42 150 1 4 150 2.51612 0.375 0 0 0 13 13 58 
43 151 1 4 151 3.0701 0.3775 0 0 0 14 14 60 
44 152 1 4 152 3.12806 0.38 0 0 0 15 15 62 
45 152 1 4 152 3.12806 0.38 0 0 0 16 16 63 
46 152 1 4 152 3.12806 0.38 0 0 0 17 17 64 
47 152 1 4 152 3.12806 0.38 0 0 0 18 18 65 
48 152 1 4 152 3.12806 0.38 0 0 0 19 19 66 
49 152 1 4 152 3.12806 0.38 0 0 0 20 20 67 
50 152 1 4 152 3.12806 0.38 0 0 0 21 21 68 
51 152 1 4 152 3.12806 0.38 0 0 0 22 22 69 
52 152 1 4 152 3.12806 0.38 0 0 0 23 23 70 
53 152 1 4 152 3.12806 0.38 0 0 0 24 24 71 
54 152 1 4 152 3.12806 0.38 0 0 0 25 25 72 
55 159 1 4 159 3.53263 0.3975 0 0 0 26 26 74 
56 159 1 4 159 3.53263 0.3975 0 0 0 27 27 75 
57 165 1 4 165 3.88679 0.4125 0 0 0 29 29 78 
58 165 1 4 165 3.88679 0.4125 0 0 0 31 31 79 
59 165 1 4 165 3.88679 0.4125 0 0 0 33 33 80 
60 165 1 4 165 3.88679 0.4125 0 0 0 35 35 81 
61 165 1 4 165 3.88679 0.4125 0 0 0 37 37 82 
62 166 1 4 166 4.53395 0.415 0 0 0 39 39 85 
63 166 1 4 166 4.53395 0.415 0 0 0 41 41 86 
64 166 1 4 166 4.53395 0.415 0 0 0 43 43 87 
65 166 1 4 166 4.53395 0.415 0 0 0 45 45 88 
66 166 1 4 166 4.53395 0.415 0 0 0 47 47 89 
67 166 1 4 166 4.53395 0.415 0 0 0 49 49 90 
68 166 1 4 166 4.53395 0.415 0 0 0 52 52 91 
69 166 1 4 166 4.53395 0.415 0 0 0 54 54 92 
70 166 1 4 166 4.53395 0.415 0 0 0 56 56 95 
71 166 1 4 166 4.53395 0.415 0 0 0 58 58 96 
72 166 1 4 166 4.53395 0.415 0 0 0 60 60 97 
73 166 1 4 166 4.53395 0.415 0 0 0 62 62 98 
74 166 1 4 166 4.53395 0.415 0 0 0 64 64 99 
75 166 1 4 166 4.53395 0.415 0 0 0 66 66 100 
76 166 1 4 166 4.53395 0.415 0 0 0 68 68 101 
77 166 1 4 166 4.53395 0.415 0 0 0 70 70 102 
78 166 1 4 166 4.53395 0.415 0 0 0 72 72 103 
79 166 1 4 166 4.53395 0.415 0 0 0 74 74 104 
80 166 1 4 166 4.53395 0.415 0 0 0 76 76 105 
81 166 1 4 166 4.53395 0.415 0 0 0 79 79 106 
82 166 1 4 166 4.53395 0.415 0 0 0 81 81 107 
83 166 1 4 166 4.53395 0.415 0 0 0 83 83 108 
84 166 1 4 166 4.53395 0.415 0 0 0 85 85 109 
85 166 1 4 166 4.53395 0.415 0 0 0 87 87 110 
86 166 1 4 166 4.53395 0.415 0 0 0 90 90 111 
87 166 1 4 166 4.53395 0.415 0 0 0 93 93 112 
88 166 1 4 166 4.53395 0.415 0 0 0 95 95 115 
89 166 1 4 166 4.53395 0.415 0 0 0 97 97 116 
90 166 1 4 166 4.53395 0.415 0 0 0 99 99 117 
91 166 1 4 166 4.53395 0.415 0 0 0 101 101 118 
92 166 1 4 166 4.53395 0.415 0 0 0 104 104 119 
93 166 1 4 166 4.53395 0.415 0 0 0 107 107 120 
94 166 1 4 166 4.53395 0.415 0 0 0 109 109 121 
95 178 1 4 178 5.95551 0.445 0 0 0 111 111 125 
96 181 1 4 181 6.91491 0.4525 0 0 0 115 115 128 
97 182 1 4 182 6.95297 0.455 0 0 0 118 118 130 
98 182 1 4 182 6.95297 0.455 0 0 0 121 121 131 
99 182 1 4 182 6.95297 0.455 0 0 0 124 124 132 
100 187 1 4 187 7.50161 0.4675 0 0 0 128 128 135 
101 187 1 4 187 7.50161 0.4675 0 0 0 133 133 136 
102 187 1 4 187 7.50161 0.4675 0 0 0 137 137 137 
103 187 1 4 187 7.50161 0.4675 0 0 0 141 141 138 
104 187 1 4 187 7.50161 0.4675 0 0 0 145 145 139 
105 187 1 4 187 7.50161 0.4675 0 0 0 149 149 140 
106 187 1 4 187 7.50161 0.4675 0 0 0 153 153 141 
107 187 1 4 187 7.50161 0.4675 0 0 0 157 157 142 
108 187 1 4 187 7.50161 0.4675 0 0 0 161 161 143 
109 187 1 4 187 7.50161 0.4675 0 0 0 165 165 144 
110 187 1 4 187 7.50161 0.4675 0 0 0 169 169 145 
111 187 1 4 187 7.50161 0.4675 0 0 0 173 173 146 
112 187 1 4 187 7.50161 0.4675 0 0 0 177 177 147 
113 187 1 4 187 7.50161 0.4675 0 0 0 181 181 148 
114 187 1 4 187 7.50161 0.4675 0 0 0 185 185 149 
115 187 1 4 187 7.50161 0.4675 0 0 0 189 189 150 
116 187 1 4 187 7.50161 0.4675 0 0 0 193 193 151 
117 187 1 4 187 7.50161 0.4675 0 0 0 197 197 152 
118 187 1 4 187 7.50161 0.4675 0 0 0 201 201 153 
119 187 1 4 187 7.50161 0.4675 0 0 0 205 205 154 
120 193 1 4 193 8.04471 0.4825 0 0 0 210 210 160 
121 193 1 4 193 8.04471 0.4825 0 0 0 214 214 161 
122 193 1 4 193 8.04471 0.4825 0 0 0 219 219 162 
123 196 1 4 196 10.2348 0.49 0 0 0 226 226 166 
124 196 1 4 196 10.2348 0.49 0 0 0 234 234 167 
125 196 1 4 196 10.2348 0.49 0 0 0 241 241 168 
126 196 1 4 196 10.2348 0.49 0 0 0 248 248 169 
127 196 1 4 196 10.2348 0.49 0 0 0 258 258 175 
128 211 1 4 211 11.7014 0.5275 0 0 0 270 270 182 
129 211 1 4 211 11.7014 0.5275 0 0 0 282 282 183 
130 211 1 4 211 11.7014 0.5275 0 0 0 294 294 184 
131 211 1 4 211 11.7014 0.5275 0 0 0 306 306 185 
132 211 1 4 211 11.7014 0.5275 0 0 0 317 317 186 
133 211 1 4 211 11.7014 0.5275 0 0 0 329 329 187 
134 211 1 4 211 11.7014 0.5275 0 0 0 341 341 188 
135 211 1 4 211 11.7014 0.5275 0 0 0 352 352 189 
136 211 1 4 211 11.7014 0.5275 0 0 0 363 363 190 
137 211 1 4 211 11.7014 0.5275 0 0 0 375 375 191 
138 211 1 4 211 11.7014 0.5275 0 0 0 391 391 192 
139 211 1 4 211 11.7014 0.5275 0 0 0 403 403 193 
140 211 1 4 211 11.7014 0.5275 0 0 0 415 415 194 
141 211 1 4 211 11.7014 0.5275 0 0 0 428 428 195 
142 213 1 4 213 12.0372 0.5325 0 0 0 438 438 202 
143 213 1 4 213 12.0372 0.5325 0 0 0 447 447 203 
144 231 1 4 231 12.1608 0.5775 0 0 0 456 456 207 
145 232 1 4 232 12.1854 0.58 0 0 0 466 466 211 
146 232 1 4 232 12.1854 0.58 0 0 0 476 476 212 
147 232 1 4 232 12.1088 0.58 0 0 0 486 486 215 
148 232 1 4 232 12.1088 0.58 0 0 0 496 496 216 
149 232 1 4 232 12.1088 0.58 0 0 0 506 506 217 
150 232 1 4 232 12.1088 0.58 0 0 0 517 517 218 
151 232 1 4 232 12.1088 0.58 0 0 0 529 529 219 
152 232 1 4 232 12.1088 0.58 0 0 0 540 540 220 
153 232 1 4 232 12.1088 0.58 0 0 0 554 554 221 
154 233 1 4 233 13.0183 0.5825 0 0 0 568 568 226 
155 233 1 4 233 13.0183 0.5825 0 0 0 583 583 227 
156 233 1 4 233 13.0183 0.5825 0 0 0 599 599 228 
157 233 1 4 233 13.0183 0.5825 0 0 0 613 613 229 
158 233 1 4 233 13.0183 0.5825 0 0 0 628 628 230 
159 233 1 4 233 13.0183 0.5825 0 0 0 642 642 231 
160 233 1 4 233 13.0183 0.5825 0 0 0 656 656 232 
161 233 1 4 233 13.0183 0.5825 0 0 0 671 671 233 
162 233 1 4 233 13.0183 0.5825 0 0 0 686 686 234 
163 233 1 4 233 13.0183 0.5825 0 0 0 701 701 235 
164 233 1 4 233 13.0183 0.5825 0 0 0 716 716 236 
165 233 1 4 233 13.0183 0.5825 0 0 0 730 730 237 
166 233 1 4 233 13.0183 0.5825 0 0 0 744 744 238 
167 233 1 4 233 13.0183 0.5825 0 0 0 759 759 239 
168 233 1 4 233 13.0183 0.5825 0 0 0 774 774 240 
169 233 1 4 233 13.0183 0.5825 0 0 0 789 789 241 
170 233 1 4 233 13.0183 0.5825 0 0 0 804 804 242 
171 236 1 4 236 15.9486 0.59 0 0 0 834 834 251 
172 236 1 4 236 15.9486 0.59 0 0 0 865 865 252 
173 237 1 4 237 14.4193 0.5925 0 0 0 880 880 262 
174 237 1 4 237 14.4193 0.5925 0 0 0 896 896 263 
175 237 1 4 237 14.4193 0.5925 0 0 0 911 911 264 
176 237 1 4 237 14.4193 0.5925 0 0 0 926 926 265 
177 237 1 4 237 14.4193 0.5925 0 0 0 942 942 266 
178 237 1 4 237 14.4193 0.5925 0 0 0 959 959 267 
179 237 1 4 237 11.946 0.5925 0 0 0 969 969 269 
180 243 1 4 243 11.114 0.6075 0 0 0 979 979 275 
181 245 1 4 245 11.1719 0.6125 0 0 0 989 989 277 
182 245 1 4 245 11.1719 0.6125 0 0 0 1001 1001 278 
183 253 1 4 253 11.2902 0.6325 0 0 0 1015 1015 284 
184 253 1 4 253 11.1875 0.6325 0 0 0 1026 1026 287 
185 253 1 4 253 11.1875 0.6325 0 0 0 1037 1037 288 
186 253 1 4 253 11.1875 0.6325 0 0 0 1049 1049 289 
187 253 1 4 253 11.1875 0.6325 0 0 0 1062 1062 290 
188 253 1 4 253 11.1875 0.6325 0 0 0 1074 1074 291 
189 253 1 4 253 11.1875 0.6325 0 0 0 1085 1085 292 
190 253 1 4 253 11.1875 0.6325 0 0 0 1096 1096 293 
191 253 1 4 253 11.1875 0.6325 0 0 0 1107 1107 294 
192 253 1 4 253 11.1875 0.6325 0 0 0 1119 1119 295 
193 253 1 4 253 11.1875 0.6325 0 0 0 1130 1130 296 
194 253 1 4 253 11.1875 0.6325 0 0 0 1141 1141 297 
195 253 1 4 253 11.1875 0.6325 0 0 0 1153 1153 298 
196 259 1 4 259 11.4771 0.6475 0 0 0 1165 1165 300 
197 259 1 4 259 11.3743 0.6475 0 0 0 1178 1178 301 
198 259 1 4 259 11.3743 0.6475 0 0 0 1190 1190 302 
199 259 1 4 259 11.3743 0.6475 0 0 0 1202 1202 303 
200 259 1 4 259 11.3743 0.6475 0 0 0 1214 1214 304 
201 259 1 4 259 11.3743 0.6475 0 0 0 1227 1227 305 
202 259 1 4 259 11.3743 0.6475 0 0 0 1239 1239 306 
203 259 1 4 259 11.3743 0.6475 0 0 0 1251 1251 307 
204 259 1 4 259 11.3743 0.6475 0 0 0 1264 1264 308 
205 259 1 4 259 11.3743 0.6475 0 0 0 1278 1278 309 
206 260 1 4 260 11.6526 0.65 0 0 0 1292 1292 314 
207 260 1 4 260 11.6526 0.65 0 0 0 1305 1305 315 
208 260 1 4 260 11.6526 0.65 0 0 0 1320 1320 316 
209 260 1 4 260 11.6526 0.65 0 0 0 1333 1333 317 
210 266 1 4 266 11.7074 0.665 0 0 0 1347 1347 319 
211 266 1 4 266 11.5617 0.665 0 0 0 1360 1360 321 
212 266 1 4 266 11.5617 0.665 0 0 0 1374 1374 322 
213 266 1 4 266 11.5617 0.665 0 0 0 1386 1386 323 
214 266 1 4 266 11.5617 0.665 0 0 0 1400 1400 324 
215 266 1 4 266 11.5617 0.665 0 0 0 1414 1414 325 
216 266 1 4 266 11.5617 0.665 0 0 0 1428 1428 326 
217 266 1 4 266 11.5617 0.665 0 0 0 1441 1441 327 
218 266 1 4 266 11.5617 0.665 0 0 0 1454 1454 330 
219 266 1 4 266 11.5617 0.665 0 0 0 1467 1467 331 
220 266 1 4 266 11.5617 0.665 0 0 0 1482 1482 332 
221 266 1 4 266 11.5617 0.665 0 0 0 1496 1496 333 
222 266 1 4 266 11.5617 0.665 0 0 0 1511 1511 334 
223 266 1 4 266 11.5617 0.665 0 0 0 1525 1525 335 
224 266 1 4 266 11.5617 0.665 0 0 0 1539 1539 336 
225 266 1 4 266 11.5617 0.665 0 0 0 1553 1553 337 
226 266 1 4 266 11.5617 0.665 0 0 0 1567 1567 338 
227 266 1 4 266 11.5617 0.665 0 0 0 1581 1581 339 
228 266 1 4 266 11.5617 0.665 0 0 0 1595 1595 340 
229 266 1 4 266 11.5617 0.665 0 0 0 1609 1609 341 
230 277 1 4 277 11.7643 0.6925 0 0 0 1624 1624 343 
231 277 1 4 277 11.7643 0.6925 0 0 0 1639 1639 344 
232 277 1 4 277 11.7643 0.6925 0 0 0 1654 1654 345 
233 277 1 4 277 11.7643 0.6925 0 0 0 1669 1669 346 
234 277 1 4 277 11.6186 0.6925 0 0 0 1685 1685 347 
235 277 1 4 277 11.6186 0.6925 0 0 0 1700 1700 348 
236 277 1 4 277 11.6186 0.6925 0 0 0 1716 1716 349 
237 277 1 4 277 11.6186 0.6925 0 0 0 1731 1731 350 
238 277 1 4 277 11.6186 0.6925 0 0 0 1746 1746 351 
239 277 1 4 277 11.6186 0.6925 0 0 0 1761 1761 352 
240 277 1 4 277 11.6186 0.6925 0 0 0 1776 1776 353 
241 277 1 4 277 11.6186 0.6925 0 0 0 1792 1792 354 
242 277 1 4 277 11.6186 0.6925 0 0 0 1807 1807 355 
243 277 1 4 277 11.6186 0.6925 0 0 0 1823 1823 356 
244 277 1 4 277 11.6186 0.6925 0 0 0 1838 1838 357 
245 283 1 4 283 11.8265 0.7075 0 0 0 1854 1854 359 
246 283 1 4 283 11.8265 0.7075 0 0 0 1869 1869 360 
247 283 1 4 283 11.8265 0.7075 0 0 0 1884 1884 361 
248 283 1 4 283 11.8265 0.7075 0 0 0 1899 1899 362 
249 283 1 4 283 11.8265 0.7075 0 0 0 1915 1915 363 
250 283 1 4 283 11.8265 0.7075 0 0 0 1930 1930 364 
251 284 1 4 284 16.0487 0.71 0 0 0 1949 1949 371 
252 284 1 4 284 15.4346 0.71 0 0 0 1969 1969 374 
253 284 1 4 284 15.4346 0.71 0 0 0 1992 1992 383 
254 284 1 4 284 15.4346 0.71 0 0 0 2014 2014 387 
255 284 1 4 284 15.4346 0.71 0 0 0 2036 2036 390 
256 284 1 4 284 15.4346 0.71 0 0 0 2058 2058 391 
257 284 1 4 284 15.4346 0.71 0 0 0 2081 2081 392 
258 284 1 4 284 15.4346 0.71 0 0 0 2102 2102 393 
259 284 1 4 284 15.4346 0.71 0 0 0 2123 2123 394 
260 284 1 4 284 15.4346 0.71 0 0 0 2144 2144 395 
261 284 1 4 284 15.4346 0.71 0 0 0 2165 2165 396 
262 284 1 4 284 15.4346 0.71 0 0 0 2185 2185 397 
263 284 1 4 284 15.4346 0.71 0 0 0 2206 2206 398 
264 284 1 4 284 15.4346 0.71 0 0 0 2226 2226 401 
265 284 1 4 284 15.4346 0.71 0 0 0 2246 2246 402 
266 284 1 4 284 15.4346 0.71 0 0 0 2267 2267 403 
267 284 1 4 284 15.4346 0.71 0 0 0 2288 2288 404 
268 284 1 4 284 15.4346 0.71 0 0 0 2309 2309 405 
269 284 1 4 284 15.4346 0.71 0 0 0 2331 2331 406 
270 284 1 4 284 15.4346 0.71 0 0 0 2352 2352 407 
271 284 1 4 284 15.4346 0.71 0 0 0 2373 2373 408 
272 284 1 4 284 15.4346 0.71 0 0 0 2395 2395 409 
273 284 1 4 284 15.4346 0.71 0 0 0 2416 2416 410 
274 284 1 4 284 15.4346 0.71 0 0 0 2438 2438 411 
275 284 1 4 284 15.4346 0.71 0 0 0 2459 2459 412 
276 284 1 4 284 15.4346 0.71 0 0 0 2479 2479 413 
277 284 1 4 284 15.4346 0.71 0 0 0 2500 2500 415 
278 284 1 4 284 15.4346 0.71 0 0 0 2522 2522 419 
279 284 1 4 284 15.4346 0.71 0 0 0 2543 2543 420 
280 287 1 4 287 19.2144 0.7175 0 0 0 2575 2575 426 
281 295 1 4 295 16.0148 0.7375 0 0 0 2597 2597 432 
282 295 1 4 295 16.0148 0.7375 0 0 0 2620 2620 433 
283 295 1 4 295 16.0148 0.7375 0 0 0 2644 2644 434 
284 295 1 4 295 16.0148 0.7375 0 0 0 2667 2667 435 
285 295 1 4 295 16.0148 0.7375 0 0 0 2689 2689 436 
286 295 1 4 295 16.0148 0.7375 0 0 0 2711 2711 437 
287 295 1 4 295 16.0148 0.7375 0 0 0 2735 2735 440 
288 298 1 4 298 18.9612 0.745 0 0 0 2775 2775 453 
289 298 1 4 298 18.9501 0.745 0 0 0 2815 2815 456 
290 300 1 4 300 16.7393 0.75 0 0 0 2839 2839 467 
291 300 1 4 300 16.7024 0.75 0 0 0 2864 2864 470 
292 300 1 4 300 16.7024 0.75 0 0 0 2889 2889 471 
293 300 1 4 300 16.7024 0.75 0 0 0 2915 2915 473 
294 300 1 4 300 16.7024 0.75 0 0 0 2958 2958 474 
295 300 1 4 300 16.7024 0.75 0 0 0 3000 3000 477 
296 300 1 4 300 16.6764 0.75 0 0 0 3025 3025 478 
297 300 1 4 300 16.6764 0.75 0 0 0 3049 3049 479 
298 304 1 4 304 20.1588 0.76 0 0 0 3077 3077 485 
299 304 1 4 304 20.1588 0.76 0 0 0 3105 3105 486 
300 304 1 4 304 20.1588 0.76 0 0 0 3134 3134 489 
301 304 1 4 304 20.1588 0.76 0 0 0 3162 3162 491 
302 304 1 4 304 20.1588 0.76 0 0 0 3213 3213 497 
303 304 1 4 304 20.1588 0.76 0 0 0 3241 3241 502 
304 304 1 4 304 20.1588 0.76 0 0 0 3271 3271 503 
305 304 1 4 304 20.1588 0.76 0 0 0 3300 3300 504 
306 304 1 4 304 20.1588 0.76 0 0 0 3328 3328 505 
307 304 1 4 304 20.1588 0.76 0 0 0 3381 3381 507 
308 304 1 4 304 20.1588 0.76 0 0 0 3409 3409 508 
309 304 1 4 304 20.0484 0.76 0 0 0 3438 3438 509 
310 304 1 4 304 20.0484 0.76 0 0 0 3466 3466 512 
311 304 1 4 304 20.0484 0.76 0 0 0 3495 3495 513 
312 304 1 4 304 20.0484 0.76 0 0 0 3529 3529 516 
313 304 1 4 304 20.0484 0.76 0 0 0 3561 3561 526 
314 304 1 4 304 20.0484 0.76 0 0 0 3594 3594 528 
315 305 1 4 305 20.9028 0.7625 0 0 0 3635 3635 536 
316 305 1 4 305 20.9028 0.7625 0 0 0 3676 3676 537 
317 305 1 4 305 20.9028 0.7625 0 0 0 3718 3718 538 
318 305 1 4 305 20.9028 0.7625 0 0 0 3760 3760 539 
319 305 1 4 305 20.9028 0.7625 0 0 0 3802 3802 540 
320 305 1 4 305 20.9028 0.7625 0 0 0 3844 3844 541 
321 305 1 4 305 20.892 0.7625 0 0 0 3887 3887 543 
322 305 1 4 305 20.892 0.7625 0 0 0 3925 3925 545 
323 305 1 4 305 20.8696 0.7625 0 0 0 3963 3963 547 
324 305 1 4 305 20.7456 0.7625 0 0 0 4006 4006 549 
325 305 1 4 305 20.7456 0.7625 0 0 0 4044 4044 552 
326 305 1 4 305 20.7456 0.7625 0 0 0 4082 4082 555 
327 305 1 4 305 20.7456 0.7625 0 0 0 4126 4126 556 
328 305 1 4 305 20.7456 0.7625 0 0 0 4181 4181 565 
329 305 1 4 305 20.7456 0.7625 0 0 0 4225 4225 570 
330 305 1 4 305 20.7456 0.7625 0 0 0 4263 4263 571 
331 305 1 4 305 20.705 0.7625 0 0 0 4307 4307 575 
332 305 1 4 305 20.705 0.7625 0 0 0 4346 4346 576 
333 305 1 4 305 20.705 0.7625 0 0 0 4400 4400 577 
334 305 1 4 305 20.705 0.7625 0 0 0 4437 4437 578 
335 305 1 4 305 20.705 0.7625 0 0 0 4475 4475 579 
336 305 1 4 305 20.705 0.7625 0 0 0 4519 4519 580 
337 305 1 4 305 20.705 0.7625 0 0 0 4564 4564 583 
338 305 1 4 305 20.705 0.7625 0 0 0 4628 4628 597 
339 305 1 4 305 20.705 0.7625 0 0 0 4666 4666 598 
340 305 1 4 305 20.705 0.7625 0 0 0 4704 4704 599 
341 305 1 4 305 20.705 0.7625 0 0 0 4743 4743 600 
342 305 1 4 305 20.705 0.7625 0 0 0 4788 4788 601 
343 305 1 4 305 20.705 0.7625 0 0 0 4884 4884 608 
344 305 1 4 305 20.705 0.7625 0 0 0 4920 4920 613 
345 305 1 4 305 20.705 0.7625 0 0 0 4974 4974 615 
346 305 1 4 305 20.705 0.7625 0 0 0 5028 5028 616 
347 305 1 4 305 20.705 0.7625 0 0 0 5065 5065 620 
348 306 1 4 306 21.0231 0.765 0 0 0 5106 5106 623 
349 306 1 4 306 21.0231 0.765 0 0 0 5146 5146 625 
350 306 1 4 306 21.0231 0.765 0 0 0 5190 5190 629 
351 306 1 4 306 21.0231 0.765 0 0 0 5221 5221 637 
352 306 1 4 306 21.0231 0.765 0 0 0 5262 5262 638 
353 306 1 4 306 21.0231 0.765 0 0 0 5351 5351 656 
354 306 1 4 306 21.0231 0.765 0 0 0 5392 5392 657 
355 306 1 4 306 21.0231 0.765 0 0 0 5481 5481 661 
356 306 1 4 306 21.0231 0.765 0 0 0 5573 5573 672 
357 306 1 4 306 21.0231 0.765 0 0 0 5671 5671 673 
358 312 1 4 312 26.1976 0.78 0 0 0 5731 5731 681 
359 312 1 4 312 22.5523 0.78 0 0 0 5804 5804 695 
360 312 1 4 312 22.5523 0.78 0 0 0 5877 5877 696 
361 312 1 4 312 22.5523 0.78 0 0 0 5949 5949 697 
362 312 1 4 312 22.4368 0.78 0 0 0 6021 6021 698 
363 312 1 4 312 22.4368 0.78 0 0 0 6101 6101 715 
364 312 1 4 312 22.4368 0.78 0 0 0 6174 6174 724 
365 312 1 4 312 22.4368 0.78 0 0 0 6262 6262 732 
366 312 1 4 312 22.4368 0.78 0 0 0 6334 6334 733 
367 312 1 4 312 22.4368 0.78 0 0 0 6406 6406 734 
368 312 1 4 312 22.4368 0.78 0 0 0 6477 6477 735 
369 312 1 4 312 22.4368 0.78 0 0 0 6547 6547 736 
370 312 1 4 312 22.4368 0.78 0 0 0 6635 6635 742 
371 312 1 4 312 22.4368 0.78 0 0 0 6716 6716 758 
372 312 1 4 312 22.4368 0.78 0 0 0 6775 6775 768 
373 312 1 4 312 22.4368 0.78 0 0 0 6842 6842 783 
374 312 1 4 312 22.4368 0.78 0 0 0 6886 6886 789 
375 312 1 4 312 22.4368 0.78 0 0 0 6930 6930 790 
376 312 1 4 312 22.4368 0.78 0 0 0 6974 6974 791 
377 312 1 4 312 22.4368 0.78 0 0 0 7062 7062 801 
378 312 1 4 312 22.4368 0.78 0 0 0 7107 7107 802 
379 312 1 4 312 22.4368 0.78 0 0 0 7151 7151 803 
380 312 1 4 312 22.4368 0.78 0 0 0 7195 7195 804 
381 312 1 4 312 22.4368 0.78 0 0 0 7240 7240 805 
382 312 1 4 312 22.4368 0.78 0 0 0 7284 7284 806 
383 314 1 4 314 30.6884 0.785 0 0 0 7379 7379 824 
384 314 1 4 314 29.6161 0.785 0 0 0 7559 7559 837 
385 314 1 4 314 29.6161 0.785 0 0 0 7704 7704 856 
386 314 1 4 314 29.6161 0.785 0 0 0 7810 7810 866 
387 314 1 4 314 29.5952 0.785 0 0 0 7952 7952 869 
388 314 1 4 314 29.5952 0.785 0 0 0 8045 8045 879 
389 314 1 4 314 26.6745 0.785 0 0 0 8110 8110 887 
390 314 1 4 314 26.6745 0.785 0 0 0 8200 8200 890 
391 314 1 4 314 26.6745 0.785 0 0 0 8291 8291 891 
392 314 1 4 314 26.6745 0.785 0 0 0 8387 8387 904 
393 314 1 4 314 26.6745 0.785 0 0 0 8487 8487 913 
394 314 1 4 314 26.6745 0.785 0 0 0 8560 8560 921 
395 318 1 4 318 30.7429 0.795 0 0 0 8648 8648 928 
396 321 1 4 321 34.8075 0.8025 0 0 0 8742 8742 930 
397 322 1 4 322 35.3344 0.805 0 0 0 8836 8836 935 
398 322 1 4 322 35.3344 0.805 0 0 0 8931 8931 936 
399 322 1 4 322 25.5603 0.805 0 0 0 9005 9005 946 
400 322 1 4 322 25.5603 0.805 0 0 0 9099 9099 947 
401 322 1 4 322 25.5603 0.805 0 0 0 9199 9199 957 
402 322 1 4 322 25.5603 0.805 0 0 0 9283 9283 964 
403 322 1 4 322 25.5603 0.805 0 0 0 9378 9378 972 
404 322 1 4 322 25.5603 0.805 0 0 0 9474 9474 973 
405 322 1 4 322 25.4856 0.805 0 0 0 9549 9549 978 
406 323 1 4 323 31.5252 0.8075 0 0 0 9657 9657 982 
407 323 1 4 323 31.5252 0.8075 0 0 0 9745 9745 988 
408 323 1 4 323 31.5252 0.8075 0 0 0 9841 9841 989 
409 323 1 4 323 31.1382 0.8075 0 0 0 10004 10004 997 
410 323 1 4 323 31.1382 0.8075 0 0 0 10130 10130 1007 
411 323 1 4 323 25.9308 0.8075 0 0 0 10203 10203 1015 
412 323 1 4 323 25.9308 0.8075 0 0 0 10303 10303 1020 
413 323 1 4 323 25.9308 0.8075 0 0 0 10465 10465 1024 
414 341 1 4 341 31.2301 0.8525 0 0 0 10629 10629 1031 
415 341 1 4 341 31.2301 0.8525 0 0 0 10729 10729 1037 
416 341 1 4 341 31.2301 0.8525 0 0 0 10815 10815 1043 
417 341 1 4 341 31.2301 0.8525 0 0 0 10908 10908 1054 
418 341 1 4 341 31.2301 0.8525 0 0 0 11007 11007 1057 
419 341 1 4 341 31.2301 0.8525 0 0 0 11106 11106 1061 
420 341 1 4 341 31.2301 0.8525 0 0 0 11217 11217 1067 
421 341 1 4 341 30.7799 0.8525 0 0 0 11344 11344 1078 
422 341 1 4 341 30.7799 0.8525 0 0 0 11439 11439 1080 
423 341 1 4 341 30.7799 0.8525 0 0 0 11532 11532 1081 
424 341 1 4 341 28.2591 0.8525 0 0 0 11606 11606 1091 
425 342 1 4 342 28.0301 0.855 0 0 0 11682 11682 1099 
426 342 1 4 342 28.0301 0.855 0 0 0 11764 11764 1107 
427 342 1 4 342 28.0301 0.855 0 0 0 11863 11863 1108 
428 342 1 4 342 28.0301 0.855 0 0 0 11952 11952 1115 
429 342 1 4 342 28.0301 0.855 0 0 0 12074 12074 1122 
430 342 1 4 342 28.0301 0.855 0 0 0 12179 12179 1124 
431 342 1 4 342 28.0301 0.855 0 0 0 12366 12366 1127 
432 353 1 4 353 35.2677 0.8825 0 0 0 12469 12469 1134 
433 355 1 4 355 36.4319 0.8875 0 0 0 12619 12619 1142 
434 355 1 4 355 36.4319 0.8875 0 0 0 12787 12787 1147 
435 355 1 4 355 36.3339 0.8875 0 0 0 12904 12904 1157 
436 356 1 4 356 29.0208 0.89 0 0 0 13053 13053 1169 
437 356 1 4 356 29.0208 0.89 0 0 0 13222 13222 1179 
438 356 1 4 356 29.0208 0.89 0 0 0 13553 13553 1193 
439 356 1 4 356 29.0208 0.89 0 0 0 13824 13824 1203 
440 356 1 4 356 29.0208 0.89 0 0 0 13997 13997 1206 
441 356 1 4 356 29.0208 0.89 0 0 0 14333 14333 1214 
442 356 1 4 356 28.1669 0.89 0 0 0 14571 14571 1222 
443 356 1 4 356 28.1669 0.89 0 0 0 14704 14704 1230 
444 356 1 4 356 28.1669 0.89 0 0 0 14812 14812 1238 
445 357 1 4 357 33.5234 0.8925 0 0 0 14962 14962 1251 
446 358 1 4 358 37.5292 0.895 0 0 0 15094 15094 1268 
447 358 1 4 358 30.2486 0.895 0 0 0 15233 15233 1275 
448 358 1 4 358 30.2486 0.895 0 0 0 15372 15372 1277 
449 358 1 4 358 30.2486 0.895 0 0 0 15521 15521 1283 
450 358 1 4 358 30.2486 0.895 0 0 0 15670 15670 1285 
451 358 1 4 358 30.2486 0.895 0 0 0 15820 15820 1286 
452 358 1 4 358 30.2486 0.895 0 0 0 15970 15970 1288 
453 358 1 4 358 30.2486 0.895 0 0 0 16132 16132 1292 
454 358 1 4 358 30.2486 0.895 0 0 0 16305 16305 1300 
455 358 1 4 358 30.2486 0.895 0 0 0 16528 16528 1309 
456 358 1 4 358 30.2486 0.895 0 0 0 16698 16698 1315 
457 358 1 4 358 30.2486 0.895 0 0 0 16830 16830 1329 
458 358 1 4 358 29.1111 0.895 0 0 0 16971 16971 1334 
459 358 1 4 358 29.1111 0.895 0 0 0 17169 17169 1344 
460 358 1 4 358 29.1111 0.895 0 0 0 17313 17313 1361 
461 358 1 4 358 29.1111 0.895 0 0 0 17458 17458 1363 
462 358 1 4 358 29.1111 0.895 0 0 0 17665 17665 1376 
463 358 1 4 358 29.1111 0.895 0 0 0 17860 17860 1379 
464 358 1 4 358 29.1111 0.895 0 0 0 17989 17989 1386 
465 358 1 4 358 29.1111 0.895 0 0 0 18112 18112 1392 
466 358 1 4 358 29.1111 0.895 0 0 0 18281 18281 1397 
467 358 1 4 358 29.1111 0.895 0 0 0 18694 18694 1410 
468 358 1 4 358 29.1111 0.895 0 0 0 19011 19011 1417 
469 358 1 4 358 29.1111 0.895 0 0 0 19162 19162 1420 
470 358 1 4 358 29.1111 0.895 0 0 0 19306 19306 1428 
471 358 1 4 358 29.1111 0.895 0 0 0 19485 19485 1434 
472 358 1 4 358 29.1111 0.895 0 0 0 19673 19673 1438 
473 358 1 4 358 29.1111 0.895 0 0 0 19877 19877 1443 
474 358 1 4 358 29.1111 0.895 0 0 0 20047 20047 1451 
475 358 1 4 358 29.1111 0.895 0 0 0 20222 20222 1452 
476 359 1 4 359 32.2121 0.8975 0 0 0 20345 20345 1461 
477 359 1 4 359 32.2121 0.8975 0 0 0 20460 20460 1472 
478 359 1 4 359 32.2121 0.8975 0 0 0 20574 20574 1479 
479 359 1 4 359 32.2121 0.8975 0 0 0 20687 20687 1482 
480 359 1 4 359 32.2121 0.8975 0 0 0 20800 20800 1486 
481 359 1 4 359 32.2121 0.8975 0 0 0 20905 20905 1489 
482 359 1 4 359 27.6653 0.8975 0 0 0 21005 21005 1495 
483 359 1 4 359 27.6653 0.8975 0 0 0 21123 21123 1501 
484 359 1 4 359 27.6653 0.8975 0 0 0 21230 21230 1504 
485 362 1 4 362 37.6353 0.905 0 0 0 21417 21417 1512 
486 362 1 4 362 37.6353 0.905 0 0 0 21643 21643 1524 
487 362 1 4 362 34.5348 0.905 0 0 0 21955 21955 1530 
488 362 1 4 362 30.2577 0.905 0 0 0 22125 22125 1534 
489 365 1 4 365 37.8244 0.9125 0 0 0 22296 22296 1539 
490 365 1 4 365 37.8244 0.9125 0 0 0 22505 22505 1550 
491 365 1 4 365 37.8244 0.9125 0 0 0 22695 22695 1554 
492 365 1 4 365 37.8244 0.9125 0 0 0 22907 22907 1557 
493 365 1 4 365 29.6936 0.9125 0 0 0 23075 23075 1562 
494 365 1 4 365 29.6936 0.9125 0 0 0 23213 23213 1568 
495 365 1 4 365 29.6936 0.9125 0 0 0 23446 23446 1572 
496 365 1 4 365 29.6936 0.9125 0 0 0 23640 23640 1576 
497 365 1 4 365 29.6936 0.9125 0 0 0 23840 23840 1583 
498 365 1 4 365 29.6936 0.9125 0 0 0 24050 24050 1584 
499 365 1 4 365 29.6936 0.9125 0 0 0 24290 24290 1591 
500 366 1 4 366 39.093 0.915 0 0 0 24550 24550 1596 
501 366 1 4 366 31.2517 0.915 0 0 0 24732 24732 1600 
502 366 1 4 366 31.2517 0.915 0 0 0 24900 24900 1617 
503 366 1 4 366 31.2517 0.915 0 0 0 25141 25141 1623 
504 366 1 4 366 31.2517 0.915 0 0 0 25412 25412 1624 
505 366 1 4 366 31.2517 0.915 0 0 0 25731 25731 1630 
506 366 1 4 366 31.2517 0.915 0 0 0 25942 25942 1640 
507 367 1 4 367 39.4208 0.9175 0 0 0 26150 26150 1649 
508 367 1 4 367 38.6647 0.9175 0 0 0 26392 26392 1653 
509 367 1 4 367 34.9384 0.9175 0 0 0 26618 26618 1660 
510 367 1 4 367 34.9384 0.9175 0 0 0 26840 26840 1667 
511 367 1 4 367 34.9384 0.9175 0 0 0 27004 27004 1677 
512 367 1 4 367 34.9384 0.9175 0 0 0 27244 27244 1681 
513 367 1 4 367 34.9384 0.9175 0 0 0 27505 27505 1685 
514 367 1 4 367 34.9384 0.9175 0 0 0 27702 27702 1686 
515 367 1 4 367 32.0797 0.9175 0 0 0 28138 28138 1690 
516 367 1 4 367 32.0797 0.9175 0 0 0 28304 28304 1697 
517 367 1 4 367 32.0797 0.9175 0 0 0 28503 28503 1698 
518 367 1 4 367 32.0797 0.9175 0 0 0 28766 28766 1706 
519 368 1 4 368 29.4703 0.92 0 0 0 28947 28947 1720 
520 368 1 4 368 29.4703 0.92 0 0 0 29238 29238 1726 
521 368 1 4 368 29.4703 0.92 0 0 0 29530 29530 1732 
522 368 1 4 368 29.4703 0.92 0 0 0 29702 29702 1735 
523 368 1 4 368 29.4703 0.92 0 0 0 29932 29932 1743 
524 368 1 4 368 29.4703 0.92 0 0 0 30102 30102 1744 
525 368 1 4 368 29.4364 0.92 0 0 0 30277 30277 1745 
526 368 1 4 368 29.4364 0.92 0 0 0 30500 30500 1748 
527 368 1 4 368 29.4364 0.92 0 0 0 30693 30693 1749 
528 368 1 4 368 29.4364 0.92 0 0 0 30869 30869 1750 
529 369 1 4 369 30.2169 0.9225 0 0 0 31055 31055 1758 
530 369 1 4 369 30.2169 0.9225 0 0 0 31245 31245 1763 
531 370 1 4 370 46.4638 0.925 0 0 0 32094 32094 1784 
532 370 1 4 370 38.9886 0.925 0 0 0 32523 32523 1794 
533 370 1 4 370 38.9886 0.925 0 0 0 33382 33382 1809 
534 370 1 4 370 38.9886 0.925 0 0 0 34096 34096 1820 
535 370 1 4 370 37.7101 0.925 0 0 0 34577 34577 1831 
536 370 1 4 370 37.7101 0.925 0 0 0 35000 35000 1842 
537 370 1 4 370 37.7101 0.925 0 0 0 35281 35281 1857 
538 370 1 4 370 37.7101 0.925 0 0 0 35922 35922 1860 
539 370 1 4 370 37.7101 0.925 0 0 0 36516 36516 1873 
540 370 1 4 370 35.4295 0.925 0 0 0 36766 36766 1890 
541 370 1 4 370 35.4295 0.925 0 0 0 37241 37241 1898 
542 370 1 4 370 35.4295 0.925 0 0 0 37435 37435 1906 
543 370 1 4 370 35.4295 0.925 0 0 0 37959 37959 1915 
544 370 1 4 370 35.4295 0.925 0 0 0 38209 38209 1924 
545 370 1 4 370 35.4295 0.925 0 0 0 38506 38506 1936 
546 370 1 4 370 35.4295 0.925 0 0 0 38903 38903 1950 
547 370 1 4 370 35.4295 0.925 0 0 0 39200 39200 1955 
548 371 1 4 371 42.8814 0.9275 0 0 0 39672 39672 1972 
549 371 1 4 371 36.4292 0.9275 0 0 0 39920 39920 1987 
550 371 1 4 371 36.1848 0.9275 0 0 0 40169 40169 1990 
551 371 1 4 371 36.1848 0.9275 0 0 0 40376 40376 1998 
552 371 1 4 371 35.7459 0.9275 0 0 0 40962 40962 2007 
553 371 1 4 371 35.7459 0.9275 0 0 0 41453 41453 2016 
554 371 1 4 371 35.7459 0.9275 0 0 0 41620 41620 2025 
555 371 1 4 371 35.7459 0.9275 0 0 0 41826 41826 2028 
556 371 1 4 371 35.7459 0.9275 0 0 0 42142 42142 2031 
557 371 1 4 371 35.7459 0.9275 0 0 0 42356 42356 2042 
558 371 1 4 371 35.7459 0.9275 0 0 0 42551 42551 2047 
559 371 1 4 371 35.7459 0.9275 0 0 0 42799 42799 2049 
560 371 1 4 371 35.7459 0.9275 0 0 0 43088 43088 2050 
561 371 1 4 371 35.7459 0.9275 0 0 0 43395 43395 2054 
562 371 1 4 371 35.7459 0.9275 0 0 0 43614 43614 2062 
563 371 1 4 371 35.7459 0.9275 0 0 0 43847 43847 2065 
564 371 1 4 371 35.7459 0.9275 0 0 0 44081 44081 2066 
565 371 1 4 371 35.097 0.9275 0 0 0 44363 44363 2073 
566 371 1 4 371 35.097 0.9275 0 0 0 44741 44741 2087 
567 371 1 4 371 35.097 0.9275 0 0 0 45006 45006 2099 
568 371 1 4 371 35.097 0.9275 0 0 0 45626 45626 2113 
569 371 1 4 371 35.097 0.9275 0 0 0 45862 45862 2117 
570 371 1 4 371 35.097 0.9275 0 0 0 46093 46093 2118 
571 371 1 4 371 35.097 0.9275 0 0 0 46360 46360 2120 
572 371 1 4 371 35.097 0.9275 0 0 0 46622 46622 2127 
573 371 1 4 371 35.097 0.9275 0 0 0 46852 46852 2137 
574 371 1 4 371 35.097 0.9275 0 0 0 47191 47191 2147 
575 371 1 4 371 35.097 0.9275 0 0 0 47456 47456 2148 
576 371 1 4 371 35.097 0.9275 0 0 0 47943 47943 2153 
577 372 1 4 372 37.8611 0.93 0 0 0 48160 48160 2157 
578 372 1 4 372 37.8611 0.93 0 0 0 48401 48401 2162 
579 372 1 4 372 37.8611 0.93 0 0 0 48670 48670 2167 
580 372 1 4 372 37.8611 0.93 0 0 0 48893 48893 2173 
581 372 1 4 372 37.8611 0.93 0 0 0 49139 49139 2178 
582 372 1 4 372 37.5483 0.93 0 0 0 49353 49353 2188 
583 372 1 4 372 37.5483 0.93 0 0 0 49812 49812 2201 
584 372 1 4 372 37.5483 0.93 0 0 0 50179 50179 2215 
585 372 1 4 372 37.5483 0.93 0 0 0 50534 50534 2228 
586 372 1 4 372 37.5483 0.93 0 0 0 50946 50946 2243 
587 372 1 4 372 37.5483 0.93 0 0 0 51339 51339 2249 
588 372 1 4 372 37.5483 0.93 0 0 0 51701 51701 2254 
589 372 1 4 372 37.3897 0.93 0 0 0 52443 52443 2260 
590 372 1 4 372 37.3897 0.93 0 0 0 52828 52828 2270 
591 372 1 4 372 37.3897 0.93 0 0 0 53230 53230 2276 
592 372 1 4 372 37.3897 0.93 0 0 0 53615 53615 2284 
593 372 1 4 372 37.3897 0.93 0 0 0 53899 53899 2291 
594 372 1 4 372 37.3897 0.93 0 0 0 54195 54195 2296 
595 372 1 4 372 37.3897 0.93 0 0 0 54625 54625 2307 
596 372 1 4 372 37.3897 0.93 0 0 0 54984 54984 2312 
597 372 1 4 372 37.3897 0.93 0 0 0 55448 55448 2316 
598 372 1 4 372 36.7341 0.93 0 0 0 56222 56222 2318 
599 372 1 4 372 36.7341 0.93 0 0 0 56477 56477 2322 
600 372 1 4 372 36.2365 0.93 0 0 0 56893 56893 2335 
601 372 1 4 372 36.2365 0.93 0 0 0 57663 57663 2338 
602 372 1 4 372 36.2365 0.93 0 0 0 58034 58034 2352 
603 372 1 4 372 35.0784 0.93 0 0 0 58475 58475 2355 
604 372 1 4 372 35.0784 0.93 0 0 0 58891 58891 2367 
605 372 1 4 372 35.0784 0.93 0 0 0 59165 59165 2368 
606 372 1 4 372 35.0784 0.93 0 0 0 59584 59584 2375 
607 372 1 4 372 35.0784 0.93 0 0 0 59963 59963 2387 
608 372 1 4 372 35.0784 0.93 0 0 0 60442 60442 2395 
609 372 1 4 372 35.0784 0.93 0 0 0 61261 61261 2400 
610 372 1 4 372 35.0784 0.93 0 0 0 61537 61537 2410 
611 372 1 4 372 35.0784 0.93 0 0 0 61827 61827 2418 
612 372 1 4 372 35.0784 0.93 0 0 0 62080 62080 2420 
613 372 1 4 372 35.0784 0.93 0 0 0 62317 62317 2426 
614 372 1 4 372 35.0784 0.93 0 0 0 62549 62549 2428 
615 372 1 4 372 35.0784 0.93 0 0 0 62831 62831 2439 
616 372 1 4 372 35.0784 0.93 0 0 0 63315 63315 2447 
617 372 1 4 372 35.0784 0.93 0 0 0 63609 63609 2451 
618 372 1 4 372 35.0784 0.93 0 0 0 64157 64157 2459 
619 372 1 4 372 35.0784 0.93 0 0 0 64327 64327 2464 
620 372 1 4 372 35.0784 0.93 0 0 0 64620 64620 2467 
621 372 1 4 372 35.0784 0.93 0 0 0 64897 64897 2474 
622 372 1 4 372 35.0784 0.93 0 0 0 65174 65174 2475 
623 372 1 4 372 35.0784 0.93 0 0 0 65436 65436 2478 
624 372 1 4 372 35.0784 0.93 0 0 0 65779 65779 2480 
625 373 1 4 373 44.9004 0.9325 0 0 0 66421 66421 2486 
626 373 1 4 373 44.9004 0.9325 0 0 0 67202 67202 2497 
627 373 1 4 373 44.9004 0.9325 0 0 0 68045 68045 2506 
628 373 1 4 373 44.9004 0.9325 0 0 0 68911 68911 2511 
629 376 1 4 376 47.9735 0.94 0 0 0 69710 69710 2525 
630 376 1 4 376 47.9735 0.94 0 0 0 70624 70624 2541 
631 376 1 4 376 47.9735 0.94 0 0 0 71286 71286 2549 
632 376 1 4 376 47.9735 0.94 0 0 0 72052 72052 2557 
633 376 1 4 376 47.9735 0.94 0 0 0 72796 72796 2569 
634 379 1 4 379 45.4731 0.9475 0 0 0 73462 73462 2577 
635 379 1 4 379 45.4731 0.9475 0 0 0 74457 74457 2587 
636 379 1 4 379 45.4731 0.9475 0 0 0 75064 75064 2602 
637 379 1 4 379 45.4731 0.9475 0 0 0 75499 75499 2610 
638 379 1 4 379 45.4731 0.9475 0 0 0 76147 76147 2617 
639 379 1 4 379 45.4731 0.9475 0 0 0 76916 76916 2629 
640 379 1 4 379 45.4731 0.9475 0 0 0 77451 77451 2640 
641 379 1 4 379 45.4731 0.9475 0 0 0 78135 78135 2646 
642 382 1 4 382 45.72 0.955 0 0 0 78677 78677 2652 
643 385 1 4 385 50.779 0.9625 0 0 0 79103 79103 2667 
644 385 1 4 385 49.1799 0.9625 0 0 0 79997 79997 2679 
645 388 1 4 388 48.5734 0.97 0 0 0 80460 80460 2687 
646 388 1 4 388 44.8664 0.97 0 0 0 81115 81115 2695 
647 388 1 4 388 44.8664 0.97 0 0 0 81656 81656 2702 
648 388 1 4 388 44.838 0.97 0 0 0 82692 82692 2704 
649 388 1 4 388 44.838 0.97 0 0 0 83201 83201 2711 
650 388 1 4 388 44.838 0.97 0 0 0 84003 84003 2721 
651 388 1 4 388 43.9857 0.97 0 0 0 84640 84640 2728 
652 388 1 4 388 43.9857 0.97 0 0 0 85360 85360 2731 
653 388 1 4 388 43.9857 0.97 0 0 0 86132 86132 2744 
654 388 1 4 388 41.5132 0.97 0 0 0 86761 86761 2756 
655 388 1 4 388 41.5132 0.97 0 0 0 87165 87165 2764 
656 388 1 4 388 41.5132 0.97 0 0 0 87805 87805 2771 
657 388 1 4 388 41.5132 0.97 0 0 0 88553 88553 2778 
658 388 1 4 388 41.5132 0.97 0 0 0 88933 88933 2781 
659 388 1 4 388 41.5132 0.97 0 0 0 89276 89276 2791 
660 388 1 4 388 41.5132 0.97 0 0 0 89626 89626 2798 
661 388 1 4 388 41.5132 0.97 0 0 0 90366 90366 2813 
662 388 1 4 388 41.5132 0.97 0 0 0 90730 90730 2821 
663 388 1 4 388 41.5132 0.97 0 0 0 91419 91419 2824 
664 388 1 4 388 41.5132 0.97 0 0 0 91913 91913 2830 
665 388 1 4 388 41.5132 0.97 0 0 0 92958 92958 2845 
666 388 1 4 388 41.5132 0.97 0 0 0 93762 93762 2851 
667 388 1 4 388 41.5132 0.97 0 0 0 94441 94441 2863 
668 388 1 4 388 41.5132 0.97 0 0 0 94952 94952 2869 
669 388 1 4 388 41.5132 0.97 0 0 0 95410 95410 2881 
670 388 1 4 388 41.5132 0.97 0 0 0 95953 95953 2886 
671 388 1 4 388 41.5132 0.97 0 0 0 96396 96396 2896 
672 389 1 4 389 42.6396 0.9725 0 0 0 96936 96936 2900 
673 389 1 4 389 42.6396 0.9725 0 0 0 97572 97572 2906 
674 389 1 4 389 42.6396 0.9725 0 0 0 97943 97943 2914 
675 389 1 4 389 42.6396 0.9725 0 0 0 98818 98818 2930 
676 389 1 4 389 42.6396 0.9725 0 0 0 99475 99475 2932 
677 389 1 4 389 42.6396 0.9725 0 0 0 100389 100389 2945 
678 389 1 4 389 42.6396 0.9725 0 0 0 100913 100913 2952 
679 389 1 4 389 42.6396 0.9725 0 0 0 101275 101275 2956 
680 389 1 4 389 42.6396 0.9725 0 0 0 101813 101813 2963 
681 389 1 4 389 42.6396 0.9725 0 0 0 102175 102175 2970 
682 389 1 4 389 42.6396 0.9725 0 0 0 102766 102766 2972 
683 389 1 4 389 42.6396 0.9725 0 0 0 103251 103251 2974 
684 389 1 4 389 42.6396 0.9725 0 0 0 104143 104143 2979 
685 389 1 4 389 42.6396 0.9725 0 0 0 105102 105102 2982 
686 389 1 4 389 42.6396 0.9725 0 0 0 106039 106039 2991 
687 389 1 4 389 42.6396 0.9725 0 0 0 106640 106640 2998 
688 389 1 4 389 42.6396 0.9725 0 0 0 107694 107694 3008 
689 389 1 4 389 41.3938 0.9725 0 0 0 108008 108008 3013 
690 389 1 4 389 40.8593 0.9725 0 0 0 108256 108256 3017 
691 389 1 4 389 40.8593 0.9725 0 0 0 109375 109375 3028 
692 389 1 4 389 40.8593 0.9725 0 0 0 109991 109991 3037 
693 389 1 4 389 40.8593 0.9725 0 0 0 111128 111128 3050 
694 389 1 4 389 40.8593 0.9725 0 0 0 111984 111984 3055 
695 389 1 4 389 40.8593 0.9725 0 0 0 112753 112753 3059 
696 389 1 4 389 40.8593 0.9725 0 0 0 113196 113196 3071 
697 389 1 4 389 40.8593 0.9725 0 0 0 114206 114206 3084 
698 389 1 4 389 40.8593 0.9725 0 0 0 114739 114739 3089 
699 389 1 4 389 40.8593 0.9725 0 0 0 115312 115312 3099 
700 389 1 4 389 40.8593 0.9725 0 0 0 116153 116153 3107 
701 389 1 4 389 40.8593 0.9725 0 0 0 117515 117515 3116 
702 389 1 4 389 40.8593 0.9725 0 0 0 118393 118393 3121 
703 389 1 4 389 40.8593 0.9725 0 0 0 119179 119179 3134 
704 389 1 4 389 40.8593 0.9725 0 0 0 120438 120438 3140 
705 389 1 4 389 40.8593 0.9725 0 0 0 121109 121109 3146 
706 389 1 4 389 40.8593 0.9725 0 0 0 121704 121704 3147 
707 389 1 4 389 40.8593 0.9725 0 0 0 122020 122020 3159 
708 389 1 4 389 40.8593 0.9725 0 0 0 122984 122984 3167 
709 389 1 4 389 40.8593 0.9725 0 0 0 123731 123731 3174 
710 389 1 4 389 40.8593 0.9725 0 0 0 124227 124227 3180 
711 389 1 4 389 40.8593 0.9725 0 0 0 125014 125014 3188 
712 389 1 4 389 40.8593 0.9725 0 0 0 126037 126037 3197 
713 389 1 4 389 40.8593 0.9725 0 0 0 126967 126967 3216 
714 389 1 4 389 40.8593 0.9725 0 0 0 127298 127298 3220 
715 389 1 4 389 40.8593 0.9725 0 0 0 127768 127768 3228 
716 389 1 4 389 40.8593 0.9725 0 0 0 129031 129031 3243 
717 389 1 4 389 40.8593 0.9725 0 0 0 130076 130076 3247 
718 389 1 4 389 40.8593 0.9725 0 0 0 131390 131390 3257 
719 389 1 4 389 40.8593 0.9725 0 0 0 132515 132515 3260 
720 389 1 4 389 40.8593 0.9725 0 0 0 132843 132843 3267 
721 389 1 4 389 40.8593 0.9725 0 0 0 133990 133990 3279 
722 389 1 4 389 40.8593 0.9725 0 0 0 134439 134439 3285 
723 389 1 4 389 40.8593 0.9725 0 0 0 134771 134771 3292 
724 389 1 4 389 40.8593 0.9725 0 0 0 135783 135783 3298 
725 389 1 4 389 40.8593 0.9725 0 0 0 137134 137134 3303 
726 389 1 4 389 40.8593 0.9725 0 0 0 138292 138292 3318 
727 389 1 4 389 40.8593 0.9725 0 0 0 139185 139185 3329 
728 389 1 4 389 40.8593 0.9725 0 0 0 140011 140011 3345 
729 389 1 4 389 40.8593 0.9725 0 0 0 140831 140831 3354 
730 389 1 4 389 40.8593 0.9725 0 0 0 141347 141347 3360 
731 389 1 4 389 40.8593 0.9725 0 0 0 141979 141979 3369 
732 389 1 4 389 40.8593 0.9725 0 0 0 143830 143830 3381 
733 389 1 4 389 40.8593 0.9725 0 0 0 144491 144491 3392 
734 389 1 4 389 40.8593 0.9725 0 0 0 145626 145626 3397 
735 389 1 4 389 40.8593 0.9725 0 0 0 146249 146249 3399 
736 389 1 4 389 40.8593 0.9725 0 0 0 146965 146965 3411 
737 389 1 4 389 40.8593 0.9725 0 0 0 147540 147540 3420 
738 389 1 4 389 40.8593 0.9725 0 0 0 148404 148404 3426 
739 389 1 4 389 40.8593 0.9725 0 0 0 149108 149108 3429 
740 389 1 4 389 40.8593 0.9725 0 0 0 149883 149883 3436 
741 389 1 4 389 40.8593 0.9725 0 0 0 150319 150319 3442 
742 389 1 4 389 40.8593 0.9725 0 0 0 150790 150790 3453 
743 389 1 4 389 40.8593 0.9725 0 0 0 151318 151318 3463 
744 389 1 4 389 40.8593 0.9725 0 0 0 152789 152789 3476 
745 389 1 4 389 40.8593 0.9725 0 0 0 153813 153813 3480 
746 389 1 4 389 40.8593 0.9725 0 0 0 154498 154498 3488 
747 389 1 4 389 40.8593 0.9725 0 0 0 155853 155853 3496 
748 389 1 4 389 40.8593 0.9725 0 0 0 157311 157311 3498 
749 389 1 4 389 40.8593 0.9725 0 0 0 157936 157936 3503 
750 389 1 4 389 40.8593 0.9725 0 0 0 159272 159272 3506 
751 389 1 4 389 40.8593 0.9725 0 0 0 159920 159920 3515 
752 389 1 4 389 40.8593 0.9725 0 0 0 160616 160616 3522 
753 389 1 4 389 40.8593 0.9725 0 0 0 161403 161403 3526 
754 389 1 4 389 40.8593 0.9725 0 0 0 162894 162894 3527 
755 389 1 4 389 40.8593 0.9725 0 0 0 164333 164333 3530 
756 389 1 4 389 40.8593 0.9725 0 0 0 165599 165599 3537 
757 389 1 4 389 40.8593 0.9725 0 0 0 166246 166246 3545 
758 389 1 4 389 40.8593 0.9725 0 0 0 167052 167052 3552 
759 389 1 4 389 40.8593 0.9725 0 0 0 167728 167728 3559 
760 389 1 4 389 40.8593 0.9725 0 0 0 169559 169559 3567 
761 389 1 4 389 40.8593 0.9725 0 0 0 170078 170078 3578 
762 389 1 4 389 40.8593 0.9725 0 0 0 170536 170536 3584 
763 389 1 4 389 40.8593 0.9725 0 0 0 171315 171315 3591 
764 389 1 4 389 40.4696 0.9725 0 0 0 172323 172323 3595 
765 389 1 4 389 40.4696 0.9725 0 0 0 173444 173444 3601 
766 389 1 4 389 40.4696 0.9725 0 0 0 174090 174090 3605 
767 389 1 4 389 40.4696 0.9725 0 0 0 174658 174658 3617 
768 389 1 4 389 40.4696 0.9725 0 0 0 175180 175180 3621 
769 389 1 4 389 40.4696 0.9725 0 0 0 177133 177133 3631 
770 389 1 4 389 40.4696 0.9725 0 0 0 177837 177837 3635 
771 389 1 4 389 40.4696 0.9725 0 0 0 178364 178364 3647 
772 389 1 4 389 40.4696 0.9725 0 0 0 179136 179136 3652 
773 389 1 4 389 40.4696 0.9725 0 0 0 179518 179518 3658 
774 389 1 4 389 40.4696 0.9725 0 0 0 179860 179860 3667 
775 389 1 4 389 40.4696 0.9725 0 0 0 180307 180307 3673 
776 389 1 4 389 40.4696 0.9725 0 0 0 181509 181509 3682 
777 389 1 4 389 40.4696 0.9725 0 0 0 182143 182143 3690 
778 389 1 4 389 40.4696 0.9725 0 0 0 183320 183320 3699 
779 389 1 4 389 40.4696 0.9725 0 0 0 183858 183858 3701 
780 389 1 4 389 40.4696 0.9725 0 0 0 184834 184834 3716 
781 389 1 4 389 40.4696 0.9725 0 0 0 185401 185401 3728 
782 389 1 4 389 40.4696 0.9725 0 0 0 185668 185668 3730 
783 389 1 4 389 40.4696 0.9725 0 0 0 186804 186804 3741 
784 389 1 4 389 40.4696 0.9725 0 0 0 187412 187412 3754 
785 389 1 4 389 40.4696 0.9725 0 0 0 188012 188012 3757 
786 389 1 4 389 40.4696 0.9725 0 0 0 188444 188444 3762 
787 389 1 4 389 40.4696 0.9725 0 0 0 189032 189032 3765 
788 389 1 4 389 40.4696 0.9725 0 0 0 189522 189522 3772 
789 389 1 4 389 40.4696 0.9725 0 0 0 190325 190325 3780 
790 389 1 4 389 40.4696 0.9725 0 0 0 190715 190715 3784 
791 389 1 4 389 40.4696 0.9725 0 0 0 191309 191309 3795 
792 389 1 4 389 40.4696 0.9725 0 0 0 192354 192354 3800 
793 389 1 4 389 40.4696 0.9725 0 0 0 193577 193577 3808 
794 389 1 4 389 40.4696 0.9725 0 0 0 194633 194633 3820 
795 389 1 4 389 40.4696 0.9725 0 0 0 195399 195399 3823 
796 389 1 4 389 40.4696 0.9725 0 0 0 196306 196306 3830 
797 389 1 4 389 40.4696 0.9725 0 0 0 196656 196656 3832 
798 389 1 4 389 40.4696 0.9725 0 0 0 197348 197348 3837 
799 389 1 4 389 40.4696 0.9725 0 0 0 198053 198053 3841 
800 389 1 4 389 40.4696 0.9725 0 0 0 199197 199197 3850 
801 389 1 4 389 40.4696 0.9725 0 0 0 199841 199841 3852 
802 389 1 4 389 40.4696 0.9725 0 0 0 201037 201037 3856 
803 389 1 4 389 40.4696 0.9725 0 0 0 201684 201684 3865 
804 389 1 4 389 40.4696 0.9725 0 0 0 202271 202271 3869 
805 389 1 4 389 40.4696 0.9725 0 0 0 203920 203920 3875 
806 389 1 4 389 40.4696 0.9725 0 0 0 204497 204497 3882 
807 389 1 4 389 40.4696 0.9725 0 0 0 204858 204858 3883 
808 389 1 4 389 40.4696 0.9725 0 0 0 205451 205451 3890 
809 389 1 4 389 40.4696 0.9725 0 0 0 206019 206019 3896 
810 389 1 4 389 40.4696 0.9725 0 0 0 206737 206737 3901 
811 389 1 4 389 40.4696 0.9725 0 0 0 207305 207305 3903 
812 389 1 4 389 40.4696 0.9725 0 0 0 207777 207777 3908 
813 389 1 4 389 40.4696 0.9725 0 0 0 208654 208654 3911 
814 389 1 4 389 40.4696 0.9725 0 0 0 209470 209470 3915 
815 389 1 4 389 40.4696 0.9725 0 0 0 210406 210406 3921 
816 389 1 4 389 40.4696 0.9725 0 0 0 211299 211299 3931 
817 389 1 4 389 40.4696 0.9725 0 0 0 212410 212410 3939 
818 389 1 4 389 40.4696 0.9725 0 0 0 213400 213400 3942 
819 389 1 4 389 40.4696 0.9725 0 0 0 214063 214063 3947 
820 389 1 4 389 40.4696 0.9725 0 0 0 215487 215487 3958 
821 389 1 4 389 40.4696 0.9725 0 0 0 216001 216001 3968 
822 389 1 4 389 40.4696 0.9725 0 0 0 216708 216708 3979 
823 392 1 4 392 55.941 0.98 0 0 0 217830 217830 3991 
824 392 1 4 392 55.941 0.98 0 0 0 219452 219452 4006 
825 392 1 4 392 46.6102 0.98 0 0 0 219853 219853 4008 
826 392 1 4 392 46.6102 0.98 0 0 0 220484 220484 4016 
827 392 1 4 392 46.6102 0.98 0 0 0 221231 221231 4024 
828 392 1 4 392 46.6102 0.98 0 0 0 222189 222189 4033 
829 392 1 4 392 46.6102 0.98 0 0 0 223086 223086 4042 
830 392 1 4 392 46.6102 0.98 0 0 0 224342 224342 4046 
831 392 1 4 392 46.6102 0.98 0 0 0 224940 224940 4053 
832 392 1 4 392 46.6102 0.98 0 0 0 225444 225444 4055 
833 392 1 4 392 46.6102 0.98 0 0 0 226004 226004 4064 
834 392 1 4 392 46.6102 0.98 0 0 0 226735 226735 4077 
835 392 1 4 392 46.6102 0.98 0 0 0 228571 228571 4091 
836 392 1 4 392 46.6102 0.98 0 0 0 229872 229872 4103 
837 392 1 4 392 46.6102 0.98 0 0 0 230797 230797 4106 
838 392 1 4 392 46.6102 0.98 0 0 0 231432 231432 4110 
839 392 1 4 392 45.1955 0.98 0 0 0 231817 231817 4112 
840 392 1 4 392 45.1955 0.98 0 0 0 232700 232700 4117 
841 392 1 4 392 44.9764 0.98 0 0 0 233058 233058 4121 
842 392 1 4 392 44.9764 0.98 0 0 0 234401 234401 4132 
843 392 1 4 392 44.9764 0.98 0 0 0 235748 235748 4141 
844 392 1 4 392 44.9764 0.98 0 0 0 236582 236582 4148 
845 392 1 4 392 44.9764 0.98 0 0 0 237329 237329 4158 
846 392 1 4 392 44.9764 0.98 0 0 0 238529 238529 4161 
847 392 1 4 392 44.9764 0.98 0 0 0 239673 239673 4166 
848 392 1 4 392 44.9764 0.98 0 0 0 240257 240257 4174 
849 392 1 4 392 44.9764 0.98 0 0 0 241259 241259 4180 
850 392 1 4 392 44.9764 0.98 0 0 0 241906 241906 4183 
851 392 1 4 392 44.9764 0.98 0 0 0 242537 242537 4194 
852 392 1 4 392 44.9764 0.98 0 0 0 243662 243662 4204 
853 392 1 4 392 44.9764 0.98 0 0 0 244598 244598 4212 
854 392 1 4 392 44.9764 0.98 0 0 0 245827 245827 4223 
855 392 1 4 392 44.9764 0.98 0 0 0 246381 246381 4228 
856 392 1 4 392 44.9764 0.98 0 0 0 246948 246948 4231 
857 392 1 4 392 44.9764 0.98 0 0 0 247904 247904 4236 
858 392 1 4 392 44.9764 0.98 0 0 0 248989 248989 4241 
859 392 1 4 392 44.9764 0.98 0 0 0 249569 249569 4247 
860 392 1 4 392 44.9764 0.98 0 0 0 250341 250341 4252 
861 394 1 4 394 51.1468 0.985 0 0 0 250768 250768 4265 
862 394 1 4 394 51.1468 0.985 0 0 0 251320 251320 4272 
863 394 1 4 394 47.7307 0.985 0 0 0 251814 251814 4277 
864 394 1 4 394 47.7307 0.985 0 0 0 252384 252384 4279 
865 394 1 4 394 47.7307 0.985 0 0 0 253761 253761 4285 
866 394 1 4 394 47.7307 0.985 0 0 0 254410 254410 4291 
867 394 1 4 394 47.7307 0.985 0 0 0 255004 255004 4297 
868 394 1 4 394 47.7307 0.985 0 0 0 255813 255813 4301 
869 394 1 4 394 47.7307 0.985 0 0 0 256319 256319 4307 
870 394 1 4 394 47.7307 0.985 0 0 0 257069 257069 4309 
871 394 1 4 394 47.7307 0.985 0 0 0 257728 257728 4314 
872 394 1 4 394 47.7307 0.985 0 0 0 259425 259425 4317 
873 394 1 4 394 47.4531 0.985 0 0 0 260072 260072 4319 
874 394 1 4 394 47.4531 0.985 0 0 0 260758 260758 4323 
875 394 1 4 394 47.4531 0.985 0 0 0 261202 261202 4331 
876 394 1 4 394 47.4531 0.985 0 0 0 262082 262082 4336 
877 394 1 4 394 47.4531 0.985 0 0 0 262579 262579 4339 
878 394 1 4 394 47.4531 0.985 0 0 0 263706 263706 4343 
879 394 1 4 394 47.4531 0.985 0 0 0 264801 264801 4350 
880 394 1 4 394 45.5578 0.985 0 0 0 265227 265227 4351 
881 394 1 4 394 45.5578 0.985 0 0 0 266245 266245 4361 
882 394 1 4 394 45.5578 0.985 0 0 0 266979 266979 4371 
883 394 1 4 394 45.5578 0.985 0 0 0 267738 267738 4381 
884 394 1 4 394 45.5578 0.985 0 0 0 268199 268199 4387 
885 394 1 4 394 45.5578 0.985 0 0 0 268787 268787 4391 
886 394 1 4 394 45.5578 0.985 0 0 0 269569 269569 4396 
887 394 1 4 394 45.5578 0.985 0 0 0 270400 270400 4399 
888 394 1 4 394 45.5578 0.985 0 0 0 271075 271075 4407 
889 394 1 4 394 45.5578 0.985 0 0 0 271918 271918 4411 
890 394 1 4 394 45.5578 0.985 0 0 0 272852 272852 4420 
891 394 1 4 394 45.5578 0.985 0 0 0 273393 273393 4422 
892 394 1 4 394 45.5578 0.985 0 0 0 274430 274430 4426 
893 394 1 4 394 45.5578 0.985 0 0 0 275692 275692 4434 
894 394 1 4 394 45.5578 0.985 0 0 0 276717 276717 4436 
895 394 1 4 394 45.5578 0.985 0 0 0 277711 277711 4439 
896 394 1 4 394 45.5578 0.985 0 0 0 278620 278620 4446 
897 394 1 4 394 45.5578 0.985 0 0 0 279274 279274 4452 
898 394 1 4 394 45.5578 0.985 0 0 0 279879 279879 4455 
899 394 1 4 394 45.5578 0.985 0 0 0 281927 281927 4460 
900 394 1 4 394 45.0697 0.985 0 0 0 282886 282886 4465 
901 394 1 4 394 45.0697 0.985 0 0 0 283434 283434 4471 
902 394 1 4 394 45.0697 0.985 0 0 0 283961 283961 4473 
903 394 1 4 394 45.0697 0.985 0 0 0 284547 284547 4477 
904 394 1 4 394 44.3324 0.985 0 0 0 284904 284904 4482 
905 394 1 4 394 44.3324 0.985 0 0 0 285435 285435 4484 
906 394 1 4 394 44.3324 0.985 0 0 0 285931 285931 4493 
907 394 1 4 394 44.3324 0.985 0 0 0 286981 286981 4500 
908 394 1 4 394 44.3324 0.985 0 0 0 287534 287534 4502 
909 394 1 4 394 44.3324 0.985 0 0 0 288361 288361 4507 
910 394 1 4 394 44.3324 0.985 0 0 0 289593 289593 4517 
911 394 1 4 394 44.3324 0.985 0 0 0 290930 290930 4527 
912 395 1 4 395 52.9646 0.9875 0 0 0 291465 291465 4538 
913 395 1 4 395 50.7263 0.9875 0 0 0 292167 292167 4544 
914 395 1 4 395 50.7263 0.9875 0 0 0 292897 292897 4550 
915 395 1 4 395 50.7263 0.9875 0 0 0 293806 293806 4556 
916 395 1 4 395 50.7263 0.9875 0 0 0 295171 295171 4562 
917 395 1 4 395 49.5454 0.9875 0 0 0 296030 296030 4573 
918 395 1 4 395 49.5454 0.9875 0 0 0 297281 297281 4582 
919 395 1 4 395 48.2671 0.9875 0 0 0 299037 299037 4589 
920 395 1 4 395 48.2671 0.9875 0 0 0 299785 299785 4596 
921 395 1 4 395 48.2671 0.9875 0 0 0 300262 300262 4607 
922 395 1 4 395 46.6785 0.9875 0 0 0 301177 301177 4610 
923 395 1 4 395 46.6785 0.9875 0 0 0 301681 301681 4617 
924 395 1 4 395 46.6785 0.9875 0 0 0 302158 302158 4626 
925 395 1 4 395 46.6785 0.9875 0 0 0 303036 303036 4632 
926 395 1 4 395 46.6785 0.9875 0 0 0 304744 304744 4641 
927 395 1 4 395 46.6785 0.9875 0 0 0 305522 305522 4651 
928 395 1 4 395 45.3189 0.9875 0 0 0 307359 307359 4663 
929 395 1 4 395 45.3189 0.9875 0 0 0 308328 308328 4670 
930 395 1 4 395 45.3189 0.9875 0 0 0 309496 309496 4683 
931 395 1 4 395 44.7197 0.9875 0 0 0 310494 310494 4686 
932 395 1 4 395 44.7197 0.9875 0 0 0 311120 311120 4693 
933 395 1 4 395 44.7197 0.9875 0 0 0 312876 312876 4699 
934 395 1 4 395 44.7197 0.9875 0 0 0 313781 313781 4708 
935 395 1 4 395 44.7197 0.9875 0 0 0 314750 314750 4711 
936 395 1 4 395 44.7197 0.9875 0 0 0 315425 315425 4720 
937 395 1 4 395 44.7197 0.9875 0 0 0 316051 316051 4728 
938 395 1 4 395 44.7197 0.9875 0 0 0 317106 317106 4730 
939 395 1 4 395 44.7197 0.9875 0 0 0 317821 317821 4736 
940 395 1 4 395 39.9013 0.9875 0 0 0 318722 318722 4739 
941 395 1 4 395 39.9013 0.9875 0 0 0 319417 319417 4740 
942 395 1 4 395 39.9013 0.9875 0 0 0 321261 321261 4747 
943 395 1 4 395 39.9013 0.9875 0 0 0 322006 322006 4757 
944 395 1 4 395 39.9013 0.9875 0 0 0 323094 323094 4763 
945 395 1 4 395 39.9013 0.9875 0 0 0 324638 324638 4765 
946 395 1 4 395 39.9013 0.9875 0 0 0 325178 325178 4770 
947 395 1 4 395 39.9013 0.9875 0 0 0 325777 325777 4775 
948 395 1 4 395 39.9013 0.9875 0 0 0 326879 326879 4777 
949 395 1 4 395 39.9013 0.9875 0 0 0 327794 327794 4780 
950 395 1 4 395 39.9013 0.9875 0 0 0 328948 328948 4785 
951 395 1 4 395 39.9013 0.9875 0 0 0 331818 331818 4792 
952 395 1 4 395 39.9013 0.9875 0 0 0 332877 332877 4793 
953 395 1 4 395 39.9013 0.9875 0 0 0 334629 334629 4799 
954 395 1 4 395 39.9013 0.9875 0 0 0 335587 335587 4801 
955 395 1 4 395 39.9013 0.9875 0 0 0 336222 336222 4807 
956 395 1 4 395 39.9013 0.9875 0 0 0 336734 336734 4811 
957 395 1 4 395 39.9013 0.9875 0 0 0 337282 337282 4813 
958 395 1 4 395 39.9013 0.9875 0 0 0 338651 338651 4821 
959 395 1 4 395 39.9013 0.9875 0 0 0 339521 339521 4834 
960 395 1 4 395 39.9013 0.9875 0 0 0 340327 340327 4842 
961 395 1 4 395 39.9013 0.9875 0 0 0 341111 341111 4849 
962 395 1 4 395 39.9013 0.9875 0 0 0 341642 341642 4853 
963 395 1 4 395 39.9013 0.9875 0 0 0 342421 342421 4859 
964 395 1 4 395 39.9013 0.9875 0 0 0 343196 343196 4861 
965 395 1 4 395 39.9013 0.9875 0 0 0 344696 344696 4870 
966 395 1 4 395 39.9013 0.9875 0 0 0 345506 345506 4876 
967 395 1 4 395 39.9013 0.9875 0 0 0 346008 346008 4877 
968 395 1 4 395 39.9013 0.9875 0 0 0 347296 347296 4881 
969 395 1 4 395 39.9013 0.9875 0 0 0 347947 347947 4886 
970 395 1 4 395 39.9013 0.9875 0 0 0 348907 348907 4894 
971 395 1 4 395 39.9013 0.9875 0 0 0 349516 349516 4897 
972 395 1 4 395 39.9013 0.9875 0 0 0 350419 350419 4901 
973 395 1 4 395 39.9013 0.9875 0 0 0 351294 351294 4909 
974 395 1 4 395 39.9013 0.9875 0 0 0 352262 352262 4923 
975 395 1 4 395 39.9013 0.9875 0 0 0 353241 353241 4929 
976 395 1 4 395 39.9013 0.9875 0 0 0 354085 354085 4933 
977 395 1 4 395 39.9013 0.9875 0 0 0 354944 354944 4936 
978 395 1 4 395 39.9013 0.9875 0 0 0 355708 355708 4940 
979 395 1 4 395 39.9013 0.9875 0 0 0 356754 356754 4945 
980 395 1 4 395 39.9013 0.9875 0 0 0 357555 357555 4950 
981 395 1 4 395 39.9013 0.9875 0 0 0 358003 358003 4953 
982 395 1 4 395 39.9013 0.9875 0 0 0 359381 359381 4965 
983 395 1 4 395 39.9013 0.9875 0 0 0 360221 360221 4966 
984 395 1 4 395 39.9013 0.9875 0 0 0 361417 361417 4974 
985 395 1 4 395 39.9013 0.9875 0 0 0 362193 362193 4982 
986 395 1 4 395 39.9013 0.9875 0 0 0 363171 363171 4990 
987 395 1 4 395 39.9013 0.9875 0 0 0 363767 363767 4993 
988 395 1 4 395 39.9013 0.9875 0 0 0 364629 364629 4999 
989 395 1 4 395 39.9013 0.9875 0 0 0 366443 366443 5000 
990 395 1 4 395 39.9013 0.9875 0 0 0 367490 367490 5002 
991 395 1 4 395 39.9013 0.9875 0 0 0 368262 368262 5018 
992 395 1 4 395 39.9013 0.9875 0 0 0 368912 368912 5022 
993 395 1 4 395 39.9013 0.9875 0 0 0 369584 369584 5024 
994 395 1 4 395 39.9013 0.9875 0 0 0 370886 370886 5027 
995 395 1 4 395 39.9013 0.9875 0 0 0 371430 371430 5035 
996 395 1 4 395 39.9013 0.9875 0 0 0 372370 372370 5037 
997 395 1 4 395 39.9013 0.9875 0 0 0 373350 373350 5044 
998 395 1 4 395 39.9013 0.9875 0 0 0 374191 374191 5056 
999 395 1 4 395 39.9013 0.9875 0 0 0 375237 375237 5062 
1000 395 1 4 395 39.9013 0.9875 0 0 0 376176 376176 5063 
1001 398 1 4 398 41.6818 0.995 0 0 0 376948 376948 5068 
1002 398 1 4 398 41.6818 0.995 0 0 0 377902 377902 5077 
1003 398 1 4 398 41.6818 0.995 0 0 0 378426 378426 5085 
1004 398 1 4 398 41.6818 0.995 0 0 0 379191 379191 5092 
1005 398 1 4 398 41.6818 0.995 0 0 0 380146 380146 5097 
1006 398 1 4 398 41.6818 0.995 0 0 0 381017 381017 5103 
1007 398 1 4 398 41.2874 0.995 0 0 0 381817 381817 5107 
1008 398 1 4 398 41.2874 0.995 0 0 0 382468 382468 5114 
1009 398 1 4 398 41.2874 0.995 0 0 0 383113 383113 5120 
1010 398 1 4 398 41.2874 0.995 0 0 0 383536 383536 5124 
1011 398 1 4 398 39.0594 0.995 0 0 0 384708 384708 5126 
