1 105 1 3 105 0 0.2625 0 0 0 0 0 0 
2 108 1 3 108 0.1 0.27 0 0 0 0 0 1 
3 110 1 3 110 0.195919 0.275 0 0 0 0 0 3 
4 112 1 3 112 0.295919 0.28 0 0 0 0 0 4 
5 114 1 3 114 0.395919 0.285 0 0 0 0 0 5 
6 115 1 3 115 0.488365 0.2875 0 0 0 0 0 7 
7 115 1 3 115 0.488365 0.2875 0 0 0 0 0 8 
8 122 1 3 122 0.62186 0.305 0 0 0 0 0 10 
9 122 1 3 122 0.62186 0.305 0 0 0 0 0 11 
10 122 1 3 122 0.62186 0.305 0 0 0 0 0 12 
11 131 1 3 131 0.72186 0.3275 0 0 0 0 0 13 
12 131 1 3 131 0.72186 0.3275 0 0 0 0 0 14 
13 132 1 3 132 1.03084 0.33 0 0 0 0 0 16 
14 133 1 3 133 1.15732 0.3325 0 0 0 0 0 19 
15 141 1 3 141 1.25557 0.3525 0 0 0 0 0 22 
16 141 1 3 141 1.25557 0.3525 0 0 0 0 0 23 
17 142 1 3 142 1.40416 0.355 0 0 0 0 0 25 
18 143 1 3 143 1.50416 0.3575 0 0 0 0 0 26 
19 145 1 3 145 1.65811 0.3625 0 0 0 0 0 28 
20 145 1 3 145 1.65811 0.3625 0 0 0 0 0 29 
21 145 1 3 145 1.65811 0.3625 0 0 0 0 0 30 
22 145 1 3 145 1.65811 0.3625 0 0 0 0 0 31 
23 146 1 3 146 1.7409 0.365 0 0 0 0 0 33 
24 146 1 3 146 1.7409 0.365 0 0 0 0 0 34 
25 147 1 3 147 2.02836 0.3675 0 0 0 1 1 36 
26 148 1 3 148 2.08592 0.37 0 0 0 1 1 38 
27 148 1 3 148 2.08592 0.37 0 0 0 1 1 42 
28 148 1 3 148 2.08592 0.37 0 0 0 1 1 43 
29 148 1 3 148 2.08592 0.37 0 0 0 1 1 44 
30 150 1 3 150 2.51612 0.375 0 0 0 2 2 46 
31 150 1 3 150 2.51612 0.375 0 0 0 3 3 47 
32 150 1 3 150 2.51612 0.375 0 0 0 4 4 48 
33 150 1 3 150 2.51612 0.375 0 0 0 5 5 49 
34 150 1 3 150 2.51612 0.375 0 0 0 6 6 50 
35 150 1 3 150 2.51612 0.375 0 0 0 7 7 51 
36 150 1 3 150 2.51612 0.375 0 0 0 8 8 52 
37 150 1 3 150 2.51612 0.375 0 0 0 9 9 53 
38 150 1 3 150 2.51612 0.375 0 0 0 10 10 54 
39 150 1 3 150 2.51612 0.375 0 0 0 11 11 55 
40 150 1 3 150 2.51612 0.375 0 0 0 12 12 56 
41 150 1 3 150 2.51612 0.375 0 0 0 13 13 57 
42 150 1 3 150 2.51612 0.375 0 0 0 14 14 58 
43 151 1 3 151 3.0701 0.3775 0 0 0 15 15 60 
44 152 1 3 152 3.12806 0.38 0 0 0 16 16 62 
45 152 1 3 152 3.12806 0.38 0 0 0 17 17 63 
46 152 1 3 152 3.12806 0.38 0 0 0 18 18 64 
47 152 1 3 152 3.12806 0.38 0 0 0 20 20 65 
48 152 1 3 152 3.12806 0.38 0 0 0 21 21 66 
49 152 1 3 152 3.12806 0.38 0 0 0 22 22 67 
50 152 1 3 152 3.12806 0.38 0 0 0 23 23 68 
51 152 1 3 152 3.12806 0.38 0 0 0 24 24 69 
52 152 1 3 152 3.12806 0.38 0 0 0 25 25 70 
53 152 1 3 152 3.12806 0.38 0 0 0 26 26 71 
54 152 1 3 152 3.12806 0.38 0 0 0 27 27 72 
55 159 1 3 159 3.53263 0.3975 0 0 0 28 28 74 
56 159 1 3 159 3.53263 0.3975 0 0 0 29 29 75 
57 165 1 3 165 3.88679 0.4125 0 0 0 31 31 78 
58 165 1 3 165 3.88679 0.4125 0 0 0 33 33 79 
59 165 1 3 165 3.88679 0.4125 0 0 0 35 35 80 
60 165 1 3 165 3.88679 0.4125 0 0 0 37 37 81 
61 165 1 3 165 3.88679 0.4125 0 0 0 39 39 82 
62 166 1 3 166 4.53395 0.415 0 0 0 41 41 85 
63 166 1 3 166 4.53395 0.415 0 0 0 43 43 86 
64 166 1 3 166 4.53395 0.415 0 0 0 45 45 87 
65 166 1 3 166 4.53395 0.415 0 0 0 47 47 88 
66 166 1 3 166 4.53395 0.415 0 0 0 49 49 89 
67 166 1 3 166 4.53395 0.415 0 0 0 51 51 90 
68 166 1 3 166 4.53395 0.415 0 0 0 54 54 91 
69 166 1 3 166 4.53395 0.415 0 0 0 56 56 92 
70 166 1 3 166 4.53395 0.415 0 0 0 58 58 95 
71 166 1 3 166 4.53395 0.415 0 0 0 60 60 96 
72 166 1 3 166 4.53395 0.415 0 0 0 62 62 97 
73 166 1 3 166 4.53395 0.415 0 0 0 65 65 98 
74 166 1 3 166 4.53395 0.415 0 0 0 67 67 99 
75 166 1 3 166 4.53395 0.415 0 0 0 69 69 100 
76 166 1 3 166 4.53395 0.415 0 0 0 71 71 101 
77 166 1 3 166 4.53395 0.415 0 0 0 73 73 102 
78 166 1 3 166 4.53395 0.415 0 0 0 75 75 103 
79 166 1 3 166 4.53395 0.415 0 0 0 77 77 104 
80 166 1 3 166 4.53395 0.415 0 0 0 79 79 105 
81 166 1 3 166 4.53395 0.415 0 0 0 81 81 106 
82 166 1 3 166 4.53395 0.415 0 0 0 83 83 107 
83 166 1 3 166 4.53395 0.415 0 0 0 85 85 108 
84 166 1 3 166 4.53395 0.415 0 0 0 88 88 109 
85 166 1 3 166 4.53395 0.415 0 0 0 91 91 110 
86 166 1 3 166 4.53395 0.415 0 0 0 93 93 111 
87 166 1 3 166 4.53395 0.415 0 0 0 95 95 112 
88 166 1 3 166 4.53395 0.415 0 0 0 97 97 115 
89 166 1 3 166 4.53395 0.415 0 0 0 100 100 116 
90 166 1 3 166 4.53395 0.415 0 0 0 103 103 117 
91 166 1 3 166 4.53395 0.415 0 0 0 105 105 118 
92 166 1 3 166 4.53395 0.415 0 0 0 107 107 119 
93 166 1 3 166 4.53395 0.415 0 0 0 109 109 120 
94 166 1 3 166 4.53395 0.415 0 0 0 111 111 121 
95 178 1 3 178 4.97515 0.445 0 0 0 113 113 124 
96 181 1 3 181 5.93455 0.4525 0 0 0 116 116 127 
97 182 1 3 182 5.97261 0.455 0 0 0 119 119 129 
98 182 1 3 182 5.97261 0.455 0 0 0 123 123 130 
99 182 1 3 182 5.97261 0.455 0 0 0 127 127 131 
100 187 1 3 187 6.52124 0.4675 0 0 0 130 130 134 
101 187 1 3 187 6.52124 0.4675 0 0 0 134 134 135 
102 187 1 3 187 6.52124 0.4675 0 0 0 139 139 136 
103 187 1 3 187 6.52124 0.4675 0 0 0 143 143 137 
104 187 1 3 187 6.52124 0.4675 0 0 0 147 147 138 
105 187 1 3 187 6.52124 0.4675 0 0 0 151 151 139 
106 187 1 3 187 6.52124 0.4675 0 0 0 155 155 140 
107 187 1 3 187 6.52124 0.4675 0 0 0 159 159 141 
108 187 1 3 187 6.52124 0.4675 0 0 0 163 163 142 
109 187 1 3 187 6.52124 0.4675 0 0 0 167 167 143 
110 187 1 3 187 6.52124 0.4675 0 0 0 171 171 144 
111 187 1 3 187 6.52124 0.4675 0 0 0 175 175 145 
112 187 1 3 187 6.52124 0.4675 0 0 0 179 179 146 
113 187 1 3 187 6.52124 0.4675 0 0 0 184 184 147 
114 187 1 3 187 6.52124 0.4675 0 0 0 188 188 148 
115 187 1 3 187 6.52124 0.4675 0 0 0 192 192 149 
116 187 1 3 187 6.52124 0.4675 0 0 0 196 196 150 
117 187 1 3 187 6.52124 0.4675 0 0 0 200 200 151 
118 187 1 3 187 6.52124 0.4675 0 0 0 204 204 152 
119 187 1 3 187 6.52124 0.4675 0 0 0 209 209 153 
120 193 1 3 193 7.06435 0.4825 0 0 0 213 213 159 
121 193 1 3 193 7.06435 0.4825 0 0 0 217 217 160 
122 193 1 3 193 7.06435 0.4825 0 0 0 221 221 161 
123 196 1 3 196 9.2544 0.49 0 0 0 228 228 165 
124 196 1 3 196 9.2544 0.49 0 0 0 236 236 166 
125 196 1 3 196 9.2544 0.49 0 0 0 243 243 167 
126 196 1 3 196 9.2544 0.49 0 0 0 249 249 168 
127 196 1 3 196 9.2544 0.49 0 0 0 259 259 174 
128 211 1 3 211 10.951 0.5275 0 0 0 270 270 181 
129 211 1 3 211 10.951 0.5275 0 0 0 282 282 182 
130 211 1 3 211 10.951 0.5275 0 0 0 293 293 183 
131 211 1 3 211 10.951 0.5275 0 0 0 305 305 184 
132 211 1 3 211 10.951 0.5275 0 0 0 316 316 185 
133 211 1 3 211 10.951 0.5275 0 0 0 327 327 186 
134 211 1 3 211 10.951 0.5275 0 0 0 339 339 187 
135 211 1 3 211 10.951 0.5275 0 0 0 351 351 188 
136 211 1 3 211 10.951 0.5275 0 0 0 363 363 189 
137 211 1 3 211 10.951 0.5275 0 0 0 375 375 190 
138 211 1 3 211 10.951 0.5275 0 0 0 388 388 191 
139 211 1 3 211 10.951 0.5275 0 0 0 404 404 192 
140 211 1 3 211 10.951 0.5275 0 0 0 417 417 193 
141 211 1 3 211 10.951 0.5275 0 0 0 429 429 194 
142 213 1 3 213 11.2868 0.5325 0 0 0 438 438 201 
143 213 1 3 213 11.2868 0.5325 0 0 0 447 447 202 
144 231 1 3 231 11.3109 0.5775 0 0 0 456 456 206 
145 232 1 3 232 11.3354 0.58 0 0 0 465 465 210 
146 232 1 3 232 11.3354 0.58 0 0 0 475 475 211 
147 232 1 3 232 11.3354 0.58 0 0 0 484 484 212 
148 232 1 3 232 11.3354 0.58 0 0 0 494 494 213 
149 232 1 3 232 11.3354 0.58 0 0 0 504 504 214 
150 232 1 3 232 11.3354 0.58 0 0 0 514 514 215 
151 232 1 3 232 11.3354 0.58 0 0 0 525 525 216 
152 232 1 3 232 11.3354 0.58 0 0 0 536 536 217 
153 232 1 3 232 11.3354 0.58 0 0 0 546 546 218 
154 233 1 3 233 12.1683 0.5825 0 0 0 559 559 223 
155 233 1 3 233 12.1683 0.5825 0 0 0 576 576 224 
156 233 1 3 233 12.1683 0.5825 0 0 0 591 591 225 
157 233 1 3 233 12.1683 0.5825 0 0 0 605 605 226 
158 233 1 3 233 12.1287 0.5825 0 0 0 619 619 229 
159 233 1 3 233 12.1287 0.5825 0 0 0 633 633 230 
160 233 1 3 233 12.1287 0.5825 0 0 0 647 647 231 
161 233 1 3 233 12.1287 0.5825 0 0 0 661 661 232 
162 233 1 3 233 12.1287 0.5825 0 0 0 676 676 233 
163 233 1 3 233 12.1287 0.5825 0 0 0 691 691 234 
164 233 1 3 233 12.1287 0.5825 0 0 0 705 705 235 
165 233 1 3 233 12.1287 0.5825 0 0 0 719 719 236 
166 233 1 3 233 12.1287 0.5825 0 0 0 733 733 237 
167 233 1 3 233 12.1287 0.5825 0 0 0 748 748 238 
168 233 1 3 233 12.1287 0.5825 0 0 0 763 763 239 
169 233 1 3 233 12.1287 0.5825 0 0 0 777 777 240 
170 233 1 3 233 12.1287 0.5825 0 0 0 791 791 241 
171 236 1 3 236 14.2979 0.59 0 0 0 808 808 250 
172 236 1 3 236 14.2979 0.59 0 0 0 825 825 251 
173 237 1 3 237 12.2672 0.5925 0 0 0 840 840 257 
174 237 1 3 237 12.2672 0.5925 0 0 0 855 855 258 
175 237 1 3 237 12.2672 0.5925 0 0 0 870 870 259 
176 237 1 3 237 12.2672 0.5925 0 0 0 885 885 260 
177 237 1 3 237 12.2672 0.5925 0 0 0 901 901 261 
178 237 1 3 237 12.2672 0.5925 0 0 0 915 915 262 
179 237 1 3 237 9.79383 0.5925 0 0 0 924 924 264 
180 243 1 3 243 10.0725 0.6075 0 0 0 934 934 267 
181 245 1 3 245 10.1304 0.6125 0 0 0 944 944 269 
182 245 1 3 245 10.1304 0.6125 0 0 0 954 954 270 
183 253 1 3 253 10.2163 0.6325 0 0 0 966 966 276 
184 253 1 3 253 10.2163 0.6325 0 0 0 977 977 277 
185 253 1 3 253 10.2163 0.6325 0 0 0 989 989 278 
186 253 1 3 253 10.2163 0.6325 0 0 0 1000 1000 279 
187 253 1 3 253 10.2163 0.6325 0 0 0 1012 1012 280 
188 253 1 3 253 10.2163 0.6325 0 0 0 1024 1024 281 
189 253 1 3 253 10.1494 0.6325 0 0 0 1036 1036 284 
190 253 1 3 253 10.1494 0.6325 0 0 0 1048 1048 285 
191 253 1 3 253 10.1494 0.6325 0 0 0 1060 1060 286 
192 253 1 3 253 10.1494 0.6325 0 0 0 1071 1071 287 
193 253 1 3 253 10.1494 0.6325 0 0 0 1083 1083 291 
194 253 1 3 253 10.1494 0.6325 0 0 0 1095 1095 292 
195 253 1 3 253 10.1494 0.6325 0 0 0 1108 1108 293 
196 259 1 3 259 10.4032 0.6475 0 0 0 1120 1120 295 
197 259 1 3 259 10.4032 0.6475 0 0 0 1132 1132 296 
198 259 1 3 259 10.3363 0.6475 0 0 0 1144 1144 297 
199 259 1 3 259 10.3363 0.6475 0 0 0 1158 1158 298 
200 259 1 3 259 10.3363 0.6475 0 0 0 1171 1171 299 
201 259 1 3 259 10.3363 0.6475 0 0 0 1183 1183 302 
202 259 1 3 259 10.3363 0.6475 0 0 0 1196 1196 303 
203 259 1 3 259 10.3363 0.6475 0 0 0 1209 1209 304 
204 259 1 3 259 10.3363 0.6475 0 0 0 1222 1222 305 
205 259 1 3 259 10.3363 0.6475 0 0 0 1235 1235 306 
206 260 1 3 260 10.8138 0.65 0 0 0 1249 1249 308 
207 260 1 3 260 10.806 0.65 0 0 0 1264 1264 311 
208 260 1 3 260 10.806 0.65 0 0 0 1279 1279 313 
209 260 1 3 260 10.806 0.65 0 0 0 1294 1294 314 
210 266 1 3 266 10.7064 0.665 0 0 0 1308 1308 316 
211 266 1 3 266 10.7064 0.665 0 0 0 1323 1323 317 
212 266 1 3 266 10.7064 0.665 0 0 0 1337 1337 320 
213 266 1 3 266 10.7064 0.665 0 0 0 1351 1351 321 
214 266 1 3 266 10.7064 0.665 0 0 0 1365 1365 322 
215 266 1 3 266 10.7064 0.665 0 0 0 1379 1379 323 
216 266 1 3 266 10.7064 0.665 0 0 0 1393 1393 324 
217 266 1 3 266 10.7064 0.665 0 0 0 1407 1407 325 
218 266 1 3 266 10.7064 0.665 0 0 0 1422 1422 326 
219 266 1 3 266 10.7064 0.665 0 0 0 1437 1437 327 
220 266 1 3 266 10.7064 0.665 0 0 0 1451 1451 328 
221 266 1 3 266 10.7064 0.665 0 0 0 1466 1466 329 
222 266 1 3 266 10.7064 0.665 0 0 0 1481 1481 330 
223 266 1 3 266 10.7064 0.665 0 0 0 1497 1497 331 
224 266 1 3 266 10.6201 0.665 0 0 0 1511 1511 333 
225 266 1 3 266 10.6201 0.665 0 0 0 1526 1526 334 
226 266 1 3 266 10.6201 0.665 0 0 0 1541 1541 336 
227 266 1 3 266 10.6201 0.665 0 0 0 1557 1557 337 
228 266 1 3 266 10.6201 0.665 0 0 0 1572 1572 338 
229 266 1 3 266 10.6201 0.665 0 0 0 1588 1588 339 
230 277 1 3 277 10.8498 0.6925 0 0 0 1604 1604 341 
231 277 1 3 277 10.8498 0.6925 0 0 0 1620 1620 342 
232 277 1 3 277 10.8498 0.6925 0 0 0 1635 1635 343 
233 277 1 3 277 10.8498 0.6925 0 0 0 1653 1653 344 
234 277 1 3 277 10.8498 0.6925 0 0 0 1669 1669 345 
235 277 1 3 277 10.8498 0.6925 0 0 0 1685 1685 346 
236 277 1 3 277 10.8498 0.6925 0 0 0 1700 1700 347 
237 277 1 3 277 10.8498 0.6925 0 0 0 1717 1717 348 
238 277 1 3 277 10.8498 0.6925 0 0 0 1733 1733 349 
239 277 1 3 277 10.8498 0.6925 0 0 0 1748 1748 350 
240 277 1 3 277 10.8498 0.6925 0 0 0 1763 1763 351 
241 277 1 3 277 10.7633 0.6925 0 0 0 1779 1779 352 
242 277 1 3 277 10.7633 0.6925 0 0 0 1795 1795 353 
243 277 1 3 277 10.7633 0.6925 0 0 0 1812 1812 354 
244 277 1 3 277 10.7633 0.6925 0 0 0 1829 1829 355 
245 283 1 3 283 10.7392 0.7075 0 0 0 1845 1845 357 
246 283 1 3 283 10.7392 0.7075 0 0 0 1862 1862 358 
247 283 1 3 283 10.7392 0.7075 0 0 0 1879 1879 359 
248 283 1 3 283 10.7392 0.7075 0 0 0 1896 1896 360 
249 283 1 3 283 10.7392 0.7075 0 0 0 1913 1913 361 
250 283 1 3 283 10.7392 0.7075 0 0 0 1930 1930 362 
251 284 1 3 284 14.3474 0.71 0 0 0 1951 1951 368 
252 284 1 3 284 14.3474 0.71 0 0 0 1971 1971 372 
253 284 1 3 284 14.3474 0.71 0 0 0 1993 1993 380 
254 284 1 3 284 14.3474 0.71 0 0 0 2016 2016 381 
255 284 1 3 284 14.3474 0.71 0 0 0 2039 2039 385 
256 284 1 3 284 14.3474 0.71 0 0 0 2062 2062 386 
257 284 1 3 284 14.3474 0.71 0 0 0 2086 2086 387 
258 284 1 3 284 14.3474 0.71 0 0 0 2106 2106 388 
259 284 1 3 284 14.3474 0.71 0 0 0 2127 2127 389 
260 284 1 3 284 14.3474 0.71 0 0 0 2149 2149 390 
261 284 1 3 284 14.3474 0.71 0 0 0 2170 2170 391 
262 284 1 3 284 14.3474 0.71 0 0 0 2191 2191 395 
263 284 1 3 284 14.3474 0.71 0 0 0 2211 2211 396 
264 284 1 3 284 14.3474 0.71 0 0 0 2232 2232 397 
265 284 1 3 284 14.3474 0.71 0 0 0 2253 2253 398 
266 284 1 3 284 14.3474 0.71 0 0 0 2274 2274 402 
267 284 1 3 284 14.3474 0.71 0 0 0 2295 2295 403 
268 284 1 3 284 14.3474 0.71 0 0 0 2316 2316 404 
269 284 1 3 284 14.3474 0.71 0 0 0 2336 2336 405 
270 284 1 3 284 14.3474 0.71 0 0 0 2358 2358 406 
271 284 1 3 284 14.3474 0.71 0 0 0 2379 2379 409 
272 284 1 3 284 14.3474 0.71 0 0 0 2401 2401 410 
273 284 1 3 284 14.3474 0.71 0 0 0 2423 2423 411 
274 284 1 3 284 14.3474 0.71 0 0 0 2444 2444 412 
275 284 1 3 284 14.3474 0.71 0 0 0 2466 2466 413 
276 284 1 3 284 14.3474 0.71 0 0 0 2488 2488 414 
277 284 1 3 284 14.3474 0.71 0 0 0 2510 2510 415 
278 284 1 3 284 14.3474 0.71 0 0 0 2531 2531 416 
279 284 1 3 284 14.3474 0.71 0 0 0 2553 2553 417 
280 287 1 3 287 18.7637 0.7175 0 0 0 2586 2586 425 
281 295 1 3 295 15.172 0.7375 0 0 0 2609 2609 431 
282 295 1 3 295 15.172 0.7375 0 0 0 2633 2633 432 
283 295 1 3 295 15.172 0.7375 0 0 0 2656 2656 433 
284 295 1 3 295 15.172 0.7375 0 0 0 2679 2679 434 
285 295 1 3 295 15.172 0.7375 0 0 0 2702 2702 435 
286 295 1 3 295 15.172 0.7375 0 0 0 2726 2726 438 
287 295 1 3 295 15.172 0.7375 0 0 0 2749 2749 439 
288 298 1 3 298 17.9722 0.745 0 0 0 2792 2792 449 
289 298 1 3 298 17.9722 0.745 0 0 0 2835 2835 459 
290 300 1 3 300 17.9677 0.75 0 0 0 2881 2881 466 
291 300 1 3 300 17.9677 0.75 0 0 0 2925 2925 471 
292 300 1 3 300 17.9677 0.75 0 0 0 2971 2971 476 
293 300 1 3 300 17.9644 0.75 0 0 0 3016 3016 477 
294 300 1 3 300 17.9644 0.75 0 0 0 3063 3063 478 
295 300 1 3 300 17.9644 0.75 0 0 0 3109 3109 482 
296 300 1 3 300 17.9644 0.75 0 0 0 3154 3154 483 
297 300 1 3 300 17.9644 0.75 0 0 0 3196 3196 485 
298 304 1 3 304 23.3852 0.76 0 0 0 3253 3253 495 
299 304 1 3 304 23.1364 0.76 0 0 0 3310 3310 496 
300 304 1 3 304 22.7907 0.76 0 0 0 3366 3366 503 
301 304 1 3 304 22.7907 0.76 0 0 0 3418 3418 511 
302 304 1 3 304 22.7907 0.76 0 0 0 3472 3472 514 
303 304 1 3 304 22.7907 0.76 0 0 0 3525 3525 521 
304 304 1 3 304 22.7907 0.76 0 0 0 3577 3577 524 
305 304 1 3 304 22.7907 0.76 0 0 0 3631 3631 525 
306 304 1 3 304 22.7907 0.76 0 0 0 3683 3683 529 
307 304 1 3 304 22.7907 0.76 0 0 0 3736 3736 532 
308 304 1 3 304 22.7907 0.76 0 0 0 3787 3787 539 
309 304 1 3 304 22.7907 0.76 0 0 0 3845 3845 541 
310 304 1 3 304 22.7907 0.76 0 0 0 3902 3902 545 
311 304 1 3 304 22.7907 0.76 0 0 0 3960 3960 546 
312 304 1 3 304 22.7907 0.76 0 0 0 4013 4013 548 
313 304 1 3 304 22.7907 0.76 0 0 0 4068 4068 551 
314 304 1 3 304 22.7907 0.76 0 0 0 4123 4123 555 
315 305 1 3 305 24.1288 0.7625 0 0 0 4184 4184 572 
316 305 1 3 305 23.9574 0.7625 0 0 0 4241 4241 585 
317 305 1 3 305 23.9574 0.7625 0 0 0 4305 4305 589 
318 305 1 3 305 23.9574 0.7625 0 0 0 4369 4369 590 
319 305 1 3 305 23.7332 0.7625 0 0 0 4434 4434 597 
320 305 1 3 305 23.7332 0.7625 0 0 0 4499 4499 598 
321 305 1 3 305 23.7332 0.7625 0 0 0 4562 4562 602 
322 305 1 3 305 23.5793 0.7625 0 0 0 4616 4616 609 
323 305 1 3 305 23.5793 0.7625 0 0 0 4682 4682 611 
324 305 1 3 305 23.5793 0.7625 0 0 0 4743 4743 613 
325 305 1 3 305 22.9146 0.7625 0 0 0 4796 4796 618 
326 305 1 3 305 22.9146 0.7625 0 0 0 4862 4862 619 
327 305 1 3 305 22.9146 0.7625 0 0 0 4917 4917 624 
328 305 1 3 305 22.9146 0.7625 0 0 0 4983 4983 638 
329 305 1 3 305 22.9146 0.7625 0 0 0 5048 5048 640 
330 305 1 3 305 22.9146 0.7625 0 0 0 5104 5104 644 
331 305 1 3 305 22.9146 0.7625 0 0 0 5155 5155 654 
332 305 1 3 305 22.9146 0.7625 0 0 0 5219 5219 655 
333 305 1 3 305 22.9146 0.7625 0 0 0 5275 5275 659 
334 305 1 3 305 22.9146 0.7625 0 0 0 5340 5340 662 
335 305 1 3 305 22.9146 0.7625 0 0 0 5407 5407 664 
336 305 1 3 305 22.9146 0.7625 0 0 0 5467 5467 670 
337 305 1 3 305 22.9146 0.7625 0 0 0 5533 5533 671 
338 305 1 3 305 22.9146 0.7625 0 0 0 5600 5600 672 
339 305 1 3 305 22.9146 0.7625 0 0 0 5658 5658 673 
340 305 1 3 305 22.9146 0.7625 0 0 0 5723 5723 674 
341 305 1 3 305 22.9146 0.7625 0 0 0 5787 5787 675 
342 305 1 3 305 22.9146 0.7625 0 0 0 5839 5839 676 
343 305 1 3 305 22.9146 0.7625 0 0 0 5905 5905 677 
344 305 1 3 305 22.9146 0.7625 0 0 0 5969 5969 680 
345 305 1 3 305 22.9146 0.7625 0 0 0 6024 6024 685 
346 305 1 3 305 22.9146 0.7625 0 0 0 6090 6090 687 
347 305 1 3 305 22.9146 0.7625 0 0 0 6155 6155 688 
348 306 1 3 306 23.302 0.765 0 0 0 6275 6275 699 
349 306 1 3 306 22.9656 0.765 0 0 0 6363 6363 703 
350 306 1 3 306 22.6371 0.765 0 0 0 6440 6440 710 
351 306 1 3 306 22.6371 0.765 0 0 0 6540 6540 721 
352 306 1 3 306 22.6371 0.765 0 0 0 6661 6661 722 
353 306 1 3 306 22.6371 0.765 0 0 0 6748 6748 726 
354 306 1 3 306 22.6371 0.765 0 0 0 6846 6846 728 
355 306 1 3 306 22.6371 0.765 0 0 0 6974 6974 729 
356 306 1 3 306 22.6371 0.765 0 0 0 7104 7104 732 
357 306 1 3 306 22.6371 0.765 0 0 0 7201 7201 733 
358 312 1 3 312 28.7503 0.78 0 0 0 7294 7294 747 
359 312 1 3 312 26.8949 0.78 0 0 0 7367 7367 761 
360 312 1 3 312 24.9838 0.78 0 0 0 7436 7436 772 
361 312 1 3 312 24.9838 0.78 0 0 0 7501 7501 779 
362 312 1 3 312 24.9838 0.78 0 0 0 7571 7571 781 
363 312 1 3 312 24.9838 0.78 0 0 0 7644 7644 784 
364 312 1 3 312 24.6321 0.78 0 0 0 7717 7717 789 
365 312 1 3 312 24.6321 0.78 0 0 0 7785 7785 791 
366 312 1 3 312 24.6152 0.78 0 0 0 7852 7852 798 
367 312 1 3 312 23.9297 0.78 0 0 0 7923 7923 802 
368 312 1 3 312 23.9297 0.78 0 0 0 7988 7988 810 
369 312 1 3 312 23.9297 0.78 0 0 0 8056 8056 812 
370 312 1 3 312 23.9297 0.78 0 0 0 8127 8127 818 
371 312 1 3 312 23.9297 0.78 0 0 0 8198 8198 827 
372 312 1 3 312 23.9297 0.78 0 0 0 8340 8340 835 
373 312 1 3 312 23.9297 0.78 0 0 0 8480 8480 836 
374 312 1 3 312 23.9297 0.78 0 0 0 8624 8624 838 
375 312 1 3 312 23.9297 0.78 0 0 0 8764 8764 840 
376 312 1 3 312 23.9297 0.78 0 0 0 8949 8949 848 
377 312 1 3 312 23.9297 0.78 0 0 0 9132 9132 849 
378 312 1 3 312 23.9297 0.78 0 0 0 9322 9322 851 
379 312 1 3 312 23.9297 0.78 0 0 0 9467 9467 852 
380 312 1 3 312 23.9297 0.78 0 0 0 9610 9610 854 
381 312 1 3 312 23.9297 0.78 0 0 0 9799 9799 860 
382 312 1 3 312 23.9297 0.78 0 0 0 9984 9984 861 
383 314 1 3 314 28.2015 0.785 0 0 0 10166 10166 875 
384 314 1 3 314 27.7286 0.785 0 0 0 10295 10295 889 
385 314 1 3 314 27.2689 0.785 0 0 0 10476 10476 894 
386 314 1 3 314 27.2689 0.785 0 0 0 10663 10663 898 
387 314 1 3 314 27.2338 0.785 0 0 0 10845 10845 899 
388 314 1 3 314 24.6131 0.785 0 0 0 11008 11008 905 
389 314 1 3 314 24.6131 0.785 0 0 0 11170 11170 906 
390 314 1 3 314 24.6131 0.785 0 0 0 11350 11350 909 
391 314 1 3 314 24.6131 0.785 0 0 0 11533 11533 910 
392 314 1 3 314 24.6131 0.785 0 0 0 11716 11716 911 
393 314 1 3 314 24.6131 0.785 0 0 0 11897 11897 914 
394 314 1 3 314 24.6131 0.785 0 0 0 12079 12079 915 
395 318 1 3 318 27.6238 0.795 0 0 0 12375 12375 921 
396 321 1 3 321 25.1183 0.8025 0 0 0 12579 12579 926 
397 322 1 3 322 25.3229 0.805 0 0 0 12777 12777 932 
398 322 1 3 322 25.2886 0.805 0 0 0 12973 12973 933 
399 322 1 3 322 25.2886 0.805 0 0 0 13174 13174 934 
400 322 1 3 322 25.2359 0.805 0 0 0 13370 13370 935 
401 322 1 3 322 25.2359 0.805 0 0 0 13571 13571 936 
402 322 1 3 322 25.2359 0.805 0 0 0 13769 13769 937 
403 322 1 3 322 25.2359 0.805 0 0 0 13967 13967 938 
404 322 1 3 322 25.2359 0.805 0 0 0 14171 14171 939 
405 322 1 3 322 25.2359 0.805 0 0 0 14305 14305 952 
406 323 1 3 323 25.4068 0.8075 0 0 0 14470 14470 956 
407 323 1 3 323 25.4068 0.8075 0 0 0 14633 14633 957 
408 323 1 3 323 25.4068 0.8075 0 0 0 14798 14798 958 
409 323 1 3 323 25.3335 0.8075 0 0 0 15002 15002 959 
410 323 1 3 323 25.3335 0.8075 0 0 0 15162 15162 960 
411 323 1 3 323 25.3335 0.8075 0 0 0 15328 15328 961 
412 323 1 3 323 25.3335 0.8075 0 0 0 15533 15533 962 
413 323 1 3 323 25.3335 0.8075 0 0 0 15737 15737 963 
414 341 1 3 341 25.3975 0.8525 0 0 0 15942 15942 968 
415 341 1 3 341 25.3352 0.8525 0 0 0 16150 16150 970 
416 341 1 3 341 25.3352 0.8525 0 0 0 16358 16358 971 
417 341 1 3 341 25.3352 0.8525 0 0 0 16565 16565 972 
418 341 1 3 341 25.3352 0.8525 0 0 0 16772 16772 973 
419 341 1 3 341 25.3352 0.8525 0 0 0 16981 16981 974 
420 341 1 3 341 25.3352 0.8525 0 0 0 17189 17189 977 
421 341 1 3 341 25.3352 0.8525 0 0 0 17326 17326 988 
422 341 1 3 341 24.2316 0.8525 0 0 0 17535 17535 990 
423 341 1 3 341 24.2316 0.8525 0 0 0 17703 17703 991 
424 341 1 3 341 24.2316 0.8525 0 0 0 17913 17913 992 
425 342 1 3 342 28.0411 0.855 0 0 0 18101 18101 1002 
426 342 1 3 342 25.4094 0.855 0 0 0 18328 18328 1005 
427 342 1 3 342 25.4094 0.855 0 0 0 18555 18555 1006 
428 342 1 3 342 25.4094 0.855 0 0 0 18780 18780 1007 
429 342 1 3 342 24.3559 0.855 0 0 0 19003 19003 1011 
430 342 1 3 342 24.3559 0.855 0 0 0 19226 19226 1012 
431 342 1 3 342 24.3559 0.855 0 0 0 19408 19408 1014 
432 353 1 3 353 25.4478 0.8825 0 0 0 19640 19640 1018 
433 355 1 3 355 29.8326 0.8875 0 0 0 19955 19955 1028 
434 355 1 3 355 29.8326 0.8875 0 0 0 20286 20286 1036 
435 355 1 3 355 29.8326 0.8875 0 0 0 20608 20608 1042 
436 356 1 3 356 30.4354 0.89 0 0 0 20958 20958 1045 
437 356 1 3 356 28.6803 0.89 0 0 0 21303 21303 1048 
438 356 1 3 356 28.6803 0.89 0 0 0 21651 21651 1052 
439 356 1 3 356 28.6803 0.89 0 0 0 21946 21946 1053 
440 356 1 3 356 28.6803 0.89 0 0 0 22294 22294 1054 
441 356 1 3 356 28.6803 0.89 0 0 0 22643 22643 1055 
442 356 1 3 356 28.6803 0.89 0 0 0 22986 22986 1056 
443 356 1 3 356 28.6803 0.89 0 0 0 23283 23283 1057 
444 356 1 3 356 28.6803 0.89 0 0 0 23579 23579 1063 
445 357 1 3 357 29.688 0.8925 0 0 0 23686 23686 1082 
446 358 1 3 358 29.8113 0.895 0 0 0 23821 23821 1103 
447 358 1 3 358 29.8113 0.895 0 0 0 24005 24005 1112 
448 358 1 3 358 29.8113 0.895 0 0 0 24248 24248 1127 
449 358 1 3 358 29.8113 0.895 0 0 0 24502 24502 1137 
450 358 1 3 358 29.8113 0.895 0 0 0 24726 24726 1145 
451 358 1 3 358 29.8113 0.895 0 0 0 24925 24925 1149 
452 358 1 3 358 29.8113 0.895 0 0 0 25143 25143 1152 
453 358 1 3 358 29.8113 0.895 0 0 0 25441 25441 1171 
454 358 1 3 358 29.8113 0.895 0 0 0 25774 25774 1186 
455 358 1 3 358 29.8113 0.895 0 0 0 26074 26074 1207 
456 358 1 3 358 29.8113 0.895 0 0 0 26407 26407 1218 
457 358 1 3 358 29.8113 0.895 0 0 0 26711 26711 1227 
458 358 1 3 358 29.8113 0.895 0 0 0 27055 27055 1230 
459 358 1 3 358 29.8113 0.895 0 0 0 27409 27409 1234 
460 358 1 3 358 29.8113 0.895 0 0 0 27742 27742 1240 
461 358 1 3 358 29.8113 0.895 0 0 0 28104 28104 1253 
462 358 1 3 358 29.8113 0.895 0 0 0 28451 28451 1254 
463 358 1 3 358 29.8113 0.895 0 0 0 28809 28809 1257 
464 358 1 3 358 29.8113 0.895 0 0 0 29179 29179 1272 
465 358 1 3 358 29.8113 0.895 0 0 0 29494 29494 1289 
466 358 1 3 358 29.8113 0.895 0 0 0 29779 29779 1296 
467 358 1 3 358 29.8113 0.895 0 0 0 30052 30052 1304 
468 358 1 3 358 29.8113 0.895 0 0 0 30452 30452 1320 
469 358 1 3 358 29.8113 0.895 0 0 0 30771 30771 1333 
470 358 1 3 358 29.8113 0.895 0 0 0 31209 31209 1340 
471 358 1 3 358 29.8113 0.895 0 0 0 31666 31666 1358 
472 358 1 3 358 29.8113 0.895 0 0 0 31962 31962 1380 
473 358 1 3 358 29.8113 0.895 0 0 0 32293 32293 1391 
474 358 1 3 358 29.8113 0.895 0 0 0 32704 32704 1400 
475 358 1 3 358 29.8113 0.895 0 0 0 33021 33021 1410 
476 359 1 3 359 26.6003 0.8975 0 0 0 33339 33339 1415 
477 359 1 3 359 26.3835 0.8975 0 0 0 33485 33485 1421 
478 359 1 3 359 26.1805 0.8975 0 0 0 33671 33671 1425 
479 359 1 3 359 26.1805 0.8975 0 0 0 33828 33828 1430 
480 359 1 3 359 26.1805 0.8975 0 0 0 34052 34052 1441 
481 359 1 3 359 26.1805 0.8975 0 0 0 34320 34320 1447 
482 359 1 3 359 26.1805 0.8975 0 0 0 34530 34530 1456 
483 359 1 3 359 26.1805 0.8975 0 0 0 34711 34711 1461 
484 359 1 3 359 26.1805 0.8975 0 0 0 34921 34921 1466 
485 362 1 3 362 30.2967 0.905 0 0 0 35414 35414 1475 
486 362 1 3 362 30.2967 0.905 0 0 0 35702 35702 1485 
487 362 1 3 362 30.2967 0.905 0 0 0 36057 36057 1494 
488 362 1 3 362 30.2967 0.905 0 0 0 36467 36467 1504 
489 365 1 3 365 31.1852 0.9125 0 0 0 36764 36764 1516 
490 365 1 3 365 31.1852 0.9125 0 0 0 37062 37062 1522 
491 365 1 3 365 31.1852 0.9125 0 0 0 37264 37264 1532 
492 365 1 3 365 31.1852 0.9125 0 0 0 37661 37661 1542 
493 365 1 3 365 31.1852 0.9125 0 0 0 38014 38014 1549 
494 365 1 3 365 31.1852 0.9125 0 0 0 38226 38226 1562 
495 365 1 3 365 31.1852 0.9125 0 0 0 38676 38676 1569 
496 365 1 3 365 28.0843 0.9125 0 0 0 38967 38967 1576 
497 365 1 3 365 28.0843 0.9125 0 0 0 39257 39257 1584 
498 365 1 3 365 28.0843 0.9125 0 0 0 39541 39541 1591 
499 365 1 3 365 28.0843 0.9125 0 0 0 39792 39792 1595 
500 366 1 3 366 31.6016 0.915 0 0 0 40119 40119 1601 
501 366 1 3 366 31.6016 0.915 0 0 0 40373 40373 1602 
502 366 1 3 366 29.5704 0.915 0 0 0 40861 40861 1606 
503 366 1 3 366 29.5704 0.915 0 0 0 41019 41019 1612 
504 366 1 3 366 29.5704 0.915 0 0 0 41257 41257 1619 
505 366 1 3 366 29.5704 0.915 0 0 0 41531 41531 1623 
506 366 1 3 366 29.5704 0.915 0 0 0 41797 41797 1626 
507 367 1 3 367 28.6063 0.9175 0 0 0 42007 42007 1631 
508 367 1 3 367 28.6063 0.9175 0 0 0 42334 42334 1632 
509 367 1 3 367 28.6063 0.9175 0 0 0 42705 42705 1637 
510 367 1 3 367 28.6063 0.9175 0 0 0 43046 43046 1641 
511 367 1 3 367 28.6063 0.9175 0 0 0 43359 43359 1650 
512 367 1 3 367 28.6063 0.9175 0 0 0 43686 43686 1652 
513 367 1 3 367 28.6063 0.9175 0 0 0 43973 43973 1658 
514 367 1 3 367 28.6063 0.9175 0 0 0 44301 44301 1660 
515 367 1 3 367 28.6063 0.9175 0 0 0 44648 44648 1671 
516 367 1 3 367 28.6063 0.9175 0 0 0 44984 44984 1672 
517 367 1 3 367 28.6063 0.9175 0 0 0 45247 45247 1679 
518 367 1 3 367 27.2004 0.9175 0 0 0 45534 45534 1682 
519 368 1 3 368 32.9912 0.92 0 0 0 45812 45812 1685 
520 368 1 3 368 32.756 0.92 0 0 0 46176 46176 1693 
521 368 1 3 368 31.5654 0.92 0 0 0 46452 46452 1698 
522 368 1 3 368 31.5102 0.92 0 0 0 46764 46764 1700 
523 368 1 3 368 31.5102 0.92 0 0 0 46948 46948 1709 
524 368 1 3 368 31.5102 0.92 0 0 0 47258 47258 1717 
525 368 1 3 368 29.5927 0.92 0 0 0 47502 47502 1721 
526 368 1 3 368 29.5927 0.92 0 0 0 47770 47770 1729 
527 368 1 3 368 29.5927 0.92 0 0 0 48092 48092 1738 
528 368 1 3 368 29.5927 0.92 0 0 0 48423 48423 1743 
529 369 1 3 369 36.3481 0.9225 0 0 0 48816 48816 1751 
530 369 1 3 369 30.4388 0.9225 0 0 0 49030 49030 1758 
531 370 1 3 370 40.6 0.925 0 0 0 49497 49497 1773 
532 370 1 3 370 40.6 0.925 0 0 0 50026 50026 1785 
533 370 1 3 370 36.5371 0.925 0 0 0 50693 50693 1794 
534 370 1 3 370 36.5371 0.925 0 0 0 51280 51280 1810 
535 370 1 3 370 36.5371 0.925 0 0 0 51912 51912 1818 
536 370 1 3 370 36.5371 0.925 0 0 0 52381 52381 1825 
537 370 1 3 370 36.5371 0.925 0 0 0 53016 53016 1837 
538 370 1 3 370 36.5371 0.925 0 0 0 53497 53497 1847 
539 370 1 3 370 34.7278 0.925 0 0 0 53708 53708 1859 
540 370 1 3 370 34.6532 0.925 0 0 0 54114 54114 1868 
541 370 1 3 370 34.6532 0.925 0 0 0 54483 54483 1876 
542 370 1 3 370 34.6532 0.925 0 0 0 54847 54847 1882 
543 370 1 3 370 31.4596 0.925 0 0 0 55248 55248 1890 
544 370 1 3 370 31.4596 0.925 0 0 0 55632 55632 1905 
545 370 1 3 370 31.4596 0.925 0 0 0 56217 56217 1917 
546 370 1 3 370 31.4596 0.925 0 0 0 56595 56595 1924 
547 370 1 3 370 31.4596 0.925 0 0 0 57478 57478 1940 
548 371 1 3 371 36.415 0.9275 0 0 0 57820 57820 1957 
549 371 1 3 371 36.415 0.9275 0 0 0 58099 58099 1974 
550 371 1 3 371 36.415 0.9275 0 0 0 58700 58700 1996 
551 371 1 3 371 35.6209 0.9275 0 0 0 58923 58923 2007 
552 371 1 3 371 35.6209 0.9275 0 0 0 59221 59221 2020 
553 371 1 3 371 35.6209 0.9275 0 0 0 59709 59709 2037 
554 371 1 3 371 35.213 0.9275 0 0 0 59973 59973 2042 
555 371 1 3 371 35.213 0.9275 0 0 0 60547 60547 2054 
556 371 1 3 371 35.213 0.9275 0 0 0 60897 60897 2058 
557 371 1 3 371 35.213 0.9275 0 0 0 61180 61180 2070 
558 371 1 3 371 35.213 0.9275 0 0 0 61395 61395 2078 
559 371 1 3 371 35.213 0.9275 0 0 0 62002 62002 2093 
560 371 1 3 371 35.213 0.9275 0 0 0 62198 62198 2102 
561 371 1 3 371 30.5139 0.9275 0 0 0 62557 62557 2107 
562 371 1 3 371 30.5139 0.9275 0 0 0 62761 62761 2111 
563 371 1 3 371 30.5139 0.9275 0 0 0 63429 63429 2129 
564 371 1 3 371 30.5139 0.9275 0 0 0 63699 63699 2134 
565 371 1 3 371 30.5139 0.9275 0 0 0 63966 63966 2138 
566 371 1 3 371 30.5139 0.9275 0 0 0 64218 64218 2145 
567 371 1 3 371 30.5139 0.9275 0 0 0 64504 64504 2146 
568 371 1 3 371 30.5139 0.9275 0 0 0 65174 65174 2167 
569 371 1 3 371 30.5139 0.9275 0 0 0 65699 65699 2188 
570 371 1 3 371 30.5139 0.9275 0 0 0 65943 65943 2191 
571 371 1 3 371 30.5139 0.9275 0 0 0 66200 66200 2197 
572 371 1 3 371 30.5139 0.9275 0 0 0 66471 66471 2201 
573 371 1 3 371 30.5139 0.9275 0 0 0 66742 66742 2203 
574 371 1 3 371 30.5139 0.9275 0 0 0 67002 67002 2205 
575 371 1 3 371 30.5139 0.9275 0 0 0 67280 67280 2206 
576 371 1 3 371 30.5139 0.9275 0 0 0 67499 67499 2208 
577 372 1 3 372 32.668 0.93 0 0 0 67891 67891 2217 
578 372 1 3 372 32.668 0.93 0 0 0 68152 68152 2225 
579 372 1 3 372 32.668 0.93 0 0 0 68631 68631 2236 
580 372 1 3 372 32.668 0.93 0 0 0 69067 69067 2250 
581 372 1 3 372 32.668 0.93 0 0 0 69338 69338 2253 
582 372 1 3 372 32.668 0.93 0 0 0 69563 69563 2256 
583 372 1 3 372 32.668 0.93 0 0 0 70076 70076 2263 
584 372 1 3 372 32.668 0.93 0 0 0 70303 70303 2265 
585 372 1 3 372 32.668 0.93 0 0 0 71127 71127 2274 
586 372 1 3 372 32.668 0.93 0 0 0 71872 71872 2283 
587 372 1 3 372 32.668 0.93 0 0 0 72503 72503 2289 
588 372 1 3 372 32.668 0.93 0 0 0 72793 72793 2306 
589 372 1 3 372 32.668 0.93 0 0 0 73290 73290 2312 
590 372 1 3 372 32.668 0.93 0 0 0 73550 73550 2322 
591 372 1 3 372 32.668 0.93 0 0 0 74031 74031 2327 
592 372 1 3 372 32.668 0.93 0 0 0 74266 74266 2331 
593 372 1 3 372 32.668 0.93 0 0 0 74988 74988 2337 
594 372 1 3 372 32.668 0.93 0 0 0 75658 75658 2349 
595 372 1 3 372 32.668 0.93 0 0 0 75895 75895 2351 
596 372 1 3 372 32.668 0.93 0 0 0 76654 76654 2369 
597 372 1 3 372 32.668 0.93 0 0 0 77152 77152 2380 
598 372 1 3 372 32.668 0.93 0 0 0 77914 77914 2392 
599 372 1 3 372 32.668 0.93 0 0 0 78161 78161 2393 
600 372 1 3 372 32.668 0.93 0 0 0 78548 78548 2401 
601 372 1 3 372 32.668 0.93 0 0 0 78776 78776 2403 
602 372 1 3 372 32.668 0.93 0 0 0 79012 79012 2405 
603 372 1 3 372 32.668 0.93 0 0 0 79246 79246 2407 
604 372 1 3 372 32.668 0.93 0 0 0 79481 79481 2408 
605 372 1 3 372 32.668 0.93 0 0 0 79744 79744 2411 
606 372 1 3 372 32.668 0.93 0 0 0 79985 79985 2413 
607 372 1 3 372 32.668 0.93 0 0 0 80355 80355 2420 
608 372 1 3 372 32.668 0.93 0 0 0 80598 80598 2423 
609 372 1 3 372 32.668 0.93 0 0 0 80841 80841 2429 
610 372 1 3 372 32.668 0.93 0 0 0 81607 81607 2439 
611 372 1 3 372 32.668 0.93 0 0 0 82438 82438 2455 
612 372 1 3 372 32.668 0.93 0 0 0 82690 82690 2456 
613 372 1 3 372 32.668 0.93 0 0 0 83118 83118 2465 
614 372 1 3 372 32.668 0.93 0 0 0 83711 83711 2468 
615 372 1 3 372 32.668 0.93 0 0 0 84005 84005 2474 
616 372 1 3 372 32.668 0.93 0 0 0 84252 84252 2479 
617 372 1 3 372 32.668 0.93 0 0 0 84467 84467 2486 
618 372 1 3 372 32.668 0.93 0 0 0 84717 84717 2489 
619 372 1 3 372 32.668 0.93 0 0 0 84929 84929 2494 
620 372 1 3 372 32.668 0.93 0 0 0 85478 85478 2498 
621 372 1 3 372 32.668 0.93 0 0 0 86030 86030 2505 
622 372 1 3 372 32.668 0.93 0 0 0 86295 86295 2515 
623 372 1 3 372 32.668 0.93 0 0 0 86574 86574 2520 
624 372 1 3 372 32.668 0.93 0 0 0 86778 86778 2528 
625 373 1 3 373 41.8773 0.9325 0 0 0 87134 87134 2533 
626 373 1 3 373 41.8773 0.9325 0 0 0 87825 87825 2544 
627 373 1 3 373 40.3121 0.9325 0 0 0 88393 88393 2554 
628 373 1 3 373 40.3121 0.9325 0 0 0 88731 88731 2556 
629 376 1 3 376 42.5637 0.94 0 0 0 89045 89045 2568 
630 376 1 3 376 42.5637 0.94 0 0 0 89431 89431 2578 
631 376 1 3 376 42.5637 0.94 0 0 0 90012 90012 2587 
632 376 1 3 376 41.7899 0.94 0 0 0 90370 90370 2590 
633 376 1 3 376 41.7899 0.94 0 0 0 90916 90916 2598 
634 379 1 3 379 41.9523 0.9475 0 0 0 91331 91331 2602 
635 379 1 3 379 41.9523 0.9475 0 0 0 91769 91769 2609 
636 379 1 3 379 41.9523 0.9475 0 0 0 92340 92340 2613 
637 379 1 3 379 38.9181 0.9475 0 0 0 92918 92918 2618 
638 379 1 3 379 38.9181 0.9475 0 0 0 93844 93844 2637 
639 379 1 3 379 38.9181 0.9475 0 0 0 94298 94298 2649 
640 379 1 3 379 38.9181 0.9475 0 0 0 94841 94841 2664 
641 379 1 3 379 38.9181 0.9475 0 0 0 95653 95653 2674 
642 382 1 3 382 47.5439 0.955 0 0 0 96164 96164 2680 
643 385 1 3 385 45.778 0.9625 0 0 0 97210 97210 2689 
644 385 1 3 385 43.1279 0.9625 0 0 0 97806 97806 2699 
645 388 1 3 388 41.8018 0.97 0 0 0 98189 98189 2701 
646 388 1 3 388 41.8018 0.97 0 0 0 98791 98791 2705 
647 388 1 3 388 41.8018 0.97 0 0 0 99454 99454 2710 
648 388 1 3 388 41.8018 0.97 0 0 0 99888 99888 2719 
649 388 1 3 388 41.8018 0.97 0 0 0 100287 100287 2721 
650 388 1 3 388 41.8018 0.97 0 0 0 101696 101696 2736 
651 388 1 3 388 41.8018 0.97 0 0 0 102271 102271 2753 
652 388 1 3 388 41.8018 0.97 0 0 0 102588 102588 2762 
653 388 1 3 388 41.8018 0.97 0 0 0 103886 103886 2778 
654 388 1 3 388 41.7364 0.97 0 0 0 104273 104273 2780 
655 388 1 3 388 41.7364 0.97 0 0 0 105549 105549 2786 
656 388 1 3 388 41.7364 0.97 0 0 0 106101 106101 2793 
657 388 1 3 388 41.7364 0.97 0 0 0 106493 106493 2794 
658 388 1 3 388 41.7364 0.97 0 0 0 107269 107269 2805 
659 388 1 3 388 41.7364 0.97 0 0 0 107647 107647 2806 
660 388 1 3 388 41.7364 0.97 0 0 0 108042 108042 2809 
661 388 1 3 388 41.7364 0.97 0 0 0 109075 109075 2820 
662 388 1 3 388 41.7364 0.97 0 0 0 109467 109467 2821 
663 388 1 3 388 41.7364 0.97 0 0 0 109863 109863 2822 
664 388 1 3 388 41.7364 0.97 0 0 0 110296 110296 2824 
665 388 1 3 388 41.7364 0.97 0 0 0 110725 110725 2825 
666 388 1 3 388 41.7364 0.97 0 0 0 111164 111164 2827 
667 388 1 3 388 41.7364 0.97 0 0 0 111549 111549 2829 
668 388 1 3 388 41.7364 0.97 0 0 0 111953 111953 2831 
669 388 1 3 388 41.7364 0.97 0 0 0 112360 112360 2834 
670 388 1 3 388 41.7364 0.97 0 0 0 113049 113049 2844 
671 388 1 3 388 41.7364 0.97 0 0 0 113451 113451 2845 
672 389 1 3 389 41.8817 0.9725 0 0 0 113828 113828 2847 
673 389 1 3 389 36.7595 0.9725 0 0 0 114597 114597 2854 
674 389 1 3 389 36.7595 0.9725 0 0 0 115499 115499 2863 
675 389 1 3 389 36.7595 0.9725 0 0 0 116169 116169 2866 
676 389 1 3 389 36.7595 0.9725 0 0 0 116562 116562 2871 
677 389 1 3 389 36.7595 0.9725 0 0 0 117224 117224 2875 
678 389 1 3 389 36.7595 0.9725 0 0 0 117875 117875 2880 
679 389 1 3 389 36.7595 0.9725 0 0 0 118249 118249 2882 
680 389 1 3 389 36.7595 0.9725 0 0 0 118641 118641 2884 
681 389 1 3 389 36.7595 0.9725 0 0 0 119353 119353 2890 
682 389 1 3 389 36.7595 0.9725 0 0 0 119730 119730 2891 
683 389 1 3 389 36.7595 0.9725 0 0 0 120100 120100 2892 
684 389 1 3 389 36.7595 0.9725 0 0 0 120819 120819 2901 
685 389 1 3 389 36.7595 0.9725 0 0 0 121236 121236 2902 
686 389 1 3 389 36.7595 0.9725 0 0 0 121603 121603 2903 
687 389 1 3 389 36.7595 0.9725 0 0 0 122553 122553 2915 
688 389 1 3 389 36.7595 0.9725 0 0 0 123034 123034 2924 
689 389 1 3 389 36.7595 0.9725 0 0 0 123685 123685 2930 
690 389 1 3 389 36.7595 0.9725 0 0 0 124923 124923 2935 
691 389 1 3 389 36.7595 0.9725 0 0 0 126180 126180 2938 
692 389 1 3 389 36.7595 0.9725 0 0 0 127240 127240 2946 
693 389 1 3 389 36.7595 0.9725 0 0 0 128281 128281 2954 
694 389 1 3 389 36.7595 0.9725 0 0 0 128726 128726 2965 
695 389 1 3 389 36.7595 0.9725 0 0 0 129206 129206 2971 
696 389 1 3 389 36.7595 0.9725 0 0 0 129681 129681 2983 
697 389 1 3 389 36.7595 0.9725 0 0 0 130556 130556 2995 
698 389 1 3 389 36.7595 0.9725 0 0 0 131148 131148 3000 
699 389 1 3 389 36.7595 0.9725 0 0 0 131853 131853 3009 
700 389 1 3 389 36.7595 0.9725 0 0 0 132876 132876 3020 
701 389 1 3 389 36.7595 0.9725 0 0 0 133796 133796 3030 
702 389 1 3 389 36.7595 0.9725 0 0 0 134571 134571 3043 
703 389 1 3 389 36.7595 0.9725 0 0 0 135896 135896 3051 
704 389 1 3 389 36.7595 0.9725 0 0 0 136694 136694 3058 
705 389 1 3 389 36.7595 0.9725 0 0 0 137348 137348 3062 
706 389 1 3 389 36.7595 0.9725 0 0 0 137975 137975 3076 
707 389 1 3 389 36.7595 0.9725 0 0 0 139147 139147 3089 
708 389 1 3 389 36.7595 0.9725 0 0 0 140023 140023 3100 
709 389 1 3 389 36.7595 0.9725 0 0 0 141034 141034 3111 
710 389 1 3 389 36.7595 0.9725 0 0 0 142163 142163 3119 
711 389 1 3 389 36.7595 0.9725 0 0 0 143170 143170 3124 
712 389 1 3 389 36.7595 0.9725 0 0 0 144221 144221 3135 
713 389 1 3 389 36.7595 0.9725 0 0 0 145162 145162 3143 
714 389 1 3 389 36.7595 0.9725 0 0 0 146217 146217 3154 
715 389 1 3 389 36.7595 0.9725 0 0 0 147595 147595 3159 
716 389 1 3 389 36.7595 0.9725 0 0 0 148508 148508 3167 
717 389 1 3 389 36.7595 0.9725 0 0 0 149475 149475 3177 
718 389 1 3 389 36.7595 0.9725 0 0 0 150652 150652 3185 
719 389 1 3 389 36.7595 0.9725 0 0 0 151641 151641 3190 
720 389 1 3 389 36.7595 0.9725 0 0 0 153040 153040 3194 
721 389 1 3 389 36.7595 0.9725 0 0 0 154374 154374 3202 
722 389 1 3 389 36.7595 0.9725 0 0 0 155467 155467 3213 
723 389 1 3 389 36.7595 0.9725 0 0 0 156676 156676 3226 
724 389 1 3 389 36.7595 0.9725 0 0 0 157742 157742 3231 
725 389 1 3 389 36.7595 0.9725 0 0 0 158990 158990 3237 
726 389 1 3 389 36.7595 0.9725 0 0 0 159808 159808 3248 
727 389 1 3 389 36.7595 0.9725 0 0 0 161061 161061 3258 
728 389 1 3 389 36.7595 0.9725 0 0 0 161844 161844 3263 
729 389 1 3 389 36.7595 0.9725 0 0 0 162580 162580 3266 
730 389 1 3 389 36.7595 0.9725 0 0 0 163833 163833 3272 
731 389 1 3 389 36.7595 0.9725 0 0 0 165075 165075 3281 
732 389 1 3 389 36.7595 0.9725 0 0 0 166316 166316 3285 
733 389 1 3 389 36.7595 0.9725 0 0 0 166943 166943 3295 
734 389 1 3 389 36.7595 0.9725 0 0 0 167951 167951 3304 
735 389 1 3 389 36.7595 0.9725 0 0 0 169198 169198 3311 
736 389 1 3 389 36.7595 0.9725 0 0 0 170238 170238 3321 
737 389 1 3 389 36.7595 0.9725 0 0 0 171460 171460 3327 
738 389 1 3 389 36.7595 0.9725 0 0 0 172871 172871 3334 
739 389 1 3 389 36.7595 0.9725 0 0 0 173699 173699 3340 
740 389 1 3 389 36.7595 0.9725 0 0 0 174705 174705 3345 
741 389 1 3 389 36.7595 0.9725 0 0 0 175692 175692 3349 
742 389 1 3 389 36.7595 0.9725 0 0 0 176412 176412 3354 
743 389 1 3 389 36.7595 0.9725 0 0 0 177322 177322 3360 
744 389 1 3 389 36.7595 0.9725 0 0 0 178439 178439 3370 
745 389 1 3 389 36.7595 0.9725 0 0 0 180060 180060 3377 
746 389 1 3 389 36.7595 0.9725 0 0 0 181327 181327 3382 
747 389 1 3 389 36.7595 0.9725 0 0 0 182387 182387 3387 
748 389 1 3 389 36.7595 0.9725 0 0 0 184066 184066 3394 
749 389 1 3 389 36.7595 0.9725 0 0 0 185100 185100 3403 
750 389 1 3 389 36.7595 0.9725 0 0 0 186090 186090 3409 
751 389 1 3 389 36.7595 0.9725 0 0 0 187457 187457 3418 
752 389 1 3 389 36.7595 0.9725 0 0 0 188351 188351 3422 
753 389 1 3 389 36.7595 0.9725 0 0 0 189431 189431 3427 
754 389 1 3 389 36.7595 0.9725 0 0 0 190494 190494 3428 
755 389 1 3 389 36.7595 0.9725 0 0 0 191413 191413 3432 
756 389 1 3 389 36.7595 0.9725 0 0 0 192334 192334 3437 
757 389 1 3 389 36.7595 0.9725 0 0 0 193135 193135 3447 
758 389 1 3 389 36.7595 0.9725 0 0 0 194034 194034 3449 
759 389 1 3 389 36.7595 0.9725 0 0 0 194550 194550 3455 
760 389 1 3 389 36.7595 0.9725 0 0 0 195620 195620 3463 
761 389 1 3 389 36.7595 0.9725 0 0 0 196901 196901 3473 
762 389 1 3 389 36.7595 0.9725 0 0 0 198494 198494 3478 
763 389 1 3 389 36.7595 0.9725 0 0 0 199794 199794 3484 
764 389 1 3 389 36.7595 0.9725 0 0 0 200811 200811 3491 
765 389 1 3 389 36.7595 0.9725 0 0 0 202155 202155 3507 
766 389 1 3 389 36.7595 0.9725 0 0 0 203456 203456 3516 
767 389 1 3 389 36.7595 0.9725 0 0 0 204787 204787 3522 
768 389 1 3 389 36.7595 0.9725 0 0 0 205899 205899 3525 
769 389 1 3 389 36.7595 0.9725 0 0 0 207241 207241 3529 
770 389 1 3 389 36.7595 0.9725 0 0 0 209074 209074 3536 
771 389 1 3 389 36.7595 0.9725 0 0 0 210567 210567 3544 
772 389 1 3 389 36.7595 0.9725 0 0 0 212458 212458 3550 
773 389 1 3 389 36.7595 0.9725 0 0 0 213818 213818 3560 
774 389 1 3 389 36.7595 0.9725 0 0 0 215209 215209 3575 
775 389 1 3 389 36.7595 0.9725 0 0 0 216160 216160 3580 
776 389 1 3 389 36.7595 0.9725 0 0 0 217635 217635 3581 
777 389 1 3 389 36.7595 0.9725 0 0 0 218920 218920 3587 
778 389 1 3 389 36.7595 0.9725 0 0 0 220033 220033 3595 
779 389 1 3 389 36.7595 0.9725 0 0 0 220765 220765 3602 
780 389 1 3 389 36.7595 0.9725 0 0 0 221667 221667 3607 
781 389 1 3 389 36.7595 0.9725 0 0 0 222921 222921 3614 
782 389 1 3 389 36.7595 0.9725 0 0 0 224066 224066 3616 
783 389 1 3 389 36.7595 0.9725 0 0 0 225871 225871 3625 
784 389 1 3 389 36.7595 0.9725 0 0 0 227045 227045 3631 
785 389 1 3 389 36.7595 0.9725 0 0 0 228160 228160 3638 
786 389 1 3 389 36.7595 0.9725 0 0 0 229003 229003 3641 
787 389 1 3 389 36.7595 0.9725 0 0 0 230152 230152 3652 
788 389 1 3 389 36.7595 0.9725 0 0 0 231270 231270 3655 
789 389 1 3 389 36.7595 0.9725 0 0 0 232860 232860 3659 
790 389 1 3 389 36.7595 0.9725 0 0 0 233552 233552 3665 
791 389 1 3 389 36.7595 0.9725 0 0 0 234760 234760 3669 
792 389 1 3 389 36.7595 0.9725 0 0 0 236446 236446 3675 
793 389 1 3 389 36.7595 0.9725 0 0 0 237466 237466 3683 
794 389 1 3 389 36.7595 0.9725 0 0 0 238586 238586 3685 
795 389 1 3 389 36.7595 0.9725 0 0 0 239486 239486 3693 
796 389 1 3 389 36.7595 0.9725 0 0 0 240495 240495 3698 
797 389 1 3 389 36.7595 0.9725 0 0 0 242114 242114 3705 
798 389 1 3 389 36.7595 0.9725 0 0 0 243133 243133 3716 
799 389 1 3 389 36.7595 0.9725 0 0 0 244250 244250 3722 
800 389 1 3 389 36.7595 0.9725 0 0 0 245675 245675 3729 
801 389 1 3 389 36.7595 0.9725 0 0 0 246787 246787 3735 
802 389 1 3 389 36.7595 0.9725 0 0 0 248467 248467 3740 
803 389 1 3 389 36.6751 0.9725 0 0 0 249930 249930 3745 
804 389 1 3 389 36.6751 0.9725 0 0 0 251429 251429 3747 
805 389 1 3 389 36.6751 0.9725 0 0 0 252667 252667 3752 
806 389 1 3 389 36.6751 0.9725 0 0 0 253795 253795 3755 
807 389 1 3 389 36.6751 0.9725 0 0 0 254486 254486 3762 
808 389 1 3 389 36.6751 0.9725 0 0 0 256451 256451 3768 
809 389 1 3 389 36.6751 0.9725 0 0 0 257228 257228 3776 
810 389 1 3 389 36.6751 0.9725 0 0 0 258304 258304 3778 
811 389 1 3 389 36.6751 0.9725 0 0 0 259073 259073 3782 
812 389 1 3 389 36.6751 0.9725 0 0 0 260685 260685 3784 
813 389 1 3 389 36.6751 0.9725 0 0 0 261377 261377 3791 
814 389 1 3 389 36.6751 0.9725 0 0 0 262028 262028 3797 
815 389 1 3 389 36.6751 0.9725 0 0 0 262933 262933 3798 
816 389 1 3 389 36.6751 0.9725 0 0 0 264400 264400 3806 
817 389 1 3 389 36.6751 0.9725 0 0 0 265071 265071 3814 
818 389 1 3 389 36.6751 0.9725 0 0 0 265792 265792 3820 
819 389 1 3 389 36.6751 0.9725 0 0 0 266675 266675 3825 
820 389 1 3 389 36.6751 0.9725 0 0 0 267674 267674 3827 
821 389 1 3 389 36.6751 0.9725 0 0 0 268313 268313 3830 
822 389 1 3 389 36.6751 0.9725 0 0 0 269669 269669 3831 
823 392 1 3 392 51.302 0.98 0 0 0 271601 271601 3835 
824 392 1 3 392 42.4882 0.98 0 0 0 273146 273146 3840 
825 392 1 3 392 41.2677 0.98 0 0 0 274581 274581 3845 
826 392 1 3 392 41.2677 0.98 0 0 0 277142 277142 3850 
827 392 1 3 392 41.2677 0.98 0 0 0 278939 278939 3852 
828 392 1 3 392 41.2677 0.98 0 0 0 280817 280817 3856 
829 392 1 3 392 41.2677 0.98 0 0 0 281593 281593 3865 
830 392 1 3 392 41.2677 0.98 0 0 0 283476 283476 3871 
831 392 1 3 392 41.2677 0.98 0 0 0 285760 285760 3877 
832 392 1 3 392 41.2677 0.98 0 0 0 288125 288125 3881 
833 392 1 3 392 41.2677 0.98 0 0 0 290941 290941 3886 
834 392 1 3 392 41.2677 0.98 0 0 0 292938 292938 3892 
835 392 1 3 392 41.2677 0.98 0 0 0 294921 294921 3898 
836 392 1 3 392 41.2677 0.98 0 0 0 296819 296819 3903 
837 392 1 3 392 40.0707 0.98 0 0 0 297856 297856 3907 
838 392 1 3 392 40.0707 0.98 0 0 0 300043 300043 3909 
839 392 1 3 392 40.0707 0.98 0 0 0 301455 301455 3914 
840 392 1 3 392 40.0707 0.98 0 0 0 302399 302399 3919 
841 392 1 3 392 40.0707 0.98 0 0 0 303959 303959 3924 
842 392 1 3 392 40.0707 0.98 0 0 0 304747 304747 3938 
843 392 1 3 392 40.0707 0.98 0 0 0 305987 305987 3939 
844 392 1 3 392 40.0707 0.98 0 0 0 307001 307001 3945 
845 392 1 3 392 40.0707 0.98 0 0 0 308990 308990 3951 
846 392 1 3 392 40.0707 0.98 0 0 0 310512 310512 3954 
847 392 1 3 392 40.0707 0.98 0 0 0 312248 312248 3957 
848 392 1 3 392 40.0707 0.98 0 0 0 314599 314599 3958 
849 392 1 3 392 40.0707 0.98 0 0 0 315824 315824 3961 
850 392 1 3 392 40.0707 0.98 0 0 0 318767 318767 3963 
851 392 1 3 392 40.0707 0.98 0 0 0 320347 320347 3966 
852 392 1 3 392 40.0707 0.98 0 0 0 323435 323435 3975 
853 392 1 3 392 40.0707 0.98 0 0 0 326289 326289 3976 
854 392 1 3 392 40.0707 0.98 0 0 0 327503 327503 3989 
855 392 1 3 392 40.0707 0.98 0 0 0 328941 328941 3996 
856 392 1 3 392 39.3828 0.98 0 0 0 330157 330157 3998 
857 392 1 3 392 39.3828 0.98 0 0 0 331371 331371 4015 
858 392 1 3 392 39.3828 0.98 0 0 0 333295 333295 4026 
859 392 1 3 392 39.3828 0.98 0 0 0 334430 334430 4032 
860 392 1 3 392 39.3828 0.98 0 0 0 335095 335095 4039 
861 394 1 3 394 49.6216 0.985 0 0 0 336492 336492 4049 
862 394 1 3 394 42.2588 0.985 0 0 0 338410 338410 4057 
863 394 1 3 394 42.2588 0.985 0 0 0 340159 340159 4061 
864 394 1 3 394 42.2281 0.985 0 0 0 341848 341848 4063 
865 394 1 3 394 42.2281 0.985 0 0 0 343462 343462 4068 
866 394 1 3 394 42.2281 0.985 0 0 0 345226 345226 4076 
867 394 1 3 394 42.2281 0.985 0 0 0 346873 346873 4080 
868 394 1 3 394 42.2281 0.985 0 0 0 348150 348150 4090 
869 394 1 3 394 42.2281 0.985 0 0 0 349583 349583 4096 
870 394 1 3 394 38.8951 0.985 0 0 0 350530 350530 4101 
871 394 1 3 394 38.8951 0.985 0 0 0 351425 351425 4110 
872 394 1 3 394 38.8951 0.985 0 0 0 353728 353728 4113 
873 394 1 3 394 38.8951 0.985 0 0 0 355464 355464 4115 
874 394 1 3 394 38.8951 0.985 0 0 0 356551 356551 4121 
875 394 1 3 394 38.8951 0.985 0 0 0 357818 357818 4124 
876 394 1 3 394 38.8951 0.985 0 0 0 359838 359838 4129 
877 394 1 3 394 38.8951 0.985 0 0 0 361674 361674 4135 
878 394 1 3 394 38.8951 0.985 0 0 0 363243 363243 4137 
879 394 1 3 394 38.8951 0.985 0 0 0 365169 365169 4149 
880 394 1 3 394 38.8951 0.985 0 0 0 366920 366920 4157 
881 394 1 3 394 38.8951 0.985 0 0 0 368433 368433 4159 
882 394 1 3 394 38.8951 0.985 0 0 0 370810 370810 4171 
883 394 1 3 394 38.8951 0.985 0 0 0 372788 372788 4178 
884 394 1 3 394 38.8951 0.985 0 0 0 375248 375248 4188 
885 394 1 3 394 38.8951 0.985 0 0 0 376854 376854 4193 
886 394 1 3 394 38.8951 0.985 0 0 0 378224 378224 4194 
887 394 1 3 394 38.8951 0.985 0 0 0 379946 379946 4197 
888 394 1 3 394 38.8951 0.985 0 0 0 382299 382299 4206 
889 394 1 3 394 38.8951 0.985 0 0 0 383695 383695 4209 
890 394 1 3 394 38.8951 0.985 0 0 0 384914 384914 4213 
891 394 1 3 394 38.8951 0.985 0 0 0 385751 385751 4219 
892 394 1 3 394 38.8951 0.985 0 0 0 387625 387625 4220 
893 394 1 3 394 38.8951 0.985 0 0 0 389596 389596 4229 
894 394 1 3 394 38.8951 0.985 0 0 0 391465 391465 4234 
895 394 1 3 394 38.8951 0.985 0 0 0 392860 392860 4238 
896 394 1 3 394 38.8951 0.985 0 0 0 395162 395162 4240 
897 394 1 3 394 38.8951 0.985 0 0 0 396808 396808 4243 
898 394 1 3 394 38.8951 0.985 0 0 0 398565 398565 4248 
899 394 1 3 394 38.8951 0.985 0 0 0 399597 399597 4252 
900 394 1 3 394 38.8951 0.985 0 0 0 401218 401218 4256 
901 394 1 3 394 38.8951 0.985 0 0 0 402089 402089 4258 
902 394 1 3 394 38.8951 0.985 0 0 0 403053 403053 4266 
903 394 1 3 394 38.8951 0.985 0 0 0 404815 404815 4275 
904 394 1 3 394 38.8951 0.985 0 0 0 407300 407300 4280 
905 394 1 3 394 38.8951 0.985 0 0 0 409387 409387 4281 
906 394 1 3 394 38.8951 0.985 0 0 0 411805 411805 4292 
907 394 1 3 394 38.8951 0.985 0 0 0 414348 414348 4295 
908 394 1 3 394 38.8951 0.985 0 0 0 415587 415587 4298 
909 394 1 3 394 38.8951 0.985 0 0 0 417954 417954 4301 
910 394 1 3 394 38.8951 0.985 0 0 0 420869 420869 4309 
911 394 1 3 394 38.8951 0.985 0 0 0 423458 423458 4317 
912 395 1 3 395 38.5882 0.9875 0 0 0 424879 424879 4323 
913 395 1 3 395 38.5882 0.9875 0 0 0 426668 426668 4329 
914 395 1 3 395 38.5882 0.9875 0 0 0 429102 429102 4334 
915 395 1 3 395 38.5882 0.9875 0 0 0 431105 431105 4347 
916 395 1 3 395 38.5882 0.9875 0 0 0 432375 432375 4359 
917 395 1 3 395 38.5882 0.9875 0 0 0 433817 433817 4374 
918 395 1 3 395 38.5882 0.9875 0 0 0 437481 437481 4379 
919 395 1 3 395 38.5882 0.9875 0 0 0 439975 439975 4386 
920 395 1 3 395 38.5882 0.9875 0 0 0 442878 442878 4391 
921 395 1 3 395 38.5882 0.9875 0 0 0 444041 444041 4398 
922 395 1 3 395 38.5882 0.9875 0 0 0 446442 446442 4404 
923 395 1 3 395 38.5882 0.9875 0 0 0 448674 448674 4407 
924 395 1 3 395 38.5882 0.9875 0 0 0 450472 450472 4414 
925 395 1 3 395 38.5882 0.9875 0 0 0 452482 452482 4418 
926 395 1 3 395 38.5882 0.9875 0 0 0 454137 454137 4428 
927 395 1 3 395 38.5882 0.9875 0 0 0 455743 455743 4435 
928 395 1 3 395 38.5882 0.9875 0 0 0 457552 457552 4443 
929 395 1 3 395 38.5882 0.9875 0 0 0 459732 459732 4451 
930 395 1 3 395 38.5882 0.9875 0 0 0 463254 463254 4455 
931 395 1 3 395 38.5882 0.9875 0 0 0 465581 465581 4462 
932 395 1 3 395 38.5882 0.9875 0 0 0 466783 466783 4467 
933 395 1 3 395 38.5882 0.9875 0 0 0 468526 468526 4474 
934 395 1 3 395 38.5882 0.9875 0 0 0 470154 470154 4479 
935 395 1 3 395 38.5882 0.9875 0 0 0 472894 472894 4485 
936 395 1 3 395 38.5882 0.9875 0 0 0 475531 475531 4491 
937 395 1 3 395 38.5882 0.9875 0 0 0 477174 477174 4500 
938 395 1 3 395 38.5882 0.9875 0 0 0 479749 479749 4507 
939 395 1 3 395 38.5882 0.9875 0 0 0 481645 481645 4513 
940 395 1 3 395 38.5882 0.9875 0 0 0 482708 482708 4519 
941 395 1 3 395 38.5882 0.9875 0 0 0 484266 484266 4526 
942 395 1 3 395 38.5882 0.9875 0 0 0 486003 486003 4529 
943 395 1 3 395 38.5882 0.9875 0 0 0 487206 487206 4537 
944 395 1 3 395 38.5882 0.9875 0 0 0 488902 488902 4540 
945 395 1 3 395 38.5882 0.9875 0 0 0 490551 490551 4548 
946 395 1 3 395 38.5882 0.9875 0 0 0 492181 492181 4555 
947 395 1 3 395 38.5882 0.9875 0 0 0 493663 493663 4558 
948 395 1 3 395 38.5882 0.9875 0 0 0 494777 494777 4562 
949 395 1 3 395 38.5882 0.9875 0 0 0 495846 495846 4564 
950 395 1 3 395 38.5882 0.9875 0 0 0 497542 497542 4569 
951 395 1 3 395 38.5882 0.9875 0 0 0 498842 498842 4577 
952 395 1 3 395 38.5882 0.9875 0 0 0 500602 500602 4582 
953 395 1 3 395 38.5882 0.9875 0 0 0 501877 501877 4583 
954 395 1 3 395 38.5882 0.9875 0 0 0 503525 503525 4584 
955 395 1 3 395 36.8102 0.9875 0 0 0 505511 505511 4590 
956 395 1 3 395 36.8102 0.9875 0 0 0 507149 507149 4592 
957 395 1 3 395 36.8102 0.9875 0 0 0 508836 508836 4599 
958 395 1 3 395 36.8102 0.9875 0 0 0 510295 510295 4602 
959 395 1 3 395 36.8102 0.9875 0 0 0 511821 511821 4609 
960 395 1 3 395 36.8102 0.9875 0 0 0 513414 513414 4615 
961 395 1 3 395 36.8102 0.9875 0 0 0 515717 515717 4623 
962 395 1 3 395 36.8102 0.9875 0 0 0 517113 517113 4626 
963 395 1 3 395 36.8102 0.9875 0 0 0 518918 518918 4630 
964 395 1 3 395 36.8102 0.9875 0 0 0 520733 520733 4643 
965 395 1 3 395 36.8102 0.9875 0 0 0 523289 523289 4645 
966 395 1 3 395 36.8102 0.9875 0 0 0 525699 525699 4648 
967 395 1 3 395 36.8102 0.9875 0 0 0 527845 527845 4654 
968 395 1 3 395 35.7772 0.9875 0 0 0 529726 529726 4655 
969 395 1 3 395 35.7772 0.9875 0 0 0 532603 532603 4660 
970 395 1 3 395 35.7772 0.9875 0 0 0 534507 534507 4663 
971 395 1 3 395 35.7772 0.9875 0 0 0 536240 536240 4664 
972 395 1 3 395 35.7772 0.9875 0 0 0 537638 537638 4669 
973 395 1 3 395 35.7772 0.9875 0 0 0 539290 539290 4675 
974 395 1 3 395 35.7772 0.9875 0 0 0 540786 540786 4679 
975 395 1 3 395 35.7772 0.9875 0 0 0 541818 541818 4682 
976 395 1 3 395 35.7772 0.9875 0 0 0 543182 543182 4685 
977 395 1 3 395 35.7772 0.9875 0 0 0 544047 544047 4688 
978 395 1 3 395 35.7772 0.9875 0 0 0 546256 546256 4691 
979 395 1 3 395 35.7772 0.9875 0 0 0 547960 547960 4695 
980 395 1 3 395 35.7772 0.9875 0 0 0 549094 549094 4698 
981 395 1 3 395 35.7772 0.9875 0 0 0 551334 551334 4704 
982 395 1 3 395 35.7772 0.9875 0 0 0 553073 553073 4711 
983 395 1 3 395 35.7772 0.9875 0 0 0 554069 554069 4715 
984 395 1 3 395 35.7772 0.9875 0 0 0 555861 555861 4718 
985 395 1 3 395 35.7772 0.9875 0 0 0 557504 557504 4724 
986 395 1 3 395 35.7772 0.9875 0 0 0 558885 558885 4731 
987 395 1 3 395 35.7772 0.9875 0 0 0 560979 560979 4738 
988 395 1 3 395 35.7772 0.9875 0 0 0 562717 562717 4750 
989 395 1 3 395 35.7772 0.9875 0 0 0 564673 564673 4755 
990 395 1 3 395 35.7772 0.9875 0 0 0 565831 565831 4764 
991 395 1 3 395 35.7772 0.9875 0 0 0 567776 567776 4774 
992 395 1 3 395 35.7772 0.9875 0 0 0 569883 569883 4782 
993 395 1 3 395 35.7772 0.9875 0 0 0 571392 571392 4785 
994 395 1 3 395 35.7772 0.9875 0 0 0 573511 573511 4789 
995 395 1 3 395 35.7772 0.9875 0 0 0 576073 576073 4794 
996 395 1 3 395 35.7772 0.9875 0 0 0 577607 577607 4801 
997 395 1 3 395 35.7772 0.9875 0 0 0 579143 579143 4804 
998 395 1 3 395 35.6543 0.9875 0 0 0 580383 580383 4805 
999 395 1 3 395 35.6543 0.9875 0 0 0 581878 581878 4818 
1000 395 1 3 395 35.6543 0.9875 0 0 0 583048 583048 4826 
1001 398 1 3 398 42.3465 0.995 0 0 0 584309 584309 4833 
1002 398 1 3 398 42.3465 0.995 0 0 0 585768 585768 4846 
1003 398 1 3 398 40.7517 0.995 0 0 0 586701 586701 4848 
1004 398 1 3 398 40.7517 0.995 0 0 0 588276 588276 4858 
1005 398 1 3 398 40.7517 0.995 0 0 0 589901 589901 4865 
1006 398 1 3 398 40.7517 0.995 0 0 0 591121 591121 4869 
1007 398 1 3 398 39.4503 0.995 0 0 0 592355 592355 4873 
1008 398 1 3 398 39.4503 0.995 0 0 0 593793 593793 4877 
1009 398 1 3 398 39.4503 0.995 0 0 0 595055 595055 4885 
1010 398 1 3 398 39.4503 0.995 0 0 0 596237 596237 4891 
1011 398 1 3 398 39.4503 0.995 0 0 0 597669 597669 4900 
