1 105 1 5 105 0 0.2625 0 0 0 0 0 0 
2 108 1 5 108 0.1 0.27 0 0 0 0 0 1 
3 110 1 5 110 0.195919 0.275 0 0 0 0 0 3 
4 112 1 5 112 0.295919 0.28 0 0 0 0 0 4 
5 114 1 5 114 0.395919 0.285 0 0 0 0 0 5 
6 115 1 5 115 0.488365 0.2875 0 0 0 0 0 7 
7 115 1 5 115 0.488365 0.2875 0 0 0 0 0 8 
8 122 1 5 122 0.62186 0.305 0 0 0 0 0 10 
9 122 1 5 122 0.62186 0.305 0 0 0 0 0 11 
10 122 1 5 122 0.62186 0.305 0 0 0 0 0 12 
11 131 1 5 131 0.72186 0.3275 0 0 0 0 0 13 
12 131 1 5 131 0.72186 0.3275 0 0 0 0 0 14 
13 132 1 5 132 1.03084 0.33 0 0 0 0 0 16 
14 133 1 5 133 1.15732 0.3325 0 0 0 0 0 19 
15 141 1 5 141 1.25557 0.3525 0 0 0 0 0 22 
16 141 1 5 141 1.25557 0.3525 0 0 0 0 0 23 
17 142 1 5 142 1.40416 0.355 0 0 0 0 0 25 
18 143 1 5 143 1.50416 0.3575 0 0 0 0 0 26 
19 145 1 5 145 1.65811 0.3625 0 0 0 0 0 28 
20 145 1 5 145 1.65811 0.3625 0 0 0 0 0 29 
21 145 1 5 145 1.65811 0.3625 0 0 0 0 0 30 
22 145 1 5 145 1.65811 0.3625 0 0 0 0 0 31 
23 146 1 5 146 1.7409 0.365 0 0 0 0 0 33 
24 146 1 5 146 1.7409 0.365 0 0 0 0 0 34 
25 147 1 5 147 2.02836 0.3675 0 0 0 0 0 36 
26 148 1 5 148 2.08592 0.37 0 0 0 0 0 38 
27 148 1 5 148 2.08592 0.37 0 0 0 1 1 42 
28 148 1 5 148 2.08592 0.37 0 0 0 1 1 43 
29 148 1 5 148 2.08592 0.37 0 0 0 2 2 44 
30 150 1 5 150 2.51612 0.375 0 0 0 3 3 46 
31 150 1 5 150 2.51612 0.375 0 0 0 4 4 47 
32 150 1 5 150 2.51612 0.375 0 0 0 5 5 48 
33 150 1 5 150 2.51612 0.375 0 0 0 6 6 49 
34 150 1 5 150 2.51612 0.375 0 0 0 7 7 50 
35 150 1 5 150 2.51612 0.375 0 0 0 8 8 51 
36 150 1 5 150 2.51612 0.375 0 0 0 9 9 52 
37 150 1 5 150 2.51612 0.375 0 0 0 10 10 53 
38 150 1 5 150 2.51612 0.375 0 0 0 11 11 54 
39 150 1 5 150 2.51612 0.375 0 0 0 12 12 55 
40 150 1 5 150 2.51612 0.375 0 0 0 13 13 56 
41 150 1 5 150 2.51612 0.375 0 0 0 14 14 57 
42 150 1 5 150 2.51612 0.375 0 0 0 15 15 58 
43 151 1 5 151 3.0701 0.3775 0 0 0 16 16 60 
44 152 1 5 152 3.12806 0.38 0 0 0 17 17 62 
45 152 1 5 152 3.12806 0.38 0 0 0 19 19 63 
46 152 1 5 152 3.12806 0.38 0 0 0 20 20 64 
47 152 1 5 152 3.12806 0.38 0 0 0 21 21 65 
48 152 1 5 152 3.12806 0.38 0 0 0 22 22 66 
49 152 1 5 152 3.12806 0.38 0 0 0 23 23 67 
50 152 1 5 152 3.12806 0.38 0 0 0 24 24 68 
51 152 1 5 152 3.12806 0.38 0 0 0 25 25 69 
52 152 1 5 152 3.12806 0.38 0 0 0 26 26 70 
53 152 1 5 152 3.12806 0.38 0 0 0 27 27 71 
54 152 1 5 152 3.12806 0.38 0 0 0 28 28 72 
55 159 1 5 159 3.53263 0.3975 0 0 0 30 30 74 
56 159 1 5 159 3.53263 0.3975 0 0 0 31 31 75 
57 165 1 5 165 3.88679 0.4125 0 0 0 33 33 78 
58 165 1 5 165 3.88679 0.4125 0 0 0 35 35 79 
59 165 1 5 165 3.88679 0.4125 0 0 0 37 37 80 
60 165 1 5 165 3.88679 0.4125 0 0 0 40 40 81 
61 165 1 5 165 3.88679 0.4125 0 0 0 42 42 82 
62 166 1 5 166 4.53395 0.415 0 0 0 44 44 85 
63 166 1 5 166 4.53395 0.415 0 0 0 46 46 86 
64 166 1 5 166 4.53395 0.415 0 0 0 48 48 87 
65 166 1 5 166 4.53395 0.415 0 0 0 50 50 88 
66 166 1 5 166 4.53395 0.415 0 0 0 52 52 89 
67 166 1 5 166 4.53395 0.415 0 0 0 54 54 90 
68 166 1 5 166 4.53395 0.415 0 0 0 56 56 91 
69 166 1 5 166 4.53395 0.415 0 0 0 58 58 92 
70 166 1 5 166 4.53395 0.415 0 0 0 60 60 95 
71 166 1 5 166 4.53395 0.415 0 0 0 62 62 96 
72 166 1 5 166 4.53395 0.415 0 0 0 64 64 97 
73 166 1 5 166 4.53395 0.415 0 0 0 66 66 98 
74 166 1 5 166 4.53395 0.415 0 0 0 68 68 99 
75 166 1 5 166 4.53395 0.415 0 0 0 70 70 100 
76 166 1 5 166 4.53395 0.415 0 0 0 72 72 101 
77 166 1 5 166 4.53395 0.415 0 0 0 74 74 102 
78 166 1 5 166 4.53395 0.415 0 0 0 76 76 103 
79 166 1 5 166 4.53395 0.415 0 0 0 78 78 104 
80 166 1 5 166 4.53395 0.415 0 0 0 80 80 105 
81 166 1 5 166 4.53395 0.415 0 0 0 82 82 106 
82 166 1 5 166 4.53395 0.415 0 0 0 84 84 107 
83 166 1 5 166 4.53395 0.415 0 0 0 86 86 108 
84 166 1 5 166 4.53395 0.415 0 0 0 88 88 109 
85 166 1 5 166 4.53395 0.415 0 0 0 90 90 110 
86 166 1 5 166 4.53395 0.415 0 0 0 92 92 111 
87 166 1 5 166 4.53395 0.415 0 0 0 94 94 112 
88 166 1 5 166 4.53395 0.415 0 0 0 96 96 115 
89 166 1 5 166 4.53395 0.415 0 0 0 99 99 116 
90 166 1 5 166 4.53395 0.415 0 0 0 101 101 117 
91 166 1 5 166 4.53395 0.415 0 0 0 103 103 118 
92 166 1 5 166 4.53395 0.415 0 0 0 105 105 119 
93 166 1 5 166 4.53395 0.415 0 0 0 107 107 120 
94 166 1 5 166 4.53395 0.415 0 0 0 110 110 121 
95 178 1 5 178 5.95551 0.445 0 0 0 112 112 125 
96 181 1 5 181 6.91491 0.4525 0 0 0 115 115 128 
97 182 1 5 182 6.95297 0.455 0 0 0 119 119 130 
98 182 1 5 182 6.95297 0.455 0 0 0 123 123 131 
99 182 1 5 182 6.95297 0.455 0 0 0 127 127 132 
100 187 1 5 187 7.50161 0.4675 0 0 0 131 131 135 
101 187 1 5 187 7.50161 0.4675 0 0 0 135 135 136 
102 187 1 5 187 7.50161 0.4675 0 0 0 138 138 137 
103 187 1 5 187 7.50161 0.4675 0 0 0 142 142 138 
104 187 1 5 187 7.50161 0.4675 0 0 0 147 147 139 
105 187 1 5 187 7.50161 0.4675 0 0 0 151 151 140 
106 187 1 5 187 7.50161 0.4675 0 0 0 155 155 141 
107 187 1 5 187 7.50161 0.4675 0 0 0 159 159 142 
108 187 1 5 187 7.50161 0.4675 0 0 0 163 163 143 
109 187 1 5 187 7.50161 0.4675 0 0 0 167 167 144 
110 187 1 5 187 7.50161 0.4675 0 0 0 171 171 145 
111 187 1 5 187 7.50161 0.4675 0 0 0 175 175 146 
112 187 1 5 187 7.50161 0.4675 0 0 0 179 179 147 
113 187 1 5 187 7.50161 0.4675 0 0 0 183 183 148 
114 187 1 5 187 7.50161 0.4675 0 0 0 187 187 149 
115 187 1 5 187 7.50161 0.4675 0 0 0 191 191 150 
116 187 1 5 187 7.50161 0.4675 0 0 0 195 195 151 
117 187 1 5 187 7.50161 0.4675 0 0 0 199 199 152 
118 187 1 5 187 7.50161 0.4675 0 0 0 203 203 153 
119 187 1 5 187 7.50161 0.4675 0 0 0 207 207 154 
120 193 1 5 193 7.82983 0.4825 0 0 0 211 211 160 
121 193 1 5 193 7.82983 0.4825 0 0 0 215 215 161 
122 193 1 5 193 7.82983 0.4825 0 0 0 220 220 162 
123 196 1 5 196 10.0199 0.49 0 0 0 228 228 166 
124 196 1 5 196 10.0199 0.49 0 0 0 235 235 167 
125 196 1 5 196 10.0199 0.49 0 0 0 241 241 168 
126 196 1 5 196 10.0199 0.49 0 0 0 248 248 169 
127 196 1 5 196 10.0199 0.49 0 0 0 258 258 175 
128 211 1 5 211 12.0293 0.5275 0 0 0 269 269 186 
129 211 1 5 211 12.0293 0.5275 0 0 0 280 280 187 
130 211 1 5 211 12.0293 0.5275 0 0 0 291 291 188 
131 211 1 5 211 12.0293 0.5275 0 0 0 302 302 189 
132 211 1 5 211 12.0293 0.5275 0 0 0 313 313 190 
133 211 1 5 211 12.0293 0.5275 0 0 0 324 324 191 
134 211 1 5 211 12.0293 0.5275 0 0 0 335 335 192 
135 211 1 5 211 12.0293 0.5275 0 0 0 346 346 193 
136 211 1 5 211 12.0293 0.5275 0 0 0 357 357 194 
137 211 1 5 211 12.0293 0.5275 0 0 0 368 368 195 
138 211 1 5 211 12.0293 0.5275 0 0 0 381 381 196 
139 211 1 5 211 12.0293 0.5275 0 0 0 393 393 197 
140 211 1 5 211 12.0293 0.5275 0 0 0 404 404 198 
141 211 1 5 211 12.0293 0.5275 0 0 0 415 415 199 
142 213 1 5 213 12.3651 0.5325 0 0 0 424 424 206 
143 213 1 5 213 12.3651 0.5325 0 0 0 432 432 207 
144 231 1 5 231 11.5601 0.5775 0 0 0 440 440 213 
145 232 1 5 232 11.508 0.58 0 0 0 449 449 218 
146 232 1 5 232 11.508 0.58 0 0 0 457 457 220 
147 232 1 5 232 11.508 0.58 0 0 0 465 465 221 
148 232 1 5 232 11.508 0.58 0 0 0 473 473 222 
149 232 1 5 232 11.508 0.58 0 0 0 481 481 223 
150 232 1 5 232 11.508 0.58 0 0 0 490 490 224 
151 232 1 5 232 11.508 0.58 0 0 0 499 499 225 
152 232 1 5 232 11.508 0.58 0 0 0 508 508 226 
153 232 1 5 232 11.508 0.58 0 0 0 517 517 227 
154 233 1 5 233 12.4175 0.5825 0 0 0 532 532 232 
155 233 1 5 233 12.4175 0.5825 0 0 0 545 545 233 
156 233 1 5 233 12.4175 0.5825 0 0 0 558 558 234 
157 233 1 5 233 12.4175 0.5825 0 0 0 571 571 235 
158 233 1 5 233 12.4175 0.5825 0 0 0 584 584 238 
159 233 1 5 233 12.4175 0.5825 0 0 0 596 596 239 
160 233 1 5 233 12.4175 0.5825 0 0 0 609 609 240 
161 233 1 5 233 12.4175 0.5825 0 0 0 622 622 241 
162 233 1 5 233 12.4175 0.5825 0 0 0 635 635 242 
163 233 1 5 233 12.4175 0.5825 0 0 0 649 649 243 
164 233 1 5 233 12.4175 0.5825 0 0 0 662 662 244 
165 233 1 5 233 12.4175 0.5825 0 0 0 675 675 245 
166 233 1 5 233 12.4175 0.5825 0 0 0 689 689 246 
167 233 1 5 233 12.4175 0.5825 0 0 0 702 702 247 
168 233 1 5 233 12.4175 0.5825 0 0 0 715 715 248 
169 233 1 5 233 12.4175 0.5825 0 0 0 728 728 249 
170 233 1 5 233 12.4175 0.5825 0 0 0 742 742 250 
171 236 1 5 236 14.9437 0.59 0 0 0 788 788 257 
172 236 1 5 236 14.9437 0.59 0 0 0 834 834 258 
173 237 1 5 237 12.5445 0.5925 0 0 0 847 847 262 
174 237 1 5 237 12.5445 0.5925 0 0 0 859 859 263 
175 237 1 5 237 12.5445 0.5925 0 0 0 872 872 264 
176 237 1 5 237 12.5445 0.5925 0 0 0 885 885 265 
177 237 1 5 237 12.5445 0.5925 0 0 0 898 898 266 
178 237 1 5 237 12.5445 0.5925 0 0 0 911 911 267 
179 237 1 5 237 10.0712 0.5925 0 0 0 918 918 269 
180 243 1 5 243 10.2766 0.6075 0 0 0 925 925 275 
181 245 1 5 245 10.3345 0.6125 0 0 0 933 933 277 
182 245 1 5 245 10.3345 0.6125 0 0 0 941 941 278 
183 253 1 5 253 10.6371 0.6325 0 0 0 950 950 282 
184 253 1 5 253 10.6371 0.6325 0 0 0 958 958 283 
185 253 1 5 253 10.6371 0.6325 0 0 0 966 966 284 
186 253 1 5 253 10.6371 0.6325 0 0 0 974 974 285 
187 253 1 5 253 10.6371 0.6325 0 0 0 983 983 286 
188 253 1 5 253 10.6371 0.6325 0 0 0 991 991 287 
189 253 1 5 253 10.6371 0.6325 0 0 0 1000 1000 288 
190 253 1 5 253 10.6371 0.6325 0 0 0 1009 1009 289 
191 253 1 5 253 10.6371 0.6325 0 0 0 1017 1017 290 
192 253 1 5 253 10.6371 0.6325 0 0 0 1026 1026 291 
193 253 1 5 253 10.6371 0.6325 0 0 0 1035 1035 292 
194 253 1 5 253 10.6371 0.6325 0 0 0 1044 1044 293 
195 253 1 5 253 10.6371 0.6325 0 0 0 1053 1053 294 
196 259 1 5 259 10.8239 0.6475 0 0 0 1062 1062 296 
197 259 1 5 259 10.8239 0.6475 0 0 0 1072 1072 297 
198 259 1 5 259 10.8239 0.6475 0 0 0 1082 1082 298 
199 259 1 5 259 10.8239 0.6475 0 0 0 1092 1092 299 
200 259 1 5 259 10.8239 0.6475 0 0 0 1102 1102 300 
201 259 1 5 259 10.8239 0.6475 0 0 0 1112 1112 301 
202 259 1 5 259 10.8239 0.6475 0 0 0 1122 1122 302 
203 259 1 5 259 10.8239 0.6475 0 0 0 1132 1132 303 
204 259 1 5 259 10.8239 0.6475 0 0 0 1142 1142 304 
205 259 1 5 259 10.8239 0.6475 0 0 0 1152 1152 305 
206 260 1 5 260 11.0161 0.65 0 0 0 1164 1164 312 
207 260 1 5 260 11.0161 0.65 0 0 0 1176 1176 316 
208 260 1 5 260 11.0161 0.65 0 0 0 1189 1189 317 
209 260 1 5 260 11.0161 0.65 0 0 0 1201 1201 318 
210 266 1 5 266 11.0709 0.665 0 0 0 1213 1213 320 
211 266 1 5 266 11.0709 0.665 0 0 0 1226 1226 321 
212 266 1 5 266 11.0709 0.665 0 0 0 1238 1238 322 
213 266 1 5 266 11.0709 0.665 0 0 0 1250 1250 323 
214 266 1 5 266 11.0709 0.665 0 0 0 1262 1262 324 
215 266 1 5 266 11.0709 0.665 0 0 0 1275 1275 325 
216 266 1 5 266 11.0709 0.665 0 0 0 1287 1287 326 
217 266 1 5 266 11.0709 0.665 0 0 0 1299 1299 327 
218 266 1 5 266 11.0709 0.665 0 0 0 1311 1311 328 
219 266 1 5 266 11.0709 0.665 0 0 0 1323 1323 329 
220 266 1 5 266 11.0709 0.665 0 0 0 1337 1337 330 
221 266 1 5 266 11.0709 0.665 0 0 0 1351 1351 331 
222 266 1 5 266 11.0709 0.665 0 0 0 1364 1364 332 
223 266 1 5 266 11.0709 0.665 0 0 0 1377 1377 333 
224 266 1 5 266 11.0709 0.665 0 0 0 1391 1391 334 
225 266 1 5 266 11.0709 0.665 0 0 0 1404 1404 335 
226 266 1 5 266 11.0709 0.665 0 0 0 1417 1417 336 
227 266 1 5 266 11.0709 0.665 0 0 0 1431 1431 337 
228 266 1 5 266 11.0709 0.665 0 0 0 1446 1446 338 
229 266 1 5 266 11.0709 0.665 0 0 0 1459 1459 339 
230 277 1 5 277 11.1279 0.6925 0 0 0 1473 1473 341 
231 277 1 5 277 11.1279 0.6925 0 0 0 1486 1486 342 
232 277 1 5 277 11.1279 0.6925 0 0 0 1500 1500 343 
233 277 1 5 277 11.1279 0.6925 0 0 0 1513 1513 344 
234 277 1 5 277 11.1279 0.6925 0 0 0 1527 1527 345 
235 277 1 5 277 11.1279 0.6925 0 0 0 1541 1541 346 
236 277 1 5 277 11.1279 0.6925 0 0 0 1555 1555 349 
237 277 1 5 277 11.1279 0.6925 0 0 0 1569 1569 350 
238 277 1 5 277 11.1279 0.6925 0 0 0 1582 1582 351 
239 277 1 5 277 11.1279 0.6925 0 0 0 1596 1596 352 
240 277 1 5 277 11.1279 0.6925 0 0 0 1610 1610 353 
241 277 1 5 277 11.1279 0.6925 0 0 0 1624 1624 354 
242 277 1 5 277 11.1279 0.6925 0 0 0 1638 1638 355 
243 277 1 5 277 11.1279 0.6925 0 0 0 1652 1652 356 
244 277 1 5 277 11.1279 0.6925 0 0 0 1669 1669 357 
245 283 1 5 283 11.1901 0.7075 0 0 0 1685 1685 359 
246 283 1 5 283 11.1901 0.7075 0 0 0 1700 1700 360 
247 283 1 5 283 11.1901 0.7075 0 0 0 1715 1715 361 
248 283 1 5 283 11.1901 0.7075 0 0 0 1730 1730 362 
249 283 1 5 283 11.1901 0.7075 0 0 0 1746 1746 363 
250 283 1 5 283 11.1901 0.7075 0 0 0 1761 1761 364 
251 284 1 5 284 14.987 0.71 0 0 0 1781 1781 370 
252 284 1 5 284 14.7982 0.71 0 0 0 1800 1800 371 
253 284 1 5 284 14.7982 0.71 0 0 0 1821 1821 379 
254 284 1 5 284 14.7982 0.71 0 0 0 1843 1843 383 
255 284 1 5 284 14.7982 0.71 0 0 0 1864 1864 384 
256 284 1 5 284 14.7982 0.71 0 0 0 1884 1884 385 
257 284 1 5 284 14.7982 0.71 0 0 0 1906 1906 386 
258 284 1 5 284 14.7982 0.71 0 0 0 1925 1925 387 
259 284 1 5 284 14.7982 0.71 0 0 0 1944 1944 388 
260 284 1 5 284 14.7982 0.71 0 0 0 1964 1964 389 
261 284 1 5 284 14.7982 0.71 0 0 0 1983 1983 390 
262 284 1 5 284 14.7982 0.71 0 0 0 2002 2002 395 
263 284 1 5 284 14.7982 0.71 0 0 0 2021 2021 396 
264 284 1 5 284 14.7982 0.71 0 0 0 2040 2040 397 
265 284 1 5 284 14.7982 0.71 0 0 0 2059 2059 398 
266 284 1 5 284 14.7982 0.71 0 0 0 2079 2079 400 
267 284 1 5 284 14.7982 0.71 0 0 0 2098 2098 401 
268 284 1 5 284 14.7982 0.71 0 0 0 2118 2118 402 
269 284 1 5 284 14.7982 0.71 0 0 0 2138 2138 403 
270 284 1 5 284 14.7982 0.71 0 0 0 2158 2158 404 
271 284 1 5 284 14.7982 0.71 0 0 0 2177 2177 405 
272 284 1 5 284 14.7982 0.71 0 0 0 2197 2197 406 
273 284 1 5 284 14.7982 0.71 0 0 0 2217 2217 407 
274 284 1 5 284 14.7982 0.71 0 0 0 2236 2236 408 
275 284 1 5 284 14.7982 0.71 0 0 0 2256 2256 409 
276 284 1 5 284 14.7982 0.71 0 0 0 2276 2276 410 
277 284 1 5 284 14.7982 0.71 0 0 0 2295 2295 411 
278 284 1 5 284 14.7982 0.71 0 0 0 2315 2315 412 
279 284 1 5 284 14.7982 0.71 0 0 0 2334 2334 413 
280 287 1 5 287 18.7894 0.7175 0 0 0 2365 2365 419 
281 295 1 5 295 15.6024 0.7375 0 0 0 2386 2386 425 
282 295 1 5 295 15.5668 0.7375 0 0 0 2407 2407 428 
283 295 1 5 295 15.5668 0.7375 0 0 0 2428 2428 429 
284 295 1 5 295 15.5668 0.7375 0 0 0 2449 2449 430 
285 295 1 5 295 15.5668 0.7375 0 0 0 2470 2470 431 
286 295 1 5 295 15.5668 0.7375 0 0 0 2492 2492 432 
287 295 1 5 295 15.5668 0.7375 0 0 0 2513 2513 433 
288 298 1 5 298 18.0226 0.745 0 0 0 2537 2537 441 
289 298 1 5 298 18.0226 0.745 0 0 0 2561 2561 442 
290 300 1 5 300 18.4898 0.75 0 0 0 2586 2586 449 
291 300 1 5 300 18.4898 0.75 0 0 0 2611 2611 450 
292 300 1 5 300 18.3811 0.75 0 0 0 2637 2637 454 
293 300 1 5 300 18.3811 0.75 0 0 0 2663 2663 455 
294 300 1 5 300 18.3811 0.75 0 0 0 2688 2688 456 
295 300 1 5 300 18.3811 0.75 0 0 0 2713 2713 457 
296 300 1 5 300 18.3811 0.75 0 0 0 2737 2737 458 
297 300 1 5 300 18.3811 0.75 0 0 0 2762 2762 459 
298 304 1 5 304 21.9426 0.76 0 0 0 2791 2791 464 
299 304 1 5 304 21.8489 0.76 0 0 0 2821 2821 467 
300 304 1 5 304 21.8489 0.76 0 0 0 2855 2855 469 
301 304 1 5 304 21.8476 0.76 0 0 0 2888 2888 470 
302 304 1 5 304 21.7028 0.76 0 0 0 2918 2918 473 
303 304 1 5 304 21.7028 0.76 0 0 0 2945 2945 478 
304 304 1 5 304 19.9211 0.76 0 0 0 2973 2973 483 
305 304 1 5 304 19.9211 0.76 0 0 0 3001 3001 484 
306 304 1 5 304 19.9211 0.76 0 0 0 3028 3028 492 
307 304 1 5 304 19.9211 0.76 0 0 0 3056 3056 493 
308 304 1 5 304 19.9211 0.76 0 0 0 3084 3084 494 
309 304 1 5 304 19.9211 0.76 0 0 0 3112 3112 501 
310 304 1 5 304 19.9211 0.76 0 0 0 3139 3139 502 
311 304 1 5 304 19.7763 0.76 0 0 0 3166 3166 503 
312 304 1 5 304 19.7763 0.76 0 0 0 3197 3197 515 
313 304 1 5 304 19.7763 0.76 0 0 0 3230 3230 518 
314 304 1 5 304 19.7763 0.76 0 0 0 3262 3262 519 
315 305 1 5 305 20.6811 0.7625 0 0 0 3303 3303 528 
316 305 1 5 305 20.6811 0.7625 0 0 0 3342 3342 530 
317 305 1 5 305 20.6811 0.7625 0 0 0 3383 3383 535 
318 305 1 5 305 20.6703 0.7625 0 0 0 3426 3426 537 
319 305 1 5 305 20.5206 0.7625 0 0 0 3466 3466 539 
320 305 1 5 305 20.5206 0.7625 0 0 0 3507 3507 547 
321 305 1 5 305 20.5206 0.7625 0 0 0 3543 3543 548 
322 305 1 5 305 20.5206 0.7625 0 0 0 3579 3579 549 
323 305 1 5 305 20.5206 0.7625 0 0 0 3615 3615 551 
324 305 1 5 305 20.5206 0.7625 0 0 0 3651 3651 552 
325 305 1 5 305 20.4778 0.7625 0 0 0 3687 3687 553 
326 305 1 5 305 20.4778 0.7625 0 0 0 3723 3723 554 
327 305 1 5 305 20.4778 0.7625 0 0 0 3764 3764 555 
328 305 1 5 305 20.4778 0.7625 0 0 0 3799 3799 556 
329 305 1 5 305 20.4778 0.7625 0 0 0 3839 3839 561 
330 305 1 5 305 20.4778 0.7625 0 0 0 3875 3875 564 
331 305 1 5 305 20.4778 0.7625 0 0 0 3916 3916 570 
332 305 1 5 305 20.4778 0.7625 0 0 0 3955 3955 574 
333 305 1 5 305 20.4778 0.7625 0 0 0 3997 3997 575 
334 305 1 5 305 20.4778 0.7625 0 0 0 4035 4035 576 
335 305 1 5 305 20.4778 0.7625 0 0 0 4076 4076 577 
336 305 1 5 305 20.4778 0.7625 0 0 0 4112 4112 578 
337 305 1 5 305 20.4778 0.7625 0 0 0 4149 4149 579 
338 305 1 5 305 20.4778 0.7625 0 0 0 4186 4186 580 
339 305 1 5 305 20.4778 0.7625 0 0 0 4228 4228 581 
340 305 1 5 305 20.4778 0.7625 0 0 0 4270 4270 582 
341 305 1 5 305 20.4778 0.7625 0 0 0 4307 4307 583 
342 305 1 5 305 20.4778 0.7625 0 0 0 4346 4346 586 
343 305 1 5 305 20.4778 0.7625 0 0 0 4383 4383 587 
344 305 1 5 305 20.4778 0.7625 0 0 0 4419 4419 588 
345 305 1 5 305 20.4778 0.7625 0 0 0 4459 4459 589 
346 305 1 5 305 20.4778 0.7625 0 0 0 4502 4502 590 
347 305 1 5 305 20.4778 0.7625 0 0 0 4540 4540 591 
348 306 1 5 306 22.9885 0.765 0 0 0 4579 4579 598 
349 306 1 5 306 22.9885 0.765 0 0 0 4618 4618 599 
350 306 1 5 306 22.9885 0.765 0 0 0 4664 4664 600 
351 306 1 5 306 22.919 0.765 0 0 0 4703 4703 605 
352 306 1 5 306 22.919 0.765 0 0 0 4746 4746 609 
353 306 1 5 306 22.919 0.765 0 0 0 4786 4786 610 
354 306 1 5 306 22.919 0.765 0 0 0 4826 4826 611 
355 306 1 5 306 22.8632 0.765 0 0 0 4865 4865 616 
356 306 1 5 306 22.8632 0.765 0 0 0 4908 4908 617 
357 306 1 5 306 22.8287 0.765 0 0 0 4947 4947 618 
358 312 1 5 312 28.2004 0.78 0 0 0 5081 5081 625 
359 312 1 5 312 24.6215 0.78 0 0 0 5151 5151 636 
360 312 1 5 312 24.486 0.78 0 0 0 5221 5221 637 
361 312 1 5 312 24.486 0.78 0 0 0 5290 5290 638 
362 312 1 5 312 24.4207 0.78 0 0 0 5359 5359 640 
363 312 1 5 312 24.4207 0.78 0 0 0 5428 5428 641 
364 312 1 5 312 24.1432 0.78 0 0 0 5497 5497 642 
365 312 1 5 312 24.1432 0.78 0 0 0 5566 5566 646 
366 312 1 5 312 24.1432 0.78 0 0 0 5636 5636 647 
367 312 1 5 312 24.1432 0.78 0 0 0 5706 5706 648 
368 312 1 5 312 24.1432 0.78 0 0 0 5778 5778 650 
369 312 1 5 312 24.1432 0.78 0 0 0 5850 5850 651 
370 312 1 5 312 24.1432 0.78 0 0 0 5927 5927 656 
371 312 1 5 312 24.1432 0.78 0 0 0 6007 6007 662 
372 312 1 5 312 24.1432 0.78 0 0 0 6051 6051 671 
373 312 1 5 312 24.1432 0.78 0 0 0 6094 6094 678 
374 312 1 5 312 24.1432 0.78 0 0 0 6136 6136 679 
375 312 1 5 312 24.1432 0.78 0 0 0 6177 6177 680 
376 312 1 5 312 24.1432 0.78 0 0 0 6219 6219 681 
377 312 1 5 312 24.1432 0.78 0 0 0 6262 6262 682 
378 312 1 5 312 24.1432 0.78 0 0 0 6305 6305 683 
379 312 1 5 312 24.1432 0.78 0 0 0 6348 6348 684 
380 312 1 5 312 24.1432 0.78 0 0 0 6392 6392 685 
381 312 1 5 312 24.1432 0.78 0 0 0 6435 6435 686 
382 312 1 5 312 24.1432 0.78 0 0 0 6478 6478 687 
383 314 1 5 314 24.6605 0.785 0 0 0 6519 6519 699 
384 314 1 5 314 24.6605 0.785 0 0 0 6562 6562 707 
385 314 1 5 314 24.5696 0.785 0 0 0 6606 6606 710 
386 314 1 5 314 24.5696 0.785 0 0 0 6650 6650 714 
387 314 1 5 314 24.5696 0.785 0 0 0 6693 6693 715 
388 314 1 5 314 24.5696 0.785 0 0 0 6737 6737 716 
389 314 1 5 314 24.5696 0.785 0 0 0 6781 6781 717 
390 314 1 5 314 24.1478 0.785 0 0 0 6842 6842 726 
391 314 1 5 314 24.1478 0.785 0 0 0 6886 6886 727 
392 314 1 5 314 24.1478 0.785 0 0 0 6930 6930 730 
393 314 1 5 314 24.1478 0.785 0 0 0 6974 6974 731 
394 314 1 5 314 24.1478 0.785 0 0 0 7018 7018 732 
395 318 1 5 318 25.1034 0.795 0 0 0 7092 7092 738 
396 321 1 5 321 25.1967 0.8025 0 0 0 7160 7160 743 
397 322 1 5 322 25.1511 0.805 0 0 0 7231 7231 750 
398 322 1 5 322 25.1511 0.805 0 0 0 7303 7303 751 
399 322 1 5 322 25.1511 0.805 0 0 0 7375 7375 752 
400 322 1 5 322 25.1511 0.805 0 0 0 7446 7446 753 
401 322 1 5 322 25.1511 0.805 0 0 0 7517 7517 754 
402 322 1 5 322 25.1511 0.805 0 0 0 7588 7588 755 
403 322 1 5 322 25.1511 0.805 0 0 0 7659 7659 756 
404 322 1 5 322 25.1511 0.805 0 0 0 7729 7729 757 
405 322 1 5 322 25.1511 0.805 0 0 0 7800 7800 758 
406 323 1 5 323 25.1836 0.8075 0 0 0 7858 7858 762 
407 323 1 5 323 25.1836 0.8075 0 0 0 7927 7927 767 
408 323 1 5 323 25.1836 0.8075 0 0 0 7996 7996 768 
409 323 1 5 323 25.1836 0.8075 0 0 0 8065 8065 769 
410 323 1 5 323 25.1836 0.8075 0 0 0 8134 8134 770 
411 323 1 5 323 25.1836 0.8075 0 0 0 8204 8204 771 
412 323 1 5 323 25.1836 0.8075 0 0 0 8273 8273 772 
413 323 1 5 323 25.1836 0.8075 0 0 0 8343 8343 775 
414 341 1 5 341 25.5259 0.8525 0 0 0 8412 8412 780 
415 341 1 5 341 25.2741 0.8525 0 0 0 8482 8482 783 
416 341 1 5 341 25.2741 0.8525 0 0 0 8553 8553 784 
417 341 1 5 341 25.2741 0.8525 0 0 0 8623 8623 785 
418 341 1 5 341 25.2741 0.8525 0 0 0 8692 8692 786 
419 341 1 5 341 25.2741 0.8525 0 0 0 8742 8742 791 
420 341 1 5 341 25.2741 0.8525 0 0 0 8813 8813 793 
421 341 1 5 341 25.2741 0.8525 0 0 0 8884 8884 794 
422 341 1 5 341 25.2741 0.8525 0 0 0 8954 8954 796 
423 341 1 5 341 25.2741 0.8525 0 0 0 9028 9028 797 
424 341 1 5 341 25.2741 0.8525 0 0 0 9100 9100 798 
425 342 1 5 342 25.5725 0.855 0 0 0 9175 9175 801 
426 342 1 5 342 25.5725 0.855 0 0 0 9255 9255 802 
427 342 1 5 342 25.5725 0.855 0 0 0 9332 9332 803 
428 342 1 5 342 25.5725 0.855 0 0 0 9409 9409 804 
429 342 1 5 342 25.5725 0.855 0 0 0 9488 9488 807 
430 342 1 5 342 25.5725 0.855 0 0 0 9566 9566 808 
431 342 1 5 342 25.5725 0.855 0 0 0 9642 9642 809 
432 353 1 5 353 25.5649 0.8825 0 0 0 9721 9721 813 
433 355 1 5 355 29.9034 0.8875 0 0 0 9817 9817 830 
434 355 1 5 355 29.9034 0.8875 0 0 0 9945 9945 838 
435 355 1 5 355 29.9034 0.8875 0 0 0 10045 10045 841 
436 356 1 5 356 30.134 0.89 0 0 0 10142 10142 842 
437 356 1 5 356 30.134 0.89 0 0 0 10244 10244 843 
438 356 1 5 356 29.5008 0.89 0 0 0 10345 10345 849 
439 356 1 5 356 29.5008 0.89 0 0 0 10443 10443 850 
440 356 1 5 356 29.5008 0.89 0 0 0 10540 10540 851 
441 356 1 5 356 29.5008 0.89 0 0 0 10638 10638 852 
442 356 1 5 356 29.5008 0.89 0 0 0 10739 10739 853 
443 356 1 5 356 29.5008 0.89 0 0 0 10837 10837 856 
444 356 1 5 356 29.5008 0.89 0 0 0 10940 10940 857 
445 357 1 5 357 30.818 0.8925 0 0 0 11056 11056 870 
446 358 1 5 358 30.7765 0.895 0 0 0 11174 11174 879 
447 358 1 5 358 30.6093 0.895 0 0 0 11308 11308 891 
448 358 1 5 358 30.6093 0.895 0 0 0 11442 11442 892 
449 358 1 5 358 30.6093 0.895 0 0 0 11585 11585 901 
450 358 1 5 358 30.6093 0.895 0 0 0 11728 11728 905 
451 358 1 5 358 30.6093 0.895 0 0 0 11874 11874 908 
452 358 1 5 358 30.6093 0.895 0 0 0 12025 12025 909 
453 358 1 5 358 30.6093 0.895 0 0 0 12184 12184 917 
454 358 1 5 358 30.6093 0.895 0 0 0 12349 12349 939 
455 358 1 5 358 30.6093 0.895 0 0 0 12508 12508 940 
456 358 1 5 358 30.6093 0.895 0 0 0 12610 12610 955 
457 358 1 5 358 30.6093 0.895 0 0 0 12762 12762 957 
458 358 1 5 358 30.6093 0.895 0 0 0 12921 12921 966 
459 358 1 5 358 30.6093 0.895 0 0 0 13082 13082 973 
460 358 1 5 358 30.6093 0.895 0 0 0 13239 13239 974 
461 358 1 5 358 30.6093 0.895 0 0 0 13398 13398 977 
462 358 1 5 358 30.6093 0.895 0 0 0 13500 13500 978 
463 358 1 5 358 30.6093 0.895 0 0 0 13662 13662 981 
464 358 1 5 358 30.6093 0.895 0 0 0 13825 13825 982 
465 358 1 5 358 30.6093 0.895 0 0 0 13991 13991 984 
466 358 1 5 358 30.6093 0.895 0 0 0 14153 14153 985 
467 358 1 5 358 28.8219 0.895 0 0 0 14294 14294 993 
468 358 1 5 358 28.8219 0.895 0 0 0 14450 14450 1002 
469 358 1 5 358 28.8219 0.895 0 0 0 14608 14608 1004 
470 358 1 5 358 28.8219 0.895 0 0 0 14767 14767 1007 
471 358 1 5 358 28.8219 0.895 0 0 0 14928 14928 1008 
472 358 1 5 358 28.8219 0.895 0 0 0 15080 15080 1013 
473 358 1 5 358 28.8219 0.895 0 0 0 15240 15240 1016 
474 358 1 5 358 28.8219 0.895 0 0 0 15394 15394 1021 
475 358 1 5 358 28.8219 0.895 0 0 0 15557 15557 1022 
476 359 1 5 359 27.4514 0.8975 0 0 0 15634 15634 1031 
477 359 1 5 359 26.8942 0.8975 0 0 0 15708 15708 1035 
478 359 1 5 359 26.8782 0.8975 0 0 0 15782 15782 1038 
479 359 1 5 359 26.8782 0.8975 0 0 0 15856 15856 1039 
480 359 1 5 359 26.8782 0.8975 0 0 0 15928 15928 1040 
481 359 1 5 359 26.8782 0.8975 0 0 0 15998 15998 1041 
482 359 1 5 359 26.8639 0.8975 0 0 0 16070 16070 1044 
483 359 1 5 359 26.8639 0.8975 0 0 0 16142 16142 1045 
484 359 1 5 359 26.8639 0.8975 0 0 0 16215 16215 1046 
485 362 1 5 362 29.1147 0.905 0 0 0 16360 16360 1049 
486 362 1 5 362 29.0772 0.905 0 0 0 16504 16504 1050 
487 362 1 5 362 29.0772 0.905 0 0 0 16651 16651 1051 
488 362 1 5 362 29.0772 0.905 0 0 0 16796 16796 1052 
489 365 1 5 365 29.1791 0.9125 0 0 0 16939 16939 1055 
490 365 1 5 365 29.1791 0.9125 0 0 0 17061 17061 1062 
491 365 1 5 365 29.1791 0.9125 0 0 0 17205 17205 1063 
492 365 1 5 365 29.1791 0.9125 0 0 0 17349 17349 1064 
493 365 1 5 365 29.1791 0.9125 0 0 0 17495 17495 1065 
494 365 1 5 365 29.1791 0.9125 0 0 0 17638 17638 1068 
495 365 1 5 365 29.1791 0.9125 0 0 0 17782 17782 1069 
496 365 1 5 365 29.1791 0.9125 0 0 0 17927 17927 1072 
497 365 1 5 365 29.1791 0.9125 0 0 0 18072 18072 1073 
498 365 1 5 365 29.1791 0.9125 0 0 0 18218 18218 1076 
499 365 1 5 365 29.1791 0.9125 0 0 0 18365 18365 1077 
500 366 1 5 366 29.6457 0.915 0 0 0 18517 18517 1081 
501 366 1 5 366 29.6298 0.915 0 0 0 18667 18667 1082 
502 366 1 5 366 29.6298 0.915 0 0 0 18820 18820 1083 
503 366 1 5 366 29.6298 0.915 0 0 0 18973 18973 1084 
504 366 1 5 366 29.6298 0.915 0 0 0 19127 19127 1085 
505 366 1 5 366 29.6298 0.915 0 0 0 19283 19283 1086 
506 366 1 5 366 29.6298 0.915 0 0 0 19437 19437 1087 
507 367 1 5 367 29.8424 0.9175 0 0 0 19593 19593 1092 
508 367 1 5 367 29.8424 0.9175 0 0 0 19750 19750 1093 
509 367 1 5 367 29.8424 0.9175 0 0 0 19906 19906 1094 
510 367 1 5 367 29.8424 0.9175 0 0 0 20063 20063 1095 
511 367 1 5 367 29.8424 0.9175 0 0 0 20221 20221 1096 
512 367 1 5 367 29.8424 0.9175 0 0 0 20379 20379 1101 
513 367 1 5 367 29.8424 0.9175 0 0 0 20537 20537 1102 
514 367 1 5 367 29.8424 0.9175 0 0 0 20694 20694 1105 
515 367 1 5 367 29.8424 0.9175 0 0 0 20853 20853 1109 
516 367 1 5 367 29.8424 0.9175 0 0 0 21052 21052 1130 
517 367 1 5 367 29.8424 0.9175 0 0 0 21208 21208 1141 
518 367 1 5 367 29.8424 0.9175 0 0 0 21404 21404 1151 
519 368 1 5 368 30.8613 0.92 0 0 0 21582 21582 1156 
520 368 1 5 368 30.8613 0.92 0 0 0 21827 21827 1170 
521 368 1 5 368 30.6819 0.92 0 0 0 21988 21988 1172 
522 368 1 5 368 30.6819 0.92 0 0 0 22143 22143 1173 
523 368 1 5 368 30.6819 0.92 0 0 0 22425 22425 1188 
524 368 1 5 368 30.6819 0.92 0 0 0 22532 22532 1203 
525 368 1 5 368 30.6819 0.92 0 0 0 22823 22823 1222 
526 368 1 5 368 30.3235 0.92 0 0 0 23113 23113 1231 
527 368 1 5 368 30.3235 0.92 0 0 0 23339 23339 1238 
528 368 1 5 368 30.3235 0.92 0 0 0 23518 23518 1251 
529 369 1 5 369 40.0084 0.9225 0 0 0 23659 23659 1286 
530 369 1 5 369 31.2091 0.9225 0 0 0 23808 23808 1290 
531 370 1 5 370 37.1607 0.925 0 0 0 24303 24303 1300 
532 370 1 5 370 37.1607 0.925 0 0 0 24684 24684 1315 
533 370 1 5 370 37.1607 0.925 0 0 0 24948 24948 1333 
534 370 1 5 370 37.1607 0.925 0 0 0 25306 25306 1341 
535 370 1 5 370 37.1607 0.925 0 0 0 25562 25562 1347 
536 370 1 5 370 37.1607 0.925 0 0 0 25886 25886 1355 
537 370 1 5 370 37.1607 0.925 0 0 0 26224 26224 1356 
538 370 1 5 370 37.1607 0.925 0 0 0 26569 26569 1369 
539 370 1 5 370 37.1607 0.925 0 0 0 27066 27066 1387 
540 370 1 5 370 37.1607 0.925 0 0 0 27853 27853 1402 
541 370 1 5 370 37.1607 0.925 0 0 0 28575 28575 1412 
542 370 1 5 370 37.1607 0.925 0 0 0 29279 29279 1440 
543 370 1 5 370 37.1607 0.925 0 0 0 29932 29932 1465 
544 370 1 5 370 37.1607 0.925 0 0 0 30522 30522 1483 
545 370 1 5 370 37.1607 0.925 0 0 0 30882 30882 1498 
546 370 1 5 370 37.1607 0.925 0 0 0 31704 31704 1510 
547 370 1 5 370 37.1607 0.925 0 0 0 32530 32530 1524 
548 371 1 5 371 50.4873 0.9275 0 0 0 32779 32779 1552 
549 371 1 5 371 38.9462 0.9275 0 0 0 33154 33154 1578 
550 371 1 5 371 38.9462 0.9275 0 0 0 33597 33597 1597 
551 371 1 5 371 38.9462 0.9275 0 0 0 34065 34065 1607 
552 371 1 5 371 38.9462 0.9275 0 0 0 34619 34619 1631 
553 371 1 5 371 38.9462 0.9275 0 0 0 35731 35731 1650 
554 371 1 5 371 38.9462 0.9275 0 0 0 36168 36168 1670 
555 371 1 5 371 38.9462 0.9275 0 0 0 36536 36536 1675 
556 371 1 5 371 38.9462 0.9275 0 0 0 36980 36980 1691 
557 371 1 5 371 38.9462 0.9275 0 0 0 37407 37407 1712 
558 371 1 5 371 38.9462 0.9275 0 0 0 38116 38116 1727 
559 371 1 5 371 38.9462 0.9275 0 0 0 38489 38489 1730 
560 371 1 5 371 36.473 0.9275 0 0 0 39071 39071 1742 
561 371 1 5 371 36.473 0.9275 0 0 0 39422 39422 1754 
562 371 1 5 371 36.473 0.9275 0 0 0 39788 39788 1756 
563 371 1 5 371 36.473 0.9275 0 0 0 40409 40409 1770 
564 371 1 5 371 36.473 0.9275 0 0 0 40778 40778 1774 
565 371 1 5 371 36.473 0.9275 0 0 0 41292 41292 1788 
566 371 1 5 371 36.473 0.9275 0 0 0 41675 41675 1800 
567 371 1 5 371 36.473 0.9275 0 0 0 42403 42403 1816 
568 371 1 5 371 36.473 0.9275 0 0 0 42935 42935 1829 
569 371 1 5 371 36.473 0.9275 0 0 0 43351 43351 1833 
570 371 1 5 371 36.473 0.9275 0 0 0 43769 43769 1835 
571 371 1 5 371 36.473 0.9275 0 0 0 44619 44619 1846 
572 371 1 5 371 36.473 0.9275 0 0 0 44874 44874 1866 
573 371 1 5 371 36.473 0.9275 0 0 0 45290 45290 1867 
574 371 1 5 371 36.473 0.9275 0 0 0 45774 45774 1883 
575 371 1 5 371 36.473 0.9275 0 0 0 46187 46187 1898 
576 371 1 5 371 36.473 0.9275 0 0 0 46586 46586 1903 
577 372 1 5 372 53.5564 0.93 0 0 0 47005 47005 1914 
578 372 1 5 372 40.4176 0.93 0 0 0 47442 47442 1924 
579 372 1 5 372 40.1548 0.93 0 0 0 47802 47802 1935 
580 372 1 5 372 40.1548 0.93 0 0 0 48211 48211 1943 
581 372 1 5 372 40.1548 0.93 0 0 0 48787 48787 1948 
582 372 1 5 372 40.1548 0.93 0 0 0 49126 49126 1957 
583 372 1 5 372 40.1548 0.93 0 0 0 49580 49580 1968 
584 372 1 5 372 40.1548 0.93 0 0 0 50176 50176 1984 
585 372 1 5 372 40.1548 0.93 0 0 0 50636 50636 1988 
586 372 1 5 372 40.1548 0.93 0 0 0 51096 51096 1989 
587 372 1 5 372 40.1548 0.93 0 0 0 51555 51555 1991 
588 372 1 5 372 40.1548 0.93 0 0 0 51997 51997 1995 
589 372 1 5 372 40.1548 0.93 0 0 0 52449 52449 1997 
590 372 1 5 372 40.1548 0.93 0 0 0 52891 52891 2001 
591 372 1 5 372 40.1548 0.93 0 0 0 53467 53467 2010 
592 372 1 5 372 40.1548 0.93 0 0 0 53910 53910 2015 
593 372 1 5 372 40.1548 0.93 0 0 0 54350 54350 2016 
594 372 1 5 372 40.1548 0.93 0 0 0 54793 54793 2017 
595 372 1 5 372 40.1548 0.93 0 0 0 55232 55232 2019 
596 372 1 5 372 40.1548 0.93 0 0 0 55672 55672 2023 
597 372 1 5 372 40.1548 0.93 0 0 0 56116 56116 2024 
598 372 1 5 372 40.1548 0.93 0 0 0 56490 56490 2029 
599 372 1 5 372 40.1548 0.93 0 0 0 56936 56936 2030 
600 372 1 5 372 40.1548 0.93 0 0 0 57381 57381 2033 
601 372 1 5 372 40.1548 0.93 0 0 0 57827 57827 2035 
602 372 1 5 372 40.1548 0.93 0 0 0 58272 58272 2036 
603 372 1 5 372 40.1548 0.93 0 0 0 58717 58717 2041 
604 372 1 5 372 40.1548 0.93 0 0 0 59159 59159 2047 
605 372 1 5 372 40.1548 0.93 0 0 0 59605 59605 2048 
606 372 1 5 372 40.1548 0.93 0 0 0 60230 60230 2053 
607 372 1 5 372 40.1548 0.93 0 0 0 60682 60682 2054 
608 372 1 5 372 40.1548 0.93 0 0 0 61130 61130 2055 
609 372 1 5 372 40.1548 0.93 0 0 0 61580 61580 2062 
610 372 1 5 372 40.1548 0.93 0 0 0 62028 62028 2065 
611 372 1 5 372 40.1548 0.93 0 0 0 62479 62479 2068 
612 372 1 5 372 40.1548 0.93 0 0 0 62964 62964 2069 
613 372 1 5 372 40.1548 0.93 0 0 0 63443 63443 2072 
614 372 1 5 372 40.1548 0.93 0 0 0 63896 63896 2073 
615 372 1 5 372 40.1548 0.93 0 0 0 64350 64350 2074 
616 372 1 5 372 40.1548 0.93 0 0 0 64807 64807 2078 
617 372 1 5 372 40.1548 0.93 0 0 0 65316 65316 2082 
618 372 1 5 372 40.1548 0.93 0 0 0 65964 65964 2084 
619 372 1 5 372 40.1548 0.93 0 0 0 66430 66430 2088 
620 372 1 5 372 40.1548 0.93 0 0 0 66894 66894 2091 
621 372 1 5 372 40.1548 0.93 0 0 0 67379 67379 2096 
622 372 1 5 372 40.1548 0.93 0 0 0 67867 67867 2099 
623 372 1 5 372 40.1548 0.93 0 0 0 68322 68322 2101 
624 372 1 5 372 40.1548 0.93 0 0 0 68785 68785 2102 
625 373 1 5 373 45.2877 0.9325 0 0 0 69249 69249 2116 
626 373 1 5 373 45.2212 0.9325 0 0 0 69715 69715 2118 
627 373 1 5 373 45.2212 0.9325 0 0 0 70188 70188 2120 
628 373 1 5 373 43.6168 0.9325 0 0 0 70655 70655 2137 
629 376 1 5 376 45.5139 0.94 0 0 0 71122 71122 2141 
630 376 1 5 376 45.5139 0.94 0 0 0 71728 71728 2145 
631 376 1 5 376 42.5057 0.94 0 0 0 72608 72608 2157 
632 376 1 5 376 42.5057 0.94 0 0 0 73423 73423 2163 
633 376 1 5 376 42.5057 0.94 0 0 0 74250 74250 2165 
634 379 1 5 379 42.6109 0.9475 0 0 0 75045 75045 2171 
635 379 1 5 379 42.6109 0.9475 0 0 0 75872 75872 2174 
636 379 1 5 379 42.6109 0.9475 0 0 0 76676 76676 2184 
637 379 1 5 379 42.6109 0.9475 0 0 0 77524 77524 2188 
638 379 1 5 379 42.6109 0.9475 0 0 0 78362 78362 2189 
639 379 1 5 379 42.6109 0.9475 0 0 0 79178 79178 2191 
640 379 1 5 379 42.6109 0.9475 0 0 0 80069 80069 2194 
641 379 1 5 379 42.6109 0.9475 0 0 0 80877 80877 2196 
642 382 1 5 382 43.3414 0.955 0 0 0 81652 81652 2202 
643 385 1 5 385 44.8904 0.9625 0 0 0 82562 82562 2217 
644 385 1 5 385 44.6902 0.9625 0 0 0 83478 83478 2219 
645 388 1 5 388 44.6284 0.97 0 0 0 84303 84303 2226 
646 388 1 5 388 44.6284 0.97 0 0 0 85130 85130 2230 
647 388 1 5 388 44.6284 0.97 0 0 0 85901 85901 2235 
648 388 1 5 388 43.3794 0.97 0 0 0 86816 86816 2242 
649 388 1 5 388 43.3794 0.97 0 0 0 87647 87647 2244 
650 388 1 5 388 43.3794 0.97 0 0 0 88480 88480 2245 
651 388 1 5 388 43.3794 0.97 0 0 0 89313 89313 2246 
652 388 1 5 388 43.3794 0.97 0 0 0 90155 90155 2250 
653 388 1 5 388 43.3794 0.97 0 0 0 91002 91002 2252 
654 388 1 5 388 43.3794 0.97 0 0 0 91827 91827 2253 
655 388 1 5 388 43.3794 0.97 0 0 0 92630 92630 2254 
656 388 1 5 388 43.3794 0.97 0 0 0 93395 93395 2255 
657 388 1 5 388 43.3794 0.97 0 0 0 94295 94295 2259 
658 388 1 5 388 43.3445 0.97 0 0 0 95162 95162 2263 
659 388 1 5 388 43.3445 0.97 0 0 0 95970 95970 2264 
660 388 1 5 388 43.3445 0.97 0 0 0 97041 97041 2284 
661 388 1 5 388 43.3445 0.97 0 0 0 97939 97939 2308 
662 388 1 5 388 43.3445 0.97 0 0 0 98882 98882 2321 
663 388 1 5 388 43.3445 0.97 0 0 0 99454 99454 2333 
664 388 1 5 388 43.3445 0.97 0 0 0 100374 100374 2340 
665 388 1 5 388 43.3445 0.97 0 0 0 101494 101494 2346 
666 388 1 5 388 43.3445 0.97 0 0 0 102247 102247 2357 
667 388 1 5 388 43.3445 0.97 0 0 0 103147 103147 2373 
668 388 1 5 388 43.3445 0.97 0 0 0 104102 104102 2380 
669 388 1 5 388 43.3445 0.97 0 0 0 104667 104667 2398 
670 388 1 5 388 43.3445 0.97 0 0 0 105184 105184 2406 
671 388 1 5 388 43.3445 0.97 0 0 0 106064 106064 2422 
672 389 1 5 389 51.0433 0.9725 0 0 0 106867 106867 2436 
673 389 1 5 389 44.803 0.9725 0 0 0 107711 107711 2441 
674 389 1 5 389 44.803 0.9725 0 0 0 108554 108554 2442 
675 389 1 5 389 44.803 0.9725 0 0 0 109282 109282 2454 
676 389 1 5 389 43.9906 0.9725 0 0 0 110127 110127 2456 
677 389 1 5 389 43.9169 0.9725 0 0 0 110973 110973 2459 
678 389 1 5 389 43.9169 0.9725 0 0 0 111807 111807 2462 
679 389 1 5 389 43.9169 0.9725 0 0 0 112663 112663 2463 
680 389 1 5 389 43.9169 0.9725 0 0 0 113523 113523 2466 
681 389 1 5 389 43.9169 0.9725 0 0 0 114411 114411 2468 
682 389 1 5 389 43.9169 0.9725 0 0 0 115272 115272 2469 
683 389 1 5 389 43.9169 0.9725 0 0 0 116139 116139 2470 
684 389 1 5 389 43.9169 0.9725 0 0 0 116920 116920 2475 
685 389 1 5 389 43.9169 0.9725 0 0 0 118038 118038 2478 
686 389 1 5 389 43.9169 0.9725 0 0 0 118775 118775 2480 
687 389 1 5 389 43.9169 0.9725 0 0 0 119507 119507 2491 
688 389 1 5 389 43.9169 0.9725 0 0 0 120245 120245 2500 
689 389 1 5 389 43.9169 0.9725 0 0 0 120866 120866 2511 
690 389 1 5 389 43.9169 0.9725 0 0 0 121615 121615 2517 
691 389 1 5 389 43.9169 0.9725 0 0 0 122364 122364 2523 
692 389 1 5 389 43.9169 0.9725 0 0 0 123132 123132 2526 
693 389 1 5 389 43.9169 0.9725 0 0 0 123870 123870 2534 
694 389 1 5 389 43.9169 0.9725 0 0 0 124610 124610 2539 
695 389 1 5 389 43.9169 0.9725 0 0 0 125065 125065 2550 
696 389 1 5 389 43.9169 0.9725 0 0 0 125667 125667 2562 
697 389 1 5 389 43.9169 0.9725 0 0 0 126275 126275 2566 
698 389 1 5 389 43.9169 0.9725 0 0 0 126856 126856 2576 
699 389 1 5 389 43.9169 0.9725 0 0 0 127438 127438 2589 
700 389 1 5 389 43.9169 0.9725 0 0 0 128180 128180 2594 
701 389 1 5 389 43.9169 0.9725 0 0 0 129210 129210 2603 
702 389 1 5 389 43.9169 0.9725 0 0 0 130025 130025 2606 
703 389 1 5 389 43.9169 0.9725 0 0 0 130881 130881 2610 
704 389 1 5 389 43.9169 0.9725 0 0 0 131725 131725 2616 
705 389 1 5 389 43.9169 0.9725 0 0 0 132523 132523 2620 
706 389 1 5 389 43.9169 0.9725 0 0 0 133292 133292 2628 
707 389 1 5 389 43.9169 0.9725 0 0 0 133920 133920 2649 
708 389 1 5 389 43.9169 0.9725 0 0 0 134795 134795 2656 
709 389 1 5 389 43.9169 0.9725 0 0 0 135564 135564 2659 
710 389 1 5 389 43.9169 0.9725 0 0 0 136335 136335 2663 
711 389 1 5 389 43.9169 0.9725 0 0 0 137208 137208 2666 
712 389 1 5 389 43.9169 0.9725 0 0 0 138082 138082 2669 
713 389 1 5 389 43.9169 0.9725 0 0 0 138905 138905 2672 
714 389 1 5 389 43.9169 0.9725 0 0 0 139778 139778 2674 
715 389 1 5 389 43.9169 0.9725 0 0 0 140631 140631 2677 
716 389 1 5 389 43.9169 0.9725 0 0 0 141521 141521 2679 
717 389 1 5 389 43.9169 0.9725 0 0 0 142324 142324 2681 
718 389 1 5 389 43.9169 0.9725 0 0 0 143200 143200 2682 
719 389 1 5 389 43.9169 0.9725 0 0 0 144056 144056 2684 
720 389 1 5 389 43.9169 0.9725 0 0 0 144949 144949 2685 
721 389 1 5 389 43.9169 0.9725 0 0 0 145755 145755 2688 
722 389 1 5 389 43.9169 0.9725 0 0 0 146618 146618 2689 
723 389 1 5 389 43.9169 0.9725 0 0 0 147474 147474 2692 
724 389 1 5 389 43.9169 0.9725 0 0 0 148259 148259 2695 
725 389 1 5 389 43.9169 0.9725 0 0 0 149145 149145 2696 
726 389 1 5 389 43.9169 0.9725 0 0 0 150116 150116 2699 
727 389 1 5 389 43.151 0.9725 0 0 0 151039 151039 2701 
728 389 1 5 389 43.151 0.9725 0 0 0 151831 151831 2702 
729 389 1 5 389 43.151 0.9725 0 0 0 152729 152729 2703 
730 389 1 5 389 43.151 0.9725 0 0 0 153508 153508 2708 
731 389 1 5 389 43.151 0.9725 0 0 0 154376 154376 2710 
732 389 1 5 389 43.151 0.9725 0 0 0 155242 155242 2711 
733 389 1 5 389 43.151 0.9725 0 0 0 155693 155693 2721 
734 389 1 5 389 43.151 0.9725 0 0 0 156144 156144 2730 
735 389 1 5 389 43.151 0.9725 0 0 0 156604 156604 2736 
736 389 1 5 389 43.151 0.9725 0 0 0 157055 157055 2743 
737 389 1 5 389 43.151 0.9725 0 0 0 157924 157924 2754 
738 389 1 5 389 43.151 0.9725 0 0 0 158373 158373 2758 
739 389 1 5 389 43.151 0.9725 0 0 0 158828 158828 2761 
740 389 1 5 389 43.151 0.9725 0 0 0 159274 159274 2762 
741 389 1 5 389 43.151 0.9725 0 0 0 159725 159725 2763 
742 389 1 5 389 43.151 0.9725 0 0 0 160174 160174 2767 
743 389 1 5 389 43.151 0.9725 0 0 0 160628 160628 2771 
744 389 1 5 389 43.151 0.9725 0 0 0 161079 161079 2772 
745 389 1 5 389 43.151 0.9725 0 0 0 161543 161543 2773 
746 389 1 5 389 43.151 0.9725 0 0 0 162418 162418 2778 
747 389 1 5 389 43.151 0.9725 0 0 0 163384 163384 2785 
748 389 1 5 389 43.151 0.9725 0 0 0 163836 163836 2789 
749 389 1 5 389 43.151 0.9725 0 0 0 164288 164288 2790 
750 389 1 5 389 43.151 0.9725 0 0 0 164740 164740 2791 
751 389 1 5 389 43.151 0.9725 0 0 0 165172 165172 2793 
752 389 1 5 389 43.151 0.9725 0 0 0 165707 165707 2812 
753 389 1 5 389 43.151 0.9725 0 0 0 166189 166189 2818 
754 389 1 5 389 43.151 0.9725 0 0 0 166832 166832 2828 
755 389 1 5 389 43.151 0.9725 0 0 0 167703 167703 2844 
756 389 1 5 389 43.151 0.9725 0 0 0 168375 168375 2854 
757 389 1 5 389 43.151 0.9725 0 0 0 169045 169045 2861 
758 389 1 5 389 43.151 0.9725 0 0 0 170535 170535 2866 
759 389 1 5 389 43.151 0.9725 0 0 0 171093 171093 2869 
760 389 1 5 389 43.151 0.9725 0 0 0 171704 171704 2870 
761 389 1 5 389 43.151 0.9725 0 0 0 172316 172316 2871 
762 389 1 5 389 43.151 0.9725 0 0 0 172912 172912 2878 
763 389 1 5 389 43.151 0.9725 0 0 0 173576 173576 2880 
764 389 1 5 389 43.151 0.9725 0 0 0 174241 174241 2882 
765 389 1 5 389 43.151 0.9725 0 0 0 174973 174973 2883 
766 389 1 5 389 43.151 0.9725 0 0 0 175692 175692 2888 
767 389 1 5 389 43.151 0.9725 0 0 0 176328 176328 2890 
768 389 1 5 389 43.151 0.9725 0 0 0 176943 176943 2893 
769 389 1 5 389 43.151 0.9725 0 0 0 177574 177574 2897 
770 389 1 5 389 43.151 0.9725 0 0 0 178126 178126 2899 
771 389 1 5 389 43.151 0.9725 0 0 0 178851 178851 2911 
772 389 1 5 389 43.151 0.9725 0 0 0 179762 179762 2917 
773 389 1 5 389 43.151 0.9725 0 0 0 180349 180349 2924 
774 389 1 5 389 43.151 0.9725 0 0 0 180784 180784 2932 
775 389 1 5 389 43.151 0.9725 0 0 0 181539 181539 2941 
776 389 1 5 389 43.151 0.9725 0 0 0 182465 182465 2950 
777 389 1 5 389 43.151 0.9725 0 0 0 183622 183622 2957 
778 389 1 5 389 43.151 0.9725 0 0 0 184221 184221 2958 
779 389 1 5 389 43.151 0.9725 0 0 0 185147 185147 2977 
780 389 1 5 389 43.151 0.9725 0 0 0 186193 186193 2982 
781 389 1 5 389 43.151 0.9725 0 0 0 186830 186830 2984 
782 389 1 5 389 43.151 0.9725 0 0 0 187422 187422 2987 
783 389 1 5 389 43.151 0.9725 0 0 0 187985 187985 2990 
784 389 1 5 389 43.151 0.9725 0 0 0 188587 188587 2992 
785 389 1 5 389 43.151 0.9725 0 0 0 189148 189148 2993 
786 389 1 5 389 43.151 0.9725 0 0 0 189742 189742 2998 
787 389 1 5 389 43.151 0.9725 0 0 0 190340 190340 3000 
788 389 1 5 389 43.151 0.9725 0 0 0 190785 190785 3009 
789 389 1 5 389 43.151 0.9725 0 0 0 191344 191344 3020 
790 389 1 5 389 43.151 0.9725 0 0 0 191789 191789 3023 
791 389 1 5 389 43.151 0.9725 0 0 0 192390 192390 3024 
792 389 1 5 389 43.151 0.9725 0 0 0 193013 193013 3025 
793 389 1 5 389 43.151 0.9725 0 0 0 193615 193615 3027 
794 389 1 5 389 43.151 0.9725 0 0 0 194205 194205 3028 
795 389 1 5 389 43.151 0.9725 0 0 0 194784 194784 3031 
796 389 1 5 389 43.151 0.9725 0 0 0 195236 195236 3034 
797 389 1 5 389 43.151 0.9725 0 0 0 195823 195823 3035 
798 389 1 5 389 43.151 0.9725 0 0 0 196266 196266 3036 
799 389 1 5 389 43.151 0.9725 0 0 0 197317 197317 3041 
800 389 1 5 389 43.151 0.9725 0 0 0 197924 197924 3042 
801 389 1 5 389 43.151 0.9725 0 0 0 198364 198364 3047 
802 389 1 5 389 43.151 0.9725 0 0 0 199435 199435 3052 
803 389 1 5 389 43.151 0.9725 0 0 0 199999 199999 3053 
804 389 1 5 389 43.151 0.9725 0 0 0 200603 200603 3054 
805 389 1 5 389 43.151 0.9725 0 0 0 201065 201065 3061 
806 389 1 5 389 43.151 0.9725 0 0 0 201707 201707 3062 
807 389 1 5 389 43.151 0.9725 0 0 0 202313 202313 3063 
808 389 1 5 389 43.151 0.9725 0 0 0 202921 202921 3064 
809 389 1 5 389 43.151 0.9725 0 0 0 203530 203530 3065 
810 389 1 5 389 43.151 0.9725 0 0 0 204126 204126 3071 
811 389 1 5 389 43.151 0.9725 0 0 0 204735 204735 3072 
812 389 1 5 389 43.151 0.9725 0 0 0 205342 205342 3073 
813 389 1 5 389 43.151 0.9725 0 0 0 205985 205985 3074 
814 389 1 5 389 43.151 0.9725 0 0 0 206604 206604 3078 
815 389 1 5 389 43.151 0.9725 0 0 0 207295 207295 3083 
816 389 1 5 389 43.151 0.9725 0 0 0 207972 207972 3084 
817 389 1 5 389 43.151 0.9725 0 0 0 208821 208821 3088 
818 389 1 5 389 43.151 0.9725 0 0 0 209780 209780 3090 
819 389 1 5 389 43.151 0.9725 0 0 0 210383 210383 3095 
820 389 1 5 389 43.151 0.9725 0 0 0 211012 211012 3103 
821 389 1 5 389 43.151 0.9725 0 0 0 211874 211874 3116 
822 389 1 5 389 43.151 0.9725 0 0 0 212828 212828 3123 
823 392 1 5 392 49.1009 0.98 0 0 0 213873 213873 3126 
824 392 1 5 392 47.7723 0.98 0 0 0 214442 214442 3130 
825 392 1 5 392 47.6858 0.98 0 0 0 215013 215013 3132 
826 392 1 5 392 47.6858 0.98 0 0 0 215468 215468 3137 
827 392 1 5 392 47.6858 0.98 0 0 0 216045 216045 3139 
828 392 1 5 392 47.6169 0.98 0 0 0 216629 216629 3140 
829 392 1 5 392 47.6169 0.98 0 0 0 217528 217528 3148 
830 392 1 5 392 47.6169 0.98 0 0 0 218102 218102 3149 
831 392 1 5 392 47.6169 0.98 0 0 0 218677 218677 3150 
832 392 1 5 392 47.5906 0.98 0 0 0 219254 219254 3151 
833 392 1 5 392 47.5906 0.98 0 0 0 219828 219828 3154 
834 392 1 5 392 47.5906 0.98 0 0 0 220410 220410 3156 
835 392 1 5 392 47.5906 0.98 0 0 0 220989 220989 3158 
836 392 1 5 392 47.5906 0.98 0 0 0 221834 221834 3162 
837 392 1 5 392 47.5906 0.98 0 0 0 222419 222419 3167 
838 392 1 5 392 46.2568 0.98 0 0 0 223294 223294 3172 
839 392 1 5 392 46.2568 0.98 0 0 0 223877 223877 3174 
840 392 1 5 392 46.2568 0.98 0 0 0 224487 224487 3175 
841 392 1 5 392 46.2568 0.98 0 0 0 225071 225071 3176 
842 392 1 5 392 46.2568 0.98 0 0 0 225666 225666 3177 
843 392 1 5 392 44.1505 0.98 0 0 0 226386 226386 3181 
844 392 1 5 392 44.1505 0.98 0 0 0 227494 227494 3185 
845 392 1 5 392 44.1505 0.98 0 0 0 228539 228539 3186 
846 392 1 5 392 44.1505 0.98 0 0 0 229441 229441 3187 
847 392 1 5 392 44.1505 0.98 0 0 0 230616 230616 3188 
848 392 1 5 392 44.1505 0.98 0 0 0 231684 231684 3189 
849 392 1 5 392 44.1505 0.98 0 0 0 232730 232730 3191 
850 392 1 5 392 44.1505 0.98 0 0 0 233785 233785 3192 
851 392 1 5 392 44.1505 0.98 0 0 0 234714 234714 3193 
852 392 1 5 392 44.1505 0.98 0 0 0 235836 235836 3194 
853 392 1 5 392 44.1505 0.98 0 0 0 236900 236900 3195 
854 392 1 5 392 44.1505 0.98 0 0 0 238103 238103 3200 
855 392 1 5 392 44.1505 0.98 0 0 0 239178 239178 3209 
856 392 1 5 392 44.1505 0.98 0 0 0 240253 240253 3213 
857 392 1 5 392 44.1505 0.98 0 0 0 241739 241739 3221 
858 392 1 5 392 44.1505 0.98 0 0 0 242709 242709 3236 
859 392 1 5 392 44.1505 0.98 0 0 0 243752 243752 3237 
860 392 1 5 392 44.1505 0.98 0 0 0 244948 244948 3238 
861 394 1 5 394 48.4265 0.985 0 0 0 246018 246018 3248 
862 394 1 5 394 48.151 0.985 0 0 0 247135 247135 3250 
863 394 1 5 394 48.0525 0.985 0 0 0 248217 248217 3251 
864 394 1 5 394 48.0525 0.985 0 0 0 249290 249290 3254 
865 394 1 5 394 48.0525 0.985 0 0 0 250349 250349 3255 
866 394 1 5 394 47.5568 0.985 0 0 0 251423 251423 3259 
867 394 1 5 394 47.2925 0.985 0 0 0 252542 252542 3260 
868 394 1 5 394 47.2925 0.985 0 0 0 253696 253696 3261 
869 394 1 5 394 47.2925 0.985 0 0 0 254771 254771 3266 
870 394 1 5 394 47.2925 0.985 0 0 0 255682 255682 3277 
871 394 1 5 394 47.2925 0.985 0 0 0 256455 256455 3286 
872 394 1 5 394 47.2925 0.985 0 0 0 257529 257529 3290 
873 394 1 5 394 44.0339 0.985 0 0 0 258587 258587 3299 
874 394 1 5 394 44.0339 0.985 0 0 0 259670 259670 3300 
875 394 1 5 394 44.0339 0.985 0 0 0 260749 260749 3303 
876 394 1 5 394 44.0339 0.985 0 0 0 261830 261830 3304 
877 394 1 5 394 44.0339 0.985 0 0 0 262899 262899 3310 
878 394 1 5 394 44.0339 0.985 0 0 0 263942 263942 3311 
879 394 1 5 394 44.0339 0.985 0 0 0 264947 264947 3312 
880 394 1 5 394 44.0339 0.985 0 0 0 266015 266015 3313 
881 394 1 5 394 44.0339 0.985 0 0 0 267104 267104 3315 
882 394 1 5 394 44.0339 0.985 0 0 0 268259 268259 3316 
883 394 1 5 394 44.0339 0.985 0 0 0 269319 269319 3317 
884 394 1 5 394 44.0339 0.985 0 0 0 270391 270391 3318 
885 394 1 5 394 44.0339 0.985 0 0 0 271531 271531 3322 
886 394 1 5 394 44.0339 0.985 0 0 0 272583 272583 3323 
887 394 1 5 394 44.0339 0.985 0 0 0 273682 273682 3324 
888 394 1 5 394 44.0339 0.985 0 0 0 274735 274735 3325 
889 394 1 5 394 44.0339 0.985 0 0 0 275738 275738 3339 
890 394 1 5 394 44.0339 0.985 0 0 0 276569 276569 3349 
891 394 1 5 394 44.0339 0.985 0 0 0 277625 277625 3353 
892 394 1 5 394 44.0339 0.985 0 0 0 278706 278706 3354 
893 394 1 5 394 44.0339 0.985 0 0 0 279822 279822 3356 
894 394 1 5 394 44.0339 0.985 0 0 0 281092 281092 3357 
895 394 1 5 394 44.0339 0.985 0 0 0 282236 282236 3360 
896 394 1 5 394 44.0339 0.985 0 0 0 283433 283433 3364 
897 394 1 5 394 44.0339 0.985 0 0 0 284569 284569 3372 
898 394 1 5 394 44.0339 0.985 0 0 0 286310 286310 3384 
899 394 1 5 394 44.0339 0.985 0 0 0 287467 287467 3388 
900 394 1 5 394 44.0339 0.985 0 0 0 289392 289392 3403 
901 394 1 5 394 44.0339 0.985 0 0 0 290721 290721 3417 
902 394 1 5 394 44.0339 0.985 0 0 0 291814 291814 3424 
903 394 1 5 394 44.0339 0.985 0 0 0 293088 293088 3429 
904 394 1 5 394 44.0339 0.985 0 0 0 294996 294996 3435 
905 394 1 5 394 44.0339 0.985 0 0 0 296127 296127 3444 
906 394 1 5 394 44.0339 0.985 0 0 0 297271 297271 3448 
907 394 1 5 394 44.0339 0.985 0 0 0 298572 298572 3457 
908 394 1 5 394 44.0339 0.985 0 0 0 299898 299898 3463 
909 394 1 5 394 44.0339 0.985 0 0 0 301064 301064 3464 
910 394 1 5 394 44.0339 0.985 0 0 0 302526 302526 3470 
911 394 1 5 394 44.0339 0.985 0 0 0 303529 303529 3486 
912 395 1 5 395 47.904 0.9875 0 0 0 305154 305154 3491 
913 395 1 5 395 47.904 0.9875 0 0 0 306788 306788 3503 
914 395 1 5 395 47.904 0.9875 0 0 0 308712 308712 3518 
915 395 1 5 395 47.904 0.9875 0 0 0 310111 310111 3524 
916 395 1 5 395 47.904 0.9875 0 0 0 311474 311474 3535 
917 395 1 5 395 47.904 0.9875 0 0 0 312792 312792 3539 
918 395 1 5 395 47.904 0.9875 0 0 0 313845 313845 3543 
919 395 1 5 395 47.904 0.9875 0 0 0 315208 315208 3547 
920 395 1 5 395 47.904 0.9875 0 0 0 316500 316500 3554 
921 395 1 5 395 47.904 0.9875 0 0 0 317885 317885 3560 
922 395 1 5 395 47.904 0.9875 0 0 0 319518 319518 3567 
923 395 1 5 395 47.904 0.9875 0 0 0 321117 321117 3574 
924 395 1 5 395 47.904 0.9875 0 0 0 322754 322754 3578 
925 395 1 5 395 47.904 0.9875 0 0 0 324057 324057 3586 
926 395 1 5 395 47.904 0.9875 0 0 0 325627 325627 3590 
927 395 1 5 395 47.904 0.9875 0 0 0 326598 326598 3601 
928 395 1 5 395 47.904 0.9875 0 0 0 327996 327996 3608 
929 395 1 5 395 47.904 0.9875 0 0 0 328935 328935 3616 
930 395 1 5 395 47.904 0.9875 0 0 0 330208 330208 3626 
931 395 1 5 395 47.904 0.9875 0 0 0 331206 331206 3635 
932 395 1 5 395 42.0945 0.9875 0 0 0 332553 332553 3639 
933 395 1 5 395 42.0945 0.9875 0 0 0 334235 334235 3651 
934 395 1 5 395 42.0586 0.9875 0 0 0 335608 335608 3652 
935 395 1 5 395 42.0586 0.9875 0 0 0 336932 336932 3657 
936 395 1 5 395 41.9792 0.9875 0 0 0 338329 338329 3658 
937 395 1 5 395 41.9792 0.9875 0 0 0 339607 339607 3659 
938 395 1 5 395 41.9792 0.9875 0 0 0 340962 340962 3660 
939 395 1 5 395 41.9792 0.9875 0 0 0 342228 342228 3661 
940 395 1 5 395 41.9792 0.9875 0 0 0 343630 343630 3662 
941 395 1 5 395 41.9792 0.9875 0 0 0 344985 344985 3664 
942 395 1 5 395 41.1606 0.9875 0 0 0 346949 346949 3669 
943 395 1 5 395 41.1606 0.9875 0 0 0 347768 347768 3687 
944 395 1 5 395 41.1606 0.9875 0 0 0 349099 349099 3696 
945 395 1 5 395 41.1606 0.9875 0 0 0 349913 349913 3701 
946 395 1 5 395 41.1606 0.9875 0 0 0 350645 350645 3706 
947 395 1 5 395 40.2093 0.9875 0 0 0 351557 351557 3711 
948 395 1 5 395 40.2093 0.9875 0 0 0 352362 352362 3716 
949 395 1 5 395 40.2093 0.9875 0 0 0 353112 353112 3726 
950 395 1 5 395 40.2093 0.9875 0 0 0 354330 354330 3729 
951 395 1 5 395 40.2093 0.9875 0 0 0 355287 355287 3739 
952 395 1 5 395 40.2093 0.9875 0 0 0 356570 356570 3745 
953 395 1 5 395 40.2093 0.9875 0 0 0 357569 357569 3751 
954 395 1 5 395 40.2093 0.9875 0 0 0 358839 358839 3754 
955 395 1 5 395 40.2093 0.9875 0 0 0 360098 360098 3755 
956 395 1 5 395 40.2093 0.9875 0 0 0 361015 361015 3765 
957 395 1 5 395 40.2093 0.9875 0 0 0 362363 362363 3767 
958 395 1 5 395 40.2093 0.9875 0 0 0 363192 363192 3771 
959 395 1 5 395 40.2093 0.9875 0 0 0 363990 363990 3775 
960 395 1 5 395 40.2093 0.9875 0 0 0 364794 364794 3779 
961 395 1 5 395 40.2093 0.9875 0 0 0 365794 365794 3788 
962 395 1 5 395 40.2093 0.9875 0 0 0 366604 366604 3789 
963 395 1 5 395 40.2093 0.9875 0 0 0 367439 367439 3796 
964 395 1 5 395 40.2093 0.9875 0 0 0 368245 368245 3799 
965 395 1 5 395 40.2093 0.9875 0 0 0 369555 369555 3818 
966 395 1 5 395 40.2093 0.9875 0 0 0 370366 370366 3823 
967 395 1 5 395 40.2093 0.9875 0 0 0 371134 371134 3826 
968 395 1 5 395 40.2093 0.9875 0 0 0 371901 371901 3827 
969 395 1 5 395 40.2093 0.9875 0 0 0 372671 372671 3830 
970 395 1 5 395 40.2093 0.9875 0 0 0 374156 374156 3846 
971 395 1 5 395 40.2093 0.9875 0 0 0 374919 374919 3848 
972 395 1 5 395 40.2093 0.9875 0 0 0 375683 375683 3853 
973 395 1 5 395 40.2093 0.9875 0 0 0 376438 376438 3855 
974 395 1 5 395 40.2093 0.9875 0 0 0 377226 377226 3857 
975 395 1 5 395 40.2093 0.9875 0 0 0 377983 377983 3860 
976 395 1 5 395 40.2093 0.9875 0 0 0 378733 378733 3866 
977 395 1 5 395 40.2093 0.9875 0 0 0 379537 379537 3872 
978 395 1 5 395 40.2093 0.9875 0 0 0 380178 380178 3879 
979 395 1 5 395 40.2093 0.9875 0 0 0 380959 380959 3882 
980 395 1 5 395 39.4054 0.9875 0 0 0 381934 381934 3891 
981 395 1 5 395 39.4054 0.9875 0 0 0 382856 382856 3892 
982 395 1 5 395 39.4054 0.9875 0 0 0 383791 383791 3893 
983 395 1 5 395 39.4054 0.9875 0 0 0 384660 384660 3895 
984 395 1 5 395 39.3565 0.9875 0 0 0 385632 385632 3896 
985 395 1 5 395 39.3565 0.9875 0 0 0 386557 386557 3902 
986 395 1 5 395 39.3565 0.9875 0 0 0 388217 388217 3922 
987 395 1 5 395 39.3565 0.9875 0 0 0 389628 389628 3933 
988 395 1 5 395 39.3565 0.9875 0 0 0 390704 390704 3939 
989 395 1 5 395 39.3565 0.9875 0 0 0 391370 391370 3940 
990 395 1 5 395 39.3565 0.9875 0 0 0 392036 392036 3945 
991 395 1 5 395 39.3565 0.9875 0 0 0 392688 392688 3946 
992 395 1 5 395 39.3565 0.9875 0 0 0 393346 393346 3951 
993 395 1 5 395 39.3565 0.9875 0 0 0 394035 394035 3954 
994 395 1 5 395 39.3565 0.9875 0 0 0 394703 394703 3956 
995 395 1 5 395 39.3565 0.9875 0 0 0 395358 395358 3957 
996 395 1 5 395 39.3565 0.9875 0 0 0 396026 396026 3960 
997 395 1 5 395 39.3565 0.9875 0 0 0 396683 396683 3961 
998 395 1 5 395 39.3565 0.9875 0 0 0 397313 397313 3965 
999 395 1 5 395 39.3565 0.9875 0 0 0 398459 398459 3976 
1000 395 1 5 395 39.3565 0.9875 0 0 0 399658 399658 3978 
1001 398 1 5 398 52.0819 0.995 0 0 0 400377 400377 3992 
1002 398 1 5 398 40.3742 0.995 0 0 0 401317 401317 3994 
1003 398 1 5 398 40.3742 0.995 0 0 0 402267 402267 4007 
1004 398 1 5 398 39.5456 0.995 0 0 0 403020 403020 4009 
1005 398 1 5 398 39.5456 0.995 0 0 0 403580 403580 4014 
1006 398 1 5 398 39.5456 0.995 0 0 0 404134 404134 4016 
1007 398 1 5 398 39.5456 0.995 0 0 0 404803 404803 4019 
1008 398 1 5 398 39.5456 0.995 0 0 0 405345 405345 4021 
1009 398 1 5 398 39.5456 0.995 0 0 0 405961 405961 4025 
1010 398 1 5 398 39.5456 0.995 0 0 0 406534 406534 4027 
1011 398 1 5 398 39.5456 0.995 0 0 0 407103 407103 4028 
