1 105 1 0.5 105 0 0.2625 0 0 0 0 0 0 
2 108 1 0.5 108 0.1 0.27 0 0 0 0 0 1 
3 110 1 0.5 110 0.195919 0.275 0 0 0 0 0 3 
4 112 1 0.5 112 0.295919 0.28 0 0 0 0 0 4 
5 114 1 0.5 114 0.395919 0.285 0 0 0 0 0 5 
6 115 1 0.5 115 0.488365 0.2875 0 0 0 0 0 7 
7 115 1 0.5 115 0.488365 0.2875 0 0 0 0 0 8 
8 122 1 0.5 122 0.62186 0.305 0 0 0 0 0 10 
9 122 1 0.5 122 0.62186 0.305 0 0 0 0 0 11 
10 122 1 0.5 122 0.62186 0.305 0 0 0 0 0 12 
11 131 1 0.5 131 0.72186 0.3275 0 0 0 0 0 13 
12 131 1 0.5 131 0.72186 0.3275 0 0 0 0 0 14 
13 132 1 0.5 132 1.03084 0.33 0 0 0 0 0 16 
14 133 1 0.5 133 1.30762 0.3325 0 0 0 1 1 20 
15 141 1 0.5 141 1.40587 0.3525 0 0 0 1 1 23 
16 141 1 0.5 141 1.40587 0.3525 0 0 0 1 1 24 
17 142 1 0.5 142 1.55446 0.355 0 0 0 2 2 26 
18 143 1 0.5 143 1.55693 0.3575 0 0 0 3 3 29 
19 145 1 0.5 145 1.63752 0.3625 0 0 0 4 4 32 
20 145 1 0.5 145 1.63752 0.3625 0 0 0 5 5 33 
21 145 1 0.5 145 1.63752 0.3625 0 0 0 6 6 34 
22 145 1 0.5 145 1.63752 0.3625 0 0 0 7 7 35 
23 146 1 0.5 146 1.79366 0.365 0 0 0 8 8 37 
24 146 1 0.5 146 1.79366 0.365 0 0 0 10 10 38 
25 147 1 0.5 147 1.87873 0.3675 0 0 0 12 12 40 
26 148 1 0.5 148 1.95776 0.37 0 0 0 14 14 42 
27 148 1 0.5 148 1.95776 0.37 0 0 0 16 16 43 
28 148 1 0.5 148 1.95776 0.37 0 0 0 19 19 44 
29 148 1 0.5 148 1.95776 0.37 0 0 0 22 22 45 
30 150 1 0.5 150 2.29662 0.375 0 0 0 25 25 47 
31 150 1 0.5 150 2.29662 0.375 0 0 0 29 29 48 
32 150 1 0.5 150 2.29662 0.375 0 0 0 32 32 49 
33 150 1 0.5 150 2.29662 0.375 0 0 0 35 35 50 
34 150 1 0.5 150 2.29662 0.375 0 0 0 38 38 51 
35 150 1 0.5 150 2.29662 0.375 0 0 0 42 42 52 
36 150 1 0.5 150 2.29662 0.375 0 0 0 45 45 53 
37 150 1 0.5 150 2.13036 0.375 0 0 0 48 48 55 
38 150 1 0.5 150 2.13036 0.375 0 0 0 52 52 56 
39 150 1 0.5 150 2.13036 0.375 0 0 0 56 56 57 
40 150 1 0.5 150 2.13036 0.375 0 0 0 60 60 58 
41 150 1 0.5 150 2.13036 0.375 0 0 0 63 63 59 
42 150 1 0.5 150 2.13036 0.375 0 0 0 67 67 60 
43 151 1 0.5 151 2.68434 0.3775 0 0 0 71 71 62 
44 152 1 0.5 152 2.74231 0.38 0 0 0 76 76 64 
45 152 1 0.5 152 2.74231 0.38 0 0 0 81 81 65 
46 152 1 0.5 152 2.74231 0.38 0 0 0 85 85 66 
47 152 1 0.5 152 2.74231 0.38 0 0 0 89 89 67 
48 152 1 0.5 152 2.74231 0.38 0 0 0 94 94 68 
49 152 1 0.5 152 2.74231 0.38 0 0 0 98 98 69 
50 152 1 0.5 152 2.74231 0.38 0 0 0 103 103 70 
51 152 1 0.5 152 2.74231 0.38 0 0 0 108 108 71 
52 152 1 0.5 152 2.74231 0.38 0 0 0 113 113 72 
53 152 1 0.5 152 2.74231 0.38 0 0 0 117 117 73 
54 152 1 0.5 152 2.74231 0.38 0 0 0 121 121 74 
55 159 1 0.5 159 3.14687 0.3975 0 0 0 126 126 76 
56 159 1 0.5 159 3.14687 0.3975 0 0 0 131 131 77 
57 165 1 0.5 165 3.35798 0.4125 0 0 0 137 137 82 
58 165 1 0.5 165 3.35798 0.4125 0 0 0 143 143 83 
59 165 1 0.5 165 3.35798 0.4125 0 0 0 150 150 84 
60 165 1 0.5 165 3.35798 0.4125 0 0 0 157 157 85 
61 165 1 0.5 165 3.35798 0.4125 0 0 0 164 164 86 
62 166 1 0.5 166 3.84941 0.415 0 0 0 187 187 92 
63 166 1 0.5 166 3.82839 0.415 0 0 0 212 212 95 
64 166 1 0.5 166 3.82839 0.415 0 0 0 235 235 96 
65 166 1 0.5 166 3.80055 0.415 0 0 0 258 258 98 
66 166 1 0.5 166 3.80055 0.415 0 0 0 284 284 99 
67 166 1 0.5 166 3.80055 0.415 0 0 0 309 309 100 
68 166 1 0.5 166 3.80055 0.415 0 0 0 333 333 103 
69 166 1 0.5 166 3.80055 0.415 0 0 0 357 357 104 
70 166 1 0.5 166 3.80055 0.415 0 0 0 382 382 108 
71 166 1 0.5 166 3.80055 0.415 0 0 0 410 410 109 
72 166 1 0.5 166 3.80055 0.415 0 0 0 435 435 110 
73 166 1 0.5 166 3.80055 0.415 0 0 0 459 459 111 
74 166 1 0.5 166 3.80055 0.415 0 0 0 483 483 112 
75 166 1 0.5 166 3.80055 0.415 0 0 0 506 506 113 
76 166 1 0.5 166 3.80055 0.415 0 0 0 529 529 114 
77 166 1 0.5 166 3.80055 0.415 0 0 0 552 552 115 
78 166 1 0.5 166 3.80055 0.415 0 0 0 578 578 116 
79 166 1 0.5 166 3.80055 0.415 0 0 0 601 601 117 
80 166 1 0.5 166 3.80055 0.415 0 0 0 626 626 118 
81 166 1 0.5 166 3.80055 0.415 0 0 0 650 650 119 
82 166 1 0.5 166 3.80055 0.415 0 0 0 673 673 120 
83 166 1 0.5 166 3.80055 0.415 0 0 0 700 700 121 
84 166 1 0.5 166 3.80055 0.415 0 0 0 725 725 122 
85 166 1 0.5 166 3.80055 0.415 0 0 0 748 748 123 
86 166 1 0.5 166 3.80055 0.415 0 0 0 772 772 124 
87 166 1 0.5 166 3.80055 0.415 0 0 0 802 802 125 
88 166 1 0.5 166 3.80055 0.415 0 0 0 866 866 126 
89 166 1 0.5 166 3.80055 0.415 0 0 0 935 935 127 
90 166 1 0.5 166 3.80055 0.415 0 0 0 1005 1005 128 
91 166 1 0.5 166 3.80055 0.415 0 0 0 1072 1072 131 
92 166 1 0.5 166 3.80055 0.415 0 0 0 1141 1141 132 
93 166 1 0.5 166 3.80055 0.415 0 0 0 1208 1208 133 
94 166 1 0.5 166 3.80055 0.415 0 0 0 1276 1276 134 
95 178 1 0.5 178 3.84489 0.445 0 0 0 1352 1352 140 
96 181 1 0.5 181 4.80451 0.4525 0 0 0 1440 1440 143 
97 182 1 0.5 182 4.83379 0.455 0 0 0 1530 1530 146 
98 182 1 0.5 182 4.83379 0.455 0 0 0 1614 1614 148 
99 182 1 0.5 182 4.83379 0.455 0 0 0 1695 1695 149 
100 187 1 0.5 187 5.65357 0.4675 0 0 0 1794 1794 153 
101 187 1 0.5 187 5.63764 0.4675 0 0 0 1895 1895 155 
102 187 1 0.5 187 5.63764 0.4675 0 0 0 1998 1998 159 
103 187 1 0.5 187 5.63764 0.4675 0 0 0 2102 2102 160 
104 187 1 0.5 187 5.63764 0.4675 0 0 0 2201 2201 161 
105 187 1 0.5 187 5.63764 0.4675 0 0 0 2311 2311 162 
106 187 1 0.5 187 5.63764 0.4675 0 0 0 2408 2408 163 
107 187 1 0.5 187 5.63764 0.4675 0 0 0 2504 2504 164 
108 187 1 0.5 187 5.63764 0.4675 0 0 0 2602 2602 165 
109 187 1 0.5 187 5.63764 0.4675 0 0 0 2705 2705 166 
110 187 1 0.5 187 5.63764 0.4675 0 0 0 2806 2806 167 
111 187 1 0.5 187 5.63764 0.4675 0 0 0 2904 2904 168 
112 187 1 0.5 187 5.63764 0.4675 0 0 0 3009 3009 169 
113 187 1 0.5 187 5.39017 0.4675 0 0 0 3110 3110 171 
114 187 1 0.5 187 5.39017 0.4675 0 0 0 3210 3210 172 
115 187 1 0.5 187 5.39017 0.4675 0 0 0 3309 3309 173 
116 187 1 0.5 187 5.39017 0.4675 0 0 0 3408 3408 174 
117 187 1 0.5 187 5.39017 0.4675 0 0 0 3508 3508 175 
118 187 1 0.5 187 5.39017 0.4675 0 0 0 3604 3604 176 
119 187 1 0.5 187 5.39017 0.4675 0 0 0 3708 3708 177 
120 193 1 0.5 193 5.64352 0.4825 0 0 0 3888 3888 181 
121 193 1 0.5 193 5.52343 0.4825 0 0 0 4019 4019 182 
122 193 1 0.5 193 5.52343 0.4825 0 0 0 4181 4181 183 
123 196 1 0.5 196 7.8186 0.49 0 0 0 4345 4345 186 
124 196 1 0.5 196 7.69851 0.49 0 0 0 4494 4494 187 
125 196 1 0.5 196 7.69851 0.49 0 0 0 4664 4664 189 
126 196 1 0.5 196 7.69851 0.49 0 0 0 4802 4802 192 
127 196 1 0.5 196 7.69851 0.49 0 0 0 4985 4985 198 
128 211 1 0.5 211 8.00481 0.5275 0 0 0 5278 5278 205 
129 211 1 0.5 211 8.00481 0.5275 0 0 0 5618 5618 209 
130 211 1 0.5 211 8.00481 0.5275 0 0 0 5936 5936 212 
131 211 1 0.5 211 8.00481 0.5275 0 0 0 6270 6270 214 
132 211 1 0.5 211 8.00481 0.5275 0 0 0 6621 6621 218 
133 211 1 0.5 211 8.00481 0.5275 0 0 0 7013 7013 219 
134 211 1 0.5 211 8.00481 0.5275 0 0 0 7402 7402 220 
135 211 1 0.5 211 8.00481 0.5275 0 0 0 7700 7700 221 
136 211 1 0.5 211 8.00481 0.5275 0 0 0 8022 8022 222 
137 211 1 0.5 211 8.00481 0.5275 0 0 0 8398 8398 225 
138 211 1 0.5 211 8.00481 0.5275 0 0 0 8794 8794 230 
139 211 1 0.5 211 8.00481 0.5275 0 0 0 9218 9218 232 
140 211 1 0.5 211 8.00481 0.5275 0 0 0 9548 9548 233 
141 211 1 0.5 211 7.99353 0.5275 0 0 0 9878 9878 234 
142 213 1 0.5 213 8.44796 0.5325 0 0 0 10209 10209 240 
143 213 1 0.5 213 8.44796 0.5325 0 0 0 10593 10593 247 
144 231 1 0.5 231 8.29454 0.5775 0 0 0 10818 10818 254 
145 232 1 0.5 232 8.45273 0.58 0 0 0 11027 11027 260 
146 232 1 0.5 232 8.45273 0.58 0 0 0 11311 11311 264 
147 232 1 0.5 232 8.31628 0.58 0 0 0 11523 11523 268 
148 232 1 0.5 232 8.31628 0.58 0 0 0 11742 11742 272 
149 232 1 0.5 232 8.31628 0.58 0 0 0 11963 11963 275 
150 232 1 0.5 232 8.31628 0.58 0 0 0 12217 12217 277 
151 232 1 0.5 232 8.30659 0.58 0 0 0 12423 12423 278 
152 232 1 0.5 232 8.30659 0.58 0 0 0 12658 12658 280 
153 232 1 0.5 232 8.30659 0.58 0 0 0 12956 12956 281 
154 233 1 0.5 233 9.39063 0.5825 0 0 0 13384 13384 286 
155 233 1 0.5 233 9.25637 0.5825 0 0 0 13773 13773 291 
156 233 1 0.5 233 9.17673 0.5825 0 0 0 14013 14013 296 
157 233 1 0.5 233 9.17673 0.5825 0 0 0 14243 14243 299 
158 233 1 0.5 233 9.17673 0.5825 0 0 0 14491 14491 300 
159 233 1 0.5 233 9.17673 0.5825 0 0 0 14768 14768 301 
160 233 1 0.5 233 9.17673 0.5825 0 0 0 15170 15170 307 
161 233 1 0.5 233 9.09425 0.5825 0 0 0 15399 15399 309 
162 233 1 0.5 233 9.09425 0.5825 0 0 0 15705 15705 312 
163 233 1 0.5 233 9.09425 0.5825 0 0 0 15953 15953 314 
164 233 1 0.5 233 9.09425 0.5825 0 0 0 16196 16196 318 
165 233 1 0.5 233 9.09425 0.5825 0 0 0 16446 16446 320 
166 233 1 0.5 233 9.09425 0.5825 0 0 0 16734 16734 324 
167 233 1 0.5 233 9.09425 0.5825 0 0 0 17117 17117 328 
168 233 1 0.5 233 9.09425 0.5825 0 0 0 17396 17396 332 
169 233 1 0.5 233 9.09425 0.5825 0 0 0 17727 17727 333 
170 233 1 0.5 233 9.09425 0.5825 0 0 0 17985 17985 334 
171 236 1 0.5 236 11.2837 0.59 0 0 0 18363 18363 342 
172 236 1 0.5 236 10.8637 0.59 0 0 0 18857 18857 347 
173 237 1 0.5 237 9.13783 0.5925 0 0 0 19393 19393 351 
174 237 1 0.5 237 9.13783 0.5925 0 0 0 19823 19823 353 
175 237 1 0.5 237 9.13783 0.5925 0 0 0 20334 20334 355 
176 237 1 0.5 237 9.052 0.5925 0 0 0 20787 20787 358 
177 237 1 0.5 237 9.02027 0.5925 0 0 0 21221 21221 360 
178 237 1 0.5 237 9.02027 0.5925 0 0 0 21685 21685 361 
179 237 1 0.5 237 6.87432 0.5925 0 0 0 22073 22073 365 
180 243 1 0.5 243 7.16435 0.6075 0 0 0 22821 22821 368 
181 245 1 0.5 245 6.74921 0.6125 0 0 0 23361 23361 371 
182 245 1 0.5 245 6.72747 0.6125 0 0 0 24153 24153 373 
183 253 1 0.5 253 7.2588 0.6325 0 0 0 25402 25402 378 
184 253 1 0.5 253 6.98675 0.6325 0 0 0 27165 27165 381 
185 253 1 0.5 253 6.98675 0.6325 0 0 0 29033 29033 382 
186 253 1 0.5 253 6.98675 0.6325 0 0 0 30583 30583 384 
187 253 1 0.5 253 6.98675 0.6325 0 0 0 31998 31998 385 
188 253 1 0.5 253 6.98675 0.6325 0 0 0 33515 33515 389 
189 253 1 0.5 253 6.98675 0.6325 0 0 0 34892 34892 390 
190 253 1 0.5 253 6.98675 0.6325 0 0 0 36705 36705 393 
191 253 1 0.5 253 6.98675 0.6325 0 0 0 38477 38477 394 
192 253 1 0.5 253 6.98675 0.6325 0 0 0 40475 40475 396 
193 253 1 0.5 253 6.98675 0.6325 0 0 0 42230 42230 397 
194 253 1 0.5 253 6.98675 0.6325 0 0 0 43678 43678 398 
195 253 1 0.5 253 6.98675 0.6325 0 0 0 45221 45221 399 
196 259 1 0.5 259 6.77742 0.6475 0 0 0 47313 47313 404 
197 259 1 0.5 259 6.77742 0.6475 0 0 0 49090 49090 405 
198 259 1 0.5 259 6.77742 0.6475 0 0 0 51179 51179 406 
199 259 1 0.5 259 6.77742 0.6475 0 0 0 52909 52909 407 
200 259 1 0.5 259 6.77742 0.6475 0 0 0 54635 54635 408 
201 259 1 0.5 259 6.77742 0.6475 0 0 0 56390 56390 410 
202 259 1 0.5 259 6.77742 0.6475 0 0 0 58379 58379 411 
203 259 1 0.5 259 6.77742 0.6475 0 0 0 60773 60773 413 
204 259 1 0.5 259 6.77742 0.6475 0 0 0 62646 62646 414 
205 259 1 0.5 259 6.77742 0.6475 0 0 0 65240 65240 416 
206 260 1 0.5 260 7.57708 0.65 0 0 0 70856 70856 419 
207 260 1 0.5 260 7.44748 0.65 0 0 0 76402 76402 421 
208 260 1 0.5 260 7.44748 0.65 0 0 0 81348 81348 422 
209 260 1 0.5 260 7.44748 0.65 0 0 0 87748 87748 423 
210 266 1 0.5 266 7.60758 0.665 0 0 0 93452 93452 425 
211 266 1 0.5 266 7.29717 0.665 0 0 0 98701 98701 428 
212 266 1 0.5 266 7.29717 0.665 0 0 0 104511 104511 429 
213 266 1 0.5 266 7.29717 0.665 0 0 0 112473 112473 430 
214 266 1 0.5 266 7.29717 0.665 0 0 0 117774 117774 432 
215 266 1 0.5 266 7.29717 0.665 0 0 0 124459 124459 433 
216 266 1 0.5 266 7.29717 0.665 0 0 0 132875 132875 434 
217 266 1 0.5 266 7.29717 0.665 0 0 0 137031 137031 435 
218 266 1 0.5 266 7.29717 0.665 0 0 0 147817 147817 436 
219 266 1 0.5 266 7.29717 0.665 0 0 0 152464 152464 437 
220 266 1 0.5 266 7.29717 0.665 0 0 0 160233 160233 438 
221 266 1 0.5 266 7.29717 0.665 0 0 0 170939 170939 439 
222 266 1 0.5 266 7.29717 0.665 0 0 0 182952 182952 441 
223 266 1 0.5 266 7.29717 0.665 0 0 0 191918 191918 442 
224 266 1 0.5 266 7.29717 0.665 0 0 0 201389 201389 443 
225 266 1 0.5 266 7.29717 0.665 0 0 0 209198 209198 444 
226 266 1 0.5 266 7.29717 0.665 0 0 0 216621 216621 446 
227 266 1 0.5 266 7.29717 0.665 0 0 0 225863 225863 447 
228 266 1 0.5 266 7.29717 0.665 0 0 0 235103 235103 450 
229 266 1 0.5 266 7.29717 0.665 0 0 0 245488 245488 452 
230 277 1 0.5 277 7.58774 0.6925 0 0 0 256539 256539 454 
231 277 1 0.5 277 7.58774 0.6925 0 0 0 271658 271658 455 
232 277 1 0.5 277 7.58774 0.6925 0 0 0 282530 282530 456 
233 277 1 0.5 277 7.58774 0.6925 0 0 0 291959 291959 457 
234 277 1 0.5 277 7.58774 0.6925 0 0 0 299456 299456 458 
235 277 1 0.5 277 7.58774 0.6925 0 0 0 307059 307059 459 
236 277 1 0.5 277 7.58774 0.6925 0 0 0 316321 316321 460 
237 277 1 0.5 277 7.58774 0.6925 0 0 0 330664 330664 464 
238 277 1 0.5 277 7.58774 0.6925 0 0 0 342939 342939 465 
239 277 1 0.5 277 7.58774 0.6925 0 0 0 351783 351783 466 
240 277 1 0.5 277 7.41614 0.6925 0 0 0 357656 357656 467 
241 277 1 0.5 277 7.41614 0.6925 0 0 0 369093 369093 468 
242 277 1 0.5 277 7.41614 0.6925 0 0 0 378169 378169 471 
243 277 1 0.5 277 7.41614 0.6925 0 0 0 388136 388136 472 
244 277 1 0.5 277 7.41614 0.6925 0 0 0 398277 398277 473 
245 283 1 0.5 283 7.75234 0.7075 0 0 0 412001 412001 475 
246 283 1 0.5 283 7.64707 0.7075 0 0 0 422570 422570 476 
247 283 1 0.5 283 7.64707 0.7075 0 0 0 437059 437059 478 
248 283 1 0.5 283 7.64707 0.7075 0 0 0 449688 449688 479 
249 283 1 0.5 283 7.64707 0.7075 0 0 0 460074 460074 480 
250 283 1 0.5 283 7.64707 0.7075 0 0 0 473257 473257 481 
251 284 1 0.5 284 10.7374 0.71 0 0 0 498096 498096 488 
252 284 1 0.5 284 10.7374 0.71 0 0 0 523982 523982 489 
253 284 1 0.5 284 10.1285 0.71 0 0 0 546244 546244 492 
254 284 1 0.5 284 10.1285 0.71 0 0 0 574691 574691 493 
255 284 1 0.5 284 10.1285 0.71 0 0 0 607650 607650 494 
256 284 1 0.5 284 10.1285 0.71 0 0 0 639977 639977 498 
257 284 1 0.5 284 10.1285 0.71 0 0 0 677088 677088 501 
258 284 1 0.5 284 10.1285 0.71 0 0 0 716666 716666 502 
259 284 1 0.5 284 10.1285 0.71 0 0 0 753118 753118 509 
260 284 1 0.5 284 10.1285 0.71 0 0 0 792110 792110 512 
261 284 1 0.5 284 10.1285 0.71 0 0 0 817227 817227 513 
262 284 1 0.5 284 10.1285 0.71 0 0 0 858136 858136 514 
263 284 1 0.5 284 10.1285 0.71 0 0 0 898255 898255 515 
264 284 1 0.5 284 10.1285 0.71 0 0 0 933992 933992 516 
265 284 1 0.5 284 10.1285 0.71 0 0 0 975186 975186 517 
266 284 1 0.5 284 10.1285 0.71 0 0 0 1005957 1005957 518 
267 284 1 0.5 284 10.1285 0.71 0 0 0 1040002 1040002 521 
268 284 1 0.5 284 10.1285 0.71 0 0 0 1072235 1072235 522 
269 284 1 0.5 284 10.1285 0.71 0 0 0 1113741 1113741 524 
270 284 1 0.5 284 10.1285 0.71 0 0 0 1148264 1148264 527 
271 284 1 0.5 284 10.1285 0.71 0 0 0 1179781 1179781 528 
272 284 1 0.5 284 10.1285 0.71 0 0 0 1219929 1219929 529 
273 284 1 0.5 284 10.1285 0.71 0 0 0 1247338 1247338 532 
274 284 1 0.5 284 10.1285 0.71 0 0 0 1290633 1290633 533 
275 284 1 0.5 284 10.1285 0.71 0 0 0 1326235 1326235 534 
276 284 1 0.5 284 10.1285 0.71 0 0 0 1365938 1365938 535 
277 284 1 0.5 284 10.0805 0.71 0 0 0 1401834 1401834 536 
278 284 1 0.5 284 10.0805 0.71 0 0 0 1434427 1434427 539 
279 284 1 0.5 284 10.0805 0.71 0 0 0 1486395 1486395 541 
280 287 1 0.5 287 12.3579 0.7175 0 0 0 1524709 1524709 547 
281 295 1 0.5 295 10.4523 0.7375 0 0 0 1548037 1548037 550 
282 295 1 0.5 295 10.1508 0.7375 0 0 0 1586204 1586204 551 
283 295 1 0.5 295 10.1508 0.7375 0 0 0 1637879 1637879 552 
284 295 1 0.5 295 10.1508 0.7375 0 0 0 1675412 1675412 557 
285 295 1 0.5 295 10.1508 0.7375 0 0 0 1723520 1723520 558 
286 295 1 0.5 295 10.1508 0.7375 0 0 0 1764071 1764071 559 
