1 105 1 10 105 0 0.2625 0 0 0 0 0 0 
2 108 1 10 108 0.1 0.27 0 0 0 0 0 1 
3 110 1 10 110 0.195919 0.275 0 0 0 0 0 3 
4 112 1 10 112 0.295919 0.28 0 0 0 0 0 4 
5 114 1 10 114 0.395919 0.285 0 0 0 0 0 5 
6 115 1 10 115 0.488365 0.2875 0 0 0 0 0 7 
7 115 1 10 115 0.488365 0.2875 0 0 0 0 0 8 
8 122 1 10 122 0.62186 0.305 0 0 0 0 0 10 
9 122 1 10 122 0.62186 0.305 0 0 0 0 0 11 
10 122 1 10 122 0.62186 0.305 0 0 0 0 0 12 
11 131 1 10 131 0.72186 0.3275 0 0 0 0 0 13 
12 131 1 10 131 0.72186 0.3275 0 0 0 0 0 14 
13 132 1 10 132 1.03084 0.33 0 0 0 0 0 16 
14 133 1 10 133 1.15732 0.3325 0 0 0 0 0 19 
15 141 1 10 141 1.25557 0.3525 0 0 0 0 0 22 
16 141 1 10 141 1.25557 0.3525 0 0 0 0 0 23 
17 142 1 10 142 1.40416 0.355 0 0 0 0 0 25 
18 143 1 10 143 1.50416 0.3575 0 0 0 0 0 26 
19 145 1 10 145 1.65811 0.3625 0 0 0 0 0 28 
20 145 1 10 145 1.65811 0.3625 0 0 0 0 0 29 
21 145 1 10 145 1.65811 0.3625 0 0 0 0 0 30 
22 145 1 10 145 1.65811 0.3625 0 0 0 0 0 31 
23 146 1 10 146 1.7409 0.365 0 0 0 0 0 33 
24 146 1 10 146 1.7409 0.365 0 0 0 0 0 34 
25 147 1 10 147 2.02836 0.3675 0 0 0 0 0 36 
26 148 1 10 148 2.08592 0.37 0 0 0 0 0 38 
27 148 1 10 148 2.08592 0.37 0 0 0 0 0 42 
28 148 1 10 148 2.08592 0.37 0 0 0 0 0 43 
29 148 1 10 148 2.08592 0.37 0 0 0 0 0 44 
30 150 1 10 150 2.51612 0.375 0 0 0 1 1 46 
31 150 1 10 150 2.51612 0.375 0 0 0 2 2 47 
32 150 1 10 150 2.51612 0.375 0 0 0 3 3 48 
33 150 1 10 150 2.51612 0.375 0 0 0 5 5 49 
34 150 1 10 150 2.51612 0.375 0 0 0 6 6 50 
35 150 1 10 150 2.51612 0.375 0 0 0 7 7 51 
36 150 1 10 150 2.51612 0.375 0 0 0 8 8 52 
37 150 1 10 150 2.51612 0.375 0 0 0 9 9 53 
38 150 1 10 150 2.51612 0.375 0 0 0 10 10 54 
39 150 1 10 150 2.51612 0.375 0 0 0 11 11 55 
40 150 1 10 150 2.51612 0.375 0 0 0 12 12 56 
41 150 1 10 150 2.51612 0.375 0 0 0 13 13 57 
42 150 1 10 150 2.51612 0.375 0 0 0 14 14 58 
43 151 1 10 151 3.0701 0.3775 0 0 0 15 15 60 
44 152 1 10 152 3.12806 0.38 0 0 0 16 16 62 
45 152 1 10 152 3.12806 0.38 0 0 0 17 17 63 
46 152 1 10 152 3.12806 0.38 0 0 0 18 18 64 
47 152 1 10 152 3.12806 0.38 0 0 0 19 19 65 
48 152 1 10 152 3.12806 0.38 0 0 0 20 20 66 
49 152 1 10 152 3.12806 0.38 0 0 0 21 21 67 
50 152 1 10 152 3.12806 0.38 0 0 0 22 22 68 
51 152 1 10 152 3.12806 0.38 0 0 0 23 23 69 
52 152 1 10 152 3.12806 0.38 0 0 0 24 24 70 
53 152 1 10 152 3.12806 0.38 0 0 0 25 25 71 
54 152 1 10 152 3.12806 0.38 0 0 0 26 26 72 
55 159 1 10 159 3.53263 0.3975 0 0 0 27 27 74 
56 159 1 10 159 3.53263 0.3975 0 0 0 28 28 75 
57 165 1 10 165 3.88679 0.4125 0 0 0 30 30 78 
58 165 1 10 165 3.88679 0.4125 0 0 0 32 32 79 
59 165 1 10 165 3.88679 0.4125 0 0 0 34 34 80 
60 165 1 10 165 3.88679 0.4125 0 0 0 36 36 81 
61 165 1 10 165 3.88679 0.4125 0 0 0 38 38 82 
62 166 1 10 166 4.53395 0.415 0 0 0 40 40 85 
63 166 1 10 166 4.53395 0.415 0 0 0 42 42 86 
64 166 1 10 166 4.53395 0.415 0 0 0 44 44 87 
65 166 1 10 166 4.53395 0.415 0 0 0 47 47 88 
66 166 1 10 166 4.53395 0.415 0 0 0 49 49 89 
67 166 1 10 166 4.53395 0.415 0 0 0 51 51 90 
68 166 1 10 166 4.53395 0.415 0 0 0 53 53 91 
69 166 1 10 166 4.53395 0.415 0 0 0 55 55 92 
70 166 1 10 166 4.53395 0.415 0 0 0 57 57 95 
71 166 1 10 166 4.53395 0.415 0 0 0 59 59 96 
72 166 1 10 166 4.53395 0.415 0 0 0 61 61 97 
73 166 1 10 166 4.53395 0.415 0 0 0 63 63 98 
74 166 1 10 166 4.53395 0.415 0 0 0 65 65 99 
75 166 1 10 166 4.53395 0.415 0 0 0 67 67 100 
76 166 1 10 166 4.53395 0.415 0 0 0 69 69 101 
77 166 1 10 166 4.53395 0.415 0 0 0 71 71 102 
78 166 1 10 166 4.53395 0.415 0 0 0 73 73 103 
79 166 1 10 166 4.53395 0.415 0 0 0 75 75 104 
80 166 1 10 166 4.53395 0.415 0 0 0 77 77 105 
81 166 1 10 166 4.53395 0.415 0 0 0 79 79 106 
82 166 1 10 166 4.53395 0.415 0 0 0 81 81 107 
83 166 1 10 166 4.53395 0.415 0 0 0 84 84 108 
84 166 1 10 166 4.53395 0.415 0 0 0 86 86 109 
85 166 1 10 166 4.53395 0.415 0 0 0 88 88 110 
86 166 1 10 166 4.53395 0.415 0 0 0 90 90 111 
87 166 1 10 166 4.53395 0.415 0 0 0 92 92 112 
88 166 1 10 166 4.53395 0.415 0 0 0 94 94 115 
89 166 1 10 166 4.53395 0.415 0 0 0 96 96 116 
90 166 1 10 166 4.53395 0.415 0 0 0 99 99 117 
91 166 1 10 166 4.53395 0.415 0 0 0 101 101 118 
92 166 1 10 166 4.53395 0.415 0 0 0 103 103 119 
93 166 1 10 166 4.53395 0.415 0 0 0 106 106 120 
94 166 1 10 166 4.53395 0.415 0 0 0 109 109 121 
95 178 1 10 178 5.95551 0.445 0 0 0 111 111 125 
96 181 1 10 181 6.91491 0.4525 0 0 0 115 115 128 
97 182 1 10 182 6.95297 0.455 0 0 0 119 119 130 
98 182 1 10 182 6.95297 0.455 0 0 0 123 123 131 
99 182 1 10 182 6.95297 0.455 0 0 0 126 126 132 
100 187 1 10 187 7.50161 0.4675 0 0 0 130 130 135 
101 187 1 10 187 7.50161 0.4675 0 0 0 134 134 136 
102 187 1 10 187 7.50161 0.4675 0 0 0 138 138 137 
103 187 1 10 187 7.50161 0.4675 0 0 0 142 142 138 
104 187 1 10 187 7.50161 0.4675 0 0 0 146 146 139 
105 187 1 10 187 7.50161 0.4675 0 0 0 150 150 140 
106 187 1 10 187 7.50161 0.4675 0 0 0 154 154 141 
107 187 1 10 187 7.50161 0.4675 0 0 0 158 158 142 
108 187 1 10 187 7.50161 0.4675 0 0 0 162 162 143 
109 187 1 10 187 7.50161 0.4675 0 0 0 166 166 144 
110 187 1 10 187 7.50161 0.4675 0 0 0 170 170 145 
111 187 1 10 187 7.50161 0.4675 0 0 0 174 174 146 
112 187 1 10 187 7.50161 0.4675 0 0 0 178 178 147 
113 187 1 10 187 7.50161 0.4675 0 0 0 183 183 148 
114 187 1 10 187 7.50161 0.4675 0 0 0 187 187 149 
115 187 1 10 187 7.50161 0.4675 0 0 0 191 191 150 
116 187 1 10 187 7.50161 0.4675 0 0 0 196 196 151 
117 187 1 10 187 7.50161 0.4675 0 0 0 201 201 152 
118 187 1 10 187 7.50161 0.4675 0 0 0 205 205 153 
119 187 1 10 187 7.50161 0.4675 0 0 0 210 210 154 
120 193 1 10 193 7.82983 0.4825 0 0 0 214 214 160 
121 193 1 10 193 7.82983 0.4825 0 0 0 218 218 161 
122 193 1 10 193 7.82983 0.4825 0 0 0 222 222 162 
123 196 1 10 196 10.0199 0.49 0 0 0 229 229 166 
124 196 1 10 196 10.0199 0.49 0 0 0 236 236 167 
125 196 1 10 196 10.0199 0.49 0 0 0 243 243 168 
126 196 1 10 196 10.0199 0.49 0 0 0 250 250 169 
127 196 1 10 196 10.0199 0.49 0 0 0 260 260 175 
128 211 1 10 211 11.6161 0.5275 0 0 0 270 270 182 
129 211 1 10 211 11.6161 0.5275 0 0 0 279 279 183 
130 211 1 10 211 11.6161 0.5275 0 0 0 289 289 184 
131 211 1 10 211 11.6161 0.5275 0 0 0 299 299 185 
132 211 1 10 211 11.6161 0.5275 0 0 0 310 310 186 
133 211 1 10 211 11.6161 0.5275 0 0 0 320 320 187 
134 211 1 10 211 11.6161 0.5275 0 0 0 330 330 188 
135 211 1 10 211 11.6161 0.5275 0 0 0 341 341 189 
136 211 1 10 211 11.6161 0.5275 0 0 0 351 351 190 
137 211 1 10 211 11.6161 0.5275 0 0 0 362 362 191 
138 211 1 10 211 11.6161 0.5275 0 0 0 372 372 192 
139 211 1 10 211 11.6161 0.5275 0 0 0 382 382 193 
140 211 1 10 211 11.6161 0.5275 0 0 0 392 392 194 
141 211 1 10 211 11.6161 0.5275 0 0 0 402 402 195 
142 213 1 10 213 11.952 0.5325 0 0 0 411 411 202 
143 213 1 10 213 11.952 0.5325 0 0 0 421 421 203 
144 231 1 10 231 13.6459 0.5775 0 0 0 428 428 208 
145 232 1 10 232 13.6705 0.58 0 0 0 436 436 212 
146 232 1 10 232 13.6705 0.58 0 0 0 444 444 213 
147 232 1 10 232 13.6705 0.58 0 0 0 451 451 214 
148 232 1 10 232 13.6705 0.58 0 0 0 458 458 215 
149 232 1 10 232 13.6705 0.58 0 0 0 465 465 216 
150 232 1 10 232 13.6705 0.58 0 0 0 473 473 217 
151 232 1 10 232 13.6705 0.58 0 0 0 481 481 218 
152 232 1 10 232 13.6705 0.58 0 0 0 489 489 219 
153 232 1 10 232 13.5939 0.58 0 0 0 497 497 222 
154 233 1 10 233 14.5034 0.5825 0 0 0 508 508 227 
155 233 1 10 233 14.5034 0.5825 0 0 0 519 519 228 
156 233 1 10 233 14.5034 0.5825 0 0 0 531 531 229 
157 233 1 10 233 14.5034 0.5825 0 0 0 543 543 230 
158 233 1 10 233 14.5034 0.5825 0 0 0 556 556 231 
159 233 1 10 233 14.5034 0.5825 0 0 0 568 568 232 
160 233 1 10 233 14.5034 0.5825 0 0 0 581 581 233 
161 233 1 10 233 14.5034 0.5825 0 0 0 594 594 234 
162 233 1 10 233 14.5034 0.5825 0 0 0 607 607 235 
163 233 1 10 233 14.5034 0.5825 0 0 0 619 619 236 
164 233 1 10 233 14.5034 0.5825 0 0 0 631 631 237 
165 233 1 10 233 14.5034 0.5825 0 0 0 644 644 238 
166 233 1 10 233 14.5034 0.5825 0 0 0 657 657 239 
167 233 1 10 233 14.5034 0.5825 0 0 0 669 669 240 
168 233 1 10 233 14.5034 0.5825 0 0 0 682 682 241 
169 233 1 10 233 14.5034 0.5825 0 0 0 696 696 242 
170 233 1 10 233 14.5034 0.5825 0 0 0 709 709 243 
171 236 1 10 236 17.0214 0.59 0 0 0 757 757 250 
172 236 1 10 236 17.0214 0.59 0 0 0 804 804 251 
173 237 1 10 237 14.6815 0.5925 0 0 0 818 818 255 
174 237 1 10 237 14.6815 0.5925 0 0 0 831 831 256 
175 237 1 10 237 14.6815 0.5925 0 0 0 844 844 257 
176 237 1 10 237 14.6815 0.5925 0 0 0 857 857 258 
177 237 1 10 237 14.6815 0.5925 0 0 0 870 870 259 
178 237 1 10 237 14.6815 0.5925 0 0 0 883 883 260 
179 237 1 10 237 12.2081 0.5925 0 0 0 890 890 262 
180 243 1 10 243 15.2957 0.6075 0 0 0 899 899 269 
181 245 1 10 245 15.3537 0.6125 0 0 0 908 908 271 
182 245 1 10 245 15.3537 0.6125 0 0 0 917 917 272 
183 253 1 10 253 14.3525 0.6325 0 0 0 926 926 277 
184 253 1 10 253 14.3525 0.6325 0 0 0 934 934 278 
185 253 1 10 253 14.3525 0.6325 0 0 0 942 942 279 
186 253 1 10 253 14.3525 0.6325 0 0 0 949 949 280 
187 253 1 10 253 14.3525 0.6325 0 0 0 959 959 281 
188 253 1 10 253 14.3525 0.6325 0 0 0 967 967 282 
189 253 1 10 253 14.3525 0.6325 0 0 0 976 976 283 
190 253 1 10 253 14.3525 0.6325 0 0 0 985 985 284 
191 253 1 10 253 14.3525 0.6325 0 0 0 993 993 285 
192 253 1 10 253 14.3525 0.6325 0 0 0 1002 1002 286 
193 253 1 10 253 14.3525 0.6325 0 0 0 1010 1010 287 
194 253 1 10 253 14.3525 0.6325 0 0 0 1019 1019 288 
195 253 1 10 253 14.3525 0.6325 0 0 0 1027 1027 289 
196 259 1 10 259 14.5393 0.6475 0 0 0 1036 1036 291 
197 259 1 10 259 14.5393 0.6475 0 0 0 1045 1045 292 
198 259 1 10 259 14.5393 0.6475 0 0 0 1054 1054 293 
199 259 1 10 259 14.5393 0.6475 0 0 0 1063 1063 294 
200 259 1 10 259 14.5393 0.6475 0 0 0 1072 1072 295 
201 259 1 10 259 14.5393 0.6475 0 0 0 1081 1081 296 
202 259 1 10 259 14.5393 0.6475 0 0 0 1090 1090 297 
203 259 1 10 259 14.5393 0.6475 0 0 0 1099 1099 298 
204 259 1 10 259 14.5393 0.6475 0 0 0 1109 1109 299 
205 259 1 10 259 14.5393 0.6475 0 0 0 1118 1118 300 
206 260 1 10 260 15.2382 0.65 0 0 0 1128 1128 304 
207 260 1 10 260 15.2382 0.65 0 0 0 1138 1138 305 
208 260 1 10 260 15.2382 0.65 0 0 0 1148 1148 306 
209 260 1 10 260 15.2382 0.65 0 0 0 1158 1158 307 
210 266 1 10 266 15.293 0.665 0 0 0 1168 1168 309 
211 266 1 10 266 15.293 0.665 0 0 0 1178 1178 310 
212 266 1 10 266 15.293 0.665 0 0 0 1188 1188 311 
213 266 1 10 266 15.293 0.665 0 0 0 1199 1199 312 
214 266 1 10 266 15.293 0.665 0 0 0 1209 1209 313 
215 266 1 10 266 15.293 0.665 0 0 0 1219 1219 314 
216 266 1 10 266 15.293 0.665 0 0 0 1230 1230 315 
217 266 1 10 266 15.293 0.665 0 0 0 1240 1240 316 
218 266 1 10 266 15.293 0.665 0 0 0 1251 1251 317 
219 266 1 10 266 15.293 0.665 0 0 0 1261 1261 318 
220 266 1 10 266 15.293 0.665 0 0 0 1272 1272 319 
221 266 1 10 266 15.293 0.665 0 0 0 1283 1283 320 
222 266 1 10 266 15.293 0.665 0 0 0 1294 1294 321 
223 266 1 10 266 15.293 0.665 0 0 0 1305 1305 322 
224 266 1 10 266 15.293 0.665 0 0 0 1317 1317 323 
225 266 1 10 266 15.293 0.665 0 0 0 1328 1328 324 
226 266 1 10 266 15.293 0.665 0 0 0 1339 1339 325 
227 266 1 10 266 15.293 0.665 0 0 0 1350 1350 326 
228 266 1 10 266 15.293 0.665 0 0 0 1361 1361 327 
229 266 1 10 266 15.293 0.665 0 0 0 1372 1372 328 
230 277 1 10 277 15.35 0.6925 0 0 0 1384 1384 330 
231 277 1 10 277 15.35 0.6925 0 0 0 1395 1395 331 
232 277 1 10 277 15.35 0.6925 0 0 0 1407 1407 332 
233 277 1 10 277 15.35 0.6925 0 0 0 1419 1419 333 
234 277 1 10 277 15.35 0.6925 0 0 0 1431 1431 334 
235 277 1 10 277 15.35 0.6925 0 0 0 1443 1443 335 
236 277 1 10 277 15.35 0.6925 0 0 0 1455 1455 336 
237 277 1 10 277 15.35 0.6925 0 0 0 1467 1467 337 
238 277 1 10 277 15.35 0.6925 0 0 0 1480 1480 338 
239 277 1 10 277 15.35 0.6925 0 0 0 1493 1493 339 
240 277 1 10 277 15.35 0.6925 0 0 0 1505 1505 340 
241 277 1 10 277 15.35 0.6925 0 0 0 1518 1518 341 
242 277 1 10 277 15.35 0.6925 0 0 0 1531 1531 342 
243 277 1 10 277 15.35 0.6925 0 0 0 1544 1544 343 
244 277 1 10 277 15.35 0.6925 0 0 0 1557 1557 344 
245 283 1 10 283 15.4121 0.7075 0 0 0 1570 1570 346 
246 283 1 10 283 15.4121 0.7075 0 0 0 1584 1584 347 
247 283 1 10 283 15.4121 0.7075 0 0 0 1598 1598 348 
248 283 1 10 283 15.4121 0.7075 0 0 0 1611 1611 349 
249 283 1 10 283 15.4121 0.7075 0 0 0 1625 1625 350 
250 283 1 10 283 15.4121 0.7075 0 0 0 1638 1638 351 
251 284 1 10 284 19.5487 0.71 0 0 0 1655 1655 358 
252 284 1 10 284 19.5487 0.71 0 0 0 1673 1673 359 
253 284 1 10 284 19.5487 0.71 0 0 0 1694 1694 369 
254 284 1 10 284 19.5487 0.71 0 0 0 1716 1716 374 
255 284 1 10 284 19.5487 0.71 0 0 0 1736 1736 379 
256 284 1 10 284 19.5487 0.71 0 0 0 1758 1758 380 
257 284 1 10 284 19.5487 0.71 0 0 0 1778 1778 381 
258 284 1 10 284 19.5487 0.71 0 0 0 1797 1797 382 
259 284 1 10 284 19.5487 0.71 0 0 0 1816 1816 383 
260 284 1 10 284 19.5487 0.71 0 0 0 1834 1834 384 
261 284 1 10 284 19.5487 0.71 0 0 0 1853 1853 385 
262 284 1 10 284 19.5487 0.71 0 0 0 1872 1872 388 
263 284 1 10 284 19.5487 0.71 0 0 0 1892 1892 389 
264 284 1 10 284 19.5487 0.71 0 0 0 1915 1915 390 
265 284 1 10 284 19.5487 0.71 0 0 0 1935 1935 396 
266 284 1 10 284 19.5487 0.71 0 0 0 1955 1955 398 
267 284 1 10 284 19.5487 0.71 0 0 0 1974 1974 399 
268 284 1 10 284 19.5487 0.71 0 0 0 1994 1994 400 
269 284 1 10 284 19.5487 0.71 0 0 0 2013 2013 401 
270 284 1 10 284 19.5487 0.71 0 0 0 2033 2033 402 
271 284 1 10 284 19.5487 0.71 0 0 0 2053 2053 403 
272 284 1 10 284 19.5487 0.71 0 0 0 2073 2073 404 
273 284 1 10 284 19.5487 0.71 0 0 0 2093 2093 405 
274 284 1 10 284 19.5487 0.71 0 0 0 2114 2114 407 
275 284 1 10 284 19.5487 0.71 0 0 0 2135 2135 408 
276 284 1 10 284 19.5487 0.71 0 0 0 2155 2155 409 
277 284 1 10 284 19.5487 0.71 0 0 0 2175 2175 410 
278 284 1 10 284 19.5487 0.71 0 0 0 2195 2195 411 
279 284 1 10 284 19.5487 0.71 0 0 0 2216 2216 412 
280 287 1 10 287 22.9457 0.7175 0 0 0 2249 2249 418 
281 295 1 10 295 19.7587 0.7375 0 0 0 2271 2271 424 
282 295 1 10 295 19.7587 0.7375 0 0 0 2293 2293 425 
283 295 1 10 295 19.7587 0.7375 0 0 0 2315 2315 426 
284 295 1 10 295 19.7587 0.7375 0 0 0 2338 2338 427 
285 295 1 10 295 19.7587 0.7375 0 0 0 2360 2360 428 
286 295 1 10 295 19.7587 0.7375 0 0 0 2382 2382 429 
287 295 1 10 295 19.7587 0.7375 0 0 0 2404 2404 430 
288 298 1 10 298 21.9883 0.745 0 0 0 2429 2429 437 
289 298 1 10 298 21.9883 0.745 0 0 0 2454 2454 438 
290 300 1 10 300 22.4556 0.75 0 0 0 2480 2480 444 
291 300 1 10 300 22.3469 0.75 0 0 0 2506 2506 448 
292 300 1 10 300 22.3209 0.75 0 0 0 2530 2530 449 
293 300 1 10 300 22.3209 0.75 0 0 0 2554 2554 450 
294 300 1 10 300 22.3209 0.75 0 0 0 2579 2579 451 
295 300 1 10 300 22.3209 0.75 0 0 0 2604 2604 452 
296 300 1 10 300 22.3209 0.75 0 0 0 2628 2628 453 
297 300 1 10 300 22.3209 0.75 0 0 0 2653 2653 454 
298 304 1 10 304 25.8504 0.76 0 0 0 2683 2683 463 
299 304 1 10 304 25.8393 0.76 0 0 0 2711 2711 466 
300 304 1 10 304 25.8178 0.76 0 0 0 2741 2741 470 
301 304 1 10 304 25.8133 0.76 0 0 0 2770 2770 471 
302 304 1 10 304 25.8033 0.76 0 0 0 2798 2798 472 
303 304 1 10 304 25.8033 0.76 0 0 0 2826 2826 473 
304 304 1 10 304 25.8033 0.76 0 0 0 2855 2855 474 
305 304 1 10 304 25.8033 0.76 0 0 0 2883 2883 475 
306 304 1 10 304 25.8033 0.76 0 0 0 2912 2912 476 
307 304 1 10 304 25.8033 0.76 0 0 0 2941 2941 477 
308 304 1 10 304 25.8033 0.76 0 0 0 2970 2970 478 
309 304 1 10 304 25.8033 0.76 0 0 0 2998 2998 479 
310 304 1 10 304 25.8033 0.76 0 0 0 3027 3027 480 
311 304 1 10 304 25.8033 0.76 0 0 0 3056 3056 481 
312 304 1 10 304 25.8033 0.76 0 0 0 3091 3091 484 
313 304 1 10 304 25.8033 0.76 0 0 0 3125 3125 485 
314 304 1 10 304 25.8033 0.76 0 0 0 3158 3158 488 
315 305 1 10 305 27.029 0.7625 0 0 0 3202 3202 499 
316 305 1 10 305 26.5473 0.7625 0 0 0 3246 3246 507 
317 305 1 10 305 26.5473 0.7625 0 0 0 3290 3290 508 
318 305 1 10 305 26.3842 0.7625 0 0 0 3333 3333 511 
319 305 1 10 305 26.3842 0.7625 0 0 0 3375 3375 513 
320 305 1 10 305 26.3842 0.7625 0 0 0 3417 3417 518 
321 305 1 10 305 26.3842 0.7625 0 0 0 3457 3457 520 
322 305 1 10 305 26.3842 0.7625 0 0 0 3494 3494 522 
323 305 1 10 305 26.3842 0.7625 0 0 0 3531 3531 523 
324 305 1 10 305 26.3842 0.7625 0 0 0 3572 3572 526 
325 305 1 10 305 26.3842 0.7625 0 0 0 3609 3609 527 
326 305 1 10 305 26.3842 0.7625 0 0 0 3647 3647 528 
327 305 1 10 305 26.3842 0.7625 0 0 0 3686 3686 529 
328 305 1 10 305 26.3842 0.7625 0 0 0 3724 3724 530 
329 305 1 10 305 26.3842 0.7625 0 0 0 3762 3762 531 
330 305 1 10 305 26.3842 0.7625 0 0 0 3803 3803 536 
331 305 1 10 305 26.3842 0.7625 0 0 0 3841 3841 537 
332 305 1 10 305 26.3842 0.7625 0 0 0 3879 3879 538 
333 305 1 10 305 26.3842 0.7625 0 0 0 3923 3923 540 
334 305 1 10 305 26.3842 0.7625 0 0 0 3961 3961 541 
335 305 1 10 305 26.3842 0.7625 0 0 0 4003 4003 542 
336 305 1 10 305 26.3842 0.7625 0 0 0 4046 4046 545 
337 305 1 10 305 26.3842 0.7625 0 0 0 4083 4083 547 
338 305 1 10 305 26.3842 0.7625 0 0 0 4127 4127 548 
339 305 1 10 305 26.3842 0.7625 0 0 0 4166 4166 549 
340 305 1 10 305 26.3842 0.7625 0 0 0 4205 4205 550 
341 305 1 10 305 26.3842 0.7625 0 0 0 4243 4243 551 
342 305 1 10 305 26.3842 0.7625 0 0 0 4286 4286 552 
343 305 1 10 305 26.3842 0.7625 0 0 0 4324 4324 553 
344 305 1 10 305 26.3842 0.7625 0 0 0 4354 4354 558 
345 305 1 10 305 26.3842 0.7625 0 0 0 4384 4384 559 
346 305 1 10 305 26.3842 0.7625 0 0 0 4424 4424 562 
347 305 1 10 305 26.3842 0.7625 0 0 0 4464 4464 565 
348 306 1 10 306 26.6455 0.765 0 0 0 4510 4510 569 
349 306 1 10 306 26.5961 0.765 0 0 0 4548 4548 573 
350 306 1 10 306 26.5033 0.765 0 0 0 4588 4588 574 
351 306 1 10 306 26.5033 0.765 0 0 0 4627 4627 575 
352 306 1 10 306 26.5033 0.765 0 0 0 4667 4667 578 
353 306 1 10 306 26.5033 0.765 0 0 0 4708 4708 579 
354 306 1 10 306 26.5033 0.765 0 0 0 4749 4749 580 
355 306 1 10 306 26.5033 0.765 0 0 0 4789 4789 581 
356 306 1 10 306 26.5033 0.765 0 0 0 4829 4829 582 
357 306 1 10 306 26.5033 0.765 0 0 0 4860 4860 594 
358 312 1 10 312 32.0505 0.78 0 0 0 4918 4918 603 
359 312 1 10 312 28.1363 0.78 0 0 0 4990 4990 615 
360 312 1 10 312 28.1363 0.78 0 0 0 5061 5061 616 
361 312 1 10 312 28.1363 0.78 0 0 0 5131 5131 617 
362 312 1 10 312 28.1363 0.78 0 0 0 5201 5201 618 
363 312 1 10 312 28.1363 0.78 0 0 0 5271 5271 619 
364 312 1 10 312 28.1363 0.78 0 0 0 5341 5341 620 
365 312 1 10 312 28.1363 0.78 0 0 0 5409 5409 621 
366 312 1 10 312 28.1363 0.78 0 0 0 5478 5478 622 
367 312 1 10 312 28.1363 0.78 0 0 0 5548 5548 623 
368 312 1 10 312 27.9355 0.78 0 0 0 5618 5618 626 
369 312 1 10 312 27.9355 0.78 0 0 0 5689 5689 627 
370 312 1 10 312 27.9355 0.78 0 0 0 5768 5768 631 
371 312 1 10 312 27.9355 0.78 0 0 0 5846 5846 637 
372 312 1 10 312 27.9355 0.78 0 0 0 5889 5889 644 
373 312 1 10 312 27.9355 0.78 0 0 0 5932 5932 645 
374 312 1 10 312 27.9355 0.78 0 0 0 5974 5974 646 
375 312 1 10 312 27.9355 0.78 0 0 0 6016 6016 647 
376 312 1 10 312 27.9355 0.78 0 0 0 6058 6058 648 
377 312 1 10 312 27.9355 0.78 0 0 0 6102 6102 649 
378 312 1 10 312 27.9355 0.78 0 0 0 6145 6145 650 
379 312 1 10 312 27.9355 0.78 0 0 0 6188 6188 651 
380 312 1 10 312 27.9355 0.78 0 0 0 6231 6231 652 
381 312 1 10 312 27.9355 0.78 0 0 0 6274 6274 653 
382 312 1 10 312 27.9355 0.78 0 0 0 6317 6317 654 
383 314 1 10 314 29.9355 0.785 0 0 0 6358 6358 671 
384 314 1 10 314 29.9355 0.785 0 0 0 6401 6401 672 
385 314 1 10 314 29.7809 0.785 0 0 0 6444 6444 675 
386 314 1 10 314 29.7809 0.785 0 0 0 6487 6487 676 
387 314 1 10 314 29.7809 0.785 0 0 0 6531 6531 677 
388 314 1 10 314 29.7809 0.785 0 0 0 6575 6575 678 
389 314 1 10 314 29.7809 0.785 0 0 0 6618 6618 679 
390 314 1 10 314 29.7809 0.785 0 0 0 6663 6663 680 
391 314 1 10 314 29.7809 0.785 0 0 0 6707 6707 681 
392 314 1 10 314 29.7809 0.785 0 0 0 6751 6751 682 
393 314 1 10 314 29.7809 0.785 0 0 0 6795 6795 683 
394 314 1 10 314 29.3417 0.785 0 0 0 6859 6859 690 
395 318 1 10 318 30.3667 0.795 0 0 0 6934 6934 698 
396 321 1 10 321 30.408 0.8025 0 0 0 7001 7001 703 
397 322 1 10 322 30.3624 0.805 0 0 0 7072 7072 709 
398 322 1 10 322 30.3624 0.805 0 0 0 7143 7143 710 
399 322 1 10 322 30.3624 0.805 0 0 0 7214 7214 711 
400 322 1 10 322 30.3624 0.805 0 0 0 7284 7284 712 
401 322 1 10 322 30.3624 0.805 0 0 0 7354 7354 713 
402 322 1 10 322 30.3624 0.805 0 0 0 7425 7425 714 
403 322 1 10 322 30.3624 0.805 0 0 0 7497 7497 715 
404 322 1 10 322 30.3624 0.805 0 0 0 7567 7567 716 
405 322 1 10 322 30.3624 0.805 0 0 0 7640 7640 717 
406 323 1 10 323 30.668 0.8075 0 0 0 7708 7708 723 
407 323 1 10 323 30.668 0.8075 0 0 0 7776 7776 724 
408 323 1 10 323 30.668 0.8075 0 0 0 7845 7845 725 
409 323 1 10 323 30.668 0.8075 0 0 0 7913 7913 726 
410 323 1 10 323 30.668 0.8075 0 0 0 7982 7982 728 
411 323 1 10 323 30.668 0.8075 0 0 0 8052 8052 729 
412 323 1 10 323 30.668 0.8075 0 0 0 8122 8122 730 
413 323 1 10 323 30.668 0.8075 0 0 0 8192 8192 731 
414 341 1 10 341 30.7373 0.8525 0 0 0 8262 8262 736 
415 341 1 10 341 30.7373 0.8525 0 0 0 8332 8332 737 
416 341 1 10 341 30.7373 0.8525 0 0 0 8403 8403 740 
417 341 1 10 341 30.7373 0.8525 0 0 0 8473 8473 741 
418 341 1 10 341 30.7373 0.8525 0 0 0 8543 8543 742 
419 341 1 10 341 30.7373 0.8525 0 0 0 8614 8614 743 
420 341 1 10 341 30.7373 0.8525 0 0 0 8686 8686 744 
421 341 1 10 341 30.7373 0.8525 0 0 0 8758 8758 745 
422 341 1 10 341 30.7373 0.8525 0 0 0 8830 8830 746 
423 341 1 10 341 30.7373 0.8525 0 0 0 8901 8901 747 
424 341 1 10 341 30.7373 0.8525 0 0 0 8972 8972 748 
425 342 1 10 342 30.7838 0.855 0 0 0 9047 9047 751 
426 342 1 10 342 29.9139 0.855 0 0 0 9109 9109 758 
427 342 1 10 342 29.9139 0.855 0 0 0 9172 9172 759 
428 342 1 10 342 29.9139 0.855 0 0 0 9235 9235 761 
429 342 1 10 342 29.9139 0.855 0 0 0 9298 9298 762 
430 342 1 10 342 29.9139 0.855 0 0 0 9375 9375 763 
431 342 1 10 342 29.9139 0.855 0 0 0 9451 9451 764 
432 353 1 10 353 30.7762 0.8825 0 0 0 9529 9529 768 
433 355 1 10 355 35.0356 0.8875 0 0 0 9629 9629 782 
434 355 1 10 355 34.7471 0.8875 0 0 0 9724 9724 784 
435 355 1 10 355 34.7471 0.8875 0 0 0 9819 9819 785 
436 356 1 10 356 35.3453 0.89 0 0 0 9916 9916 788 
437 356 1 10 356 35.3453 0.89 0 0 0 10014 10014 789 
438 356 1 10 356 35.3453 0.89 0 0 0 10117 10117 790 
439 356 1 10 356 35.3453 0.89 0 0 0 10217 10217 791 
440 356 1 10 356 35.3453 0.89 0 0 0 10315 10315 792 
441 356 1 10 356 35.3453 0.89 0 0 0 10417 10417 793 
442 356 1 10 356 35.3453 0.89 0 0 0 10516 10516 794 
443 356 1 10 356 35.1138 0.89 0 0 0 10614 10614 796 
444 356 1 10 356 35.1138 0.89 0 0 0 10713 10713 800 
445 357 1 10 357 44.064 0.8925 0 0 0 10905 10905 831 
446 358 1 10 358 38.9255 0.895 0 0 0 11136 11136 848 
447 358 1 10 358 37.6661 0.895 0 0 0 11272 11272 860 
448 358 1 10 358 37.6661 0.895 0 0 0 11403 11403 864 
449 358 1 10 358 37.6661 0.895 0 0 0 11546 11546 872 
450 358 1 10 358 37.6661 0.895 0 0 0 11691 11691 873 
451 358 1 10 358 37.163 0.895 0 0 0 11830 11830 877 
452 358 1 10 358 37.163 0.895 0 0 0 11972 11972 878 
453 358 1 10 358 37.163 0.895 0 0 0 12127 12127 885 
454 358 1 10 358 37.163 0.895 0 0 0 12273 12273 906 
455 358 1 10 358 37.163 0.895 0 0 0 12420 12420 907 
456 358 1 10 358 37.163 0.895 0 0 0 12567 12567 908 
457 358 1 10 358 37.163 0.895 0 0 0 12714 12714 911 
458 358 1 10 358 37.163 0.895 0 0 0 12859 12859 912 
459 358 1 10 358 37.163 0.895 0 0 0 13014 13014 913 
460 358 1 10 358 37.163 0.895 0 0 0 13170 13170 914 
461 358 1 10 358 37.163 0.895 0 0 0 13327 13327 918 
462 358 1 10 358 37.163 0.895 0 0 0 13478 13478 919 
463 358 1 10 358 37.163 0.895 0 0 0 13628 13628 920 
464 358 1 10 358 37.163 0.895 0 0 0 13780 13780 921 
465 358 1 10 358 37.163 0.895 0 0 0 13929 13929 922 
466 358 1 10 358 37.163 0.895 0 0 0 14076 14076 923 
467 358 1 10 358 37.163 0.895 0 0 0 14223 14223 926 
468 358 1 10 358 37.163 0.895 0 0 0 14371 14371 927 
469 358 1 10 358 37.163 0.895 0 0 0 14516 14516 928 
470 358 1 10 358 37.163 0.895 0 0 0 14665 14665 931 
471 358 1 10 358 37.163 0.895 0 0 0 14812 14812 932 
472 358 1 10 358 37.163 0.895 0 0 0 14959 14959 933 
473 358 1 10 358 37.163 0.895 0 0 0 15107 15107 934 
474 358 1 10 358 37.163 0.895 0 0 0 15254 15254 937 
475 358 1 10 358 37.163 0.895 0 0 0 15401 15401 938 
476 359 1 10 359 32.1907 0.8975 0 0 0 15464 15464 950 
477 359 1 10 359 32.1907 0.8975 0 0 0 15622 15622 969 
478 359 1 10 359 32.1907 0.8975 0 0 0 15780 15780 972 
479 359 1 10 359 32.1907 0.8975 0 0 0 15942 15942 977 
480 359 1 10 359 32.1907 0.8975 0 0 0 16101 16101 981 
481 359 1 10 359 32.1907 0.8975 0 0 0 16248 16248 989 
482 359 1 10 359 32.1907 0.8975 0 0 0 16405 16405 993 
483 359 1 10 359 32.1907 0.8975 0 0 0 16563 16563 994 
484 359 1 10 359 32.1907 0.8975 0 0 0 16815 16815 1007 
485 362 1 10 362 41.1185 0.905 0 0 0 17226 17226 1021 
486 362 1 10 362 38.0584 0.905 0 0 0 17568 17568 1029 
487 362 1 10 362 38.0584 0.905 0 0 0 17811 17811 1033 
488 362 1 10 362 38.0584 0.905 0 0 0 18190 18190 1049 
489 365 1 10 365 41.9909 0.9125 0 0 0 18429 18429 1051 
490 365 1 10 365 41.9909 0.9125 0 0 0 18671 18671 1052 
491 365 1 10 365 41.9909 0.9125 0 0 0 18911 18911 1053 
492 365 1 10 365 41.9909 0.9125 0 0 0 19111 19111 1067 
493 365 1 10 365 41.9909 0.9125 0 0 0 19331 19331 1080 
494 365 1 10 365 41.9746 0.9125 0 0 0 19570 19570 1081 
495 365 1 10 365 41.9746 0.9125 0 0 0 19811 19811 1084 
496 365 1 10 365 39.3283 0.9125 0 0 0 20110 20110 1103 
497 365 1 10 365 39.3283 0.9125 0 0 0 20405 20405 1104 
498 365 1 10 365 39.3283 0.9125 0 0 0 20702 20702 1105 
499 365 1 10 365 39.2464 0.9125 0 0 0 21003 21003 1108 
500 366 1 10 366 40.9358 0.915 0 0 0 21369 21369 1120 
501 366 1 10 366 40.8882 0.915 0 0 0 21741 21741 1125 
502 366 1 10 366 40.8882 0.915 0 0 0 22060 22060 1140 
503 366 1 10 366 40.8882 0.915 0 0 0 22355 22355 1144 
504 366 1 10 366 40.348 0.915 0 0 0 22674 22674 1147 
505 366 1 10 366 40.348 0.915 0 0 0 23021 23021 1151 
506 366 1 10 366 40.348 0.915 0 0 0 23340 23340 1153 
507 367 1 10 367 35.2709 0.9175 0 0 0 23655 23655 1161 
508 367 1 10 367 35.2709 0.9175 0 0 0 23959 23959 1165 
509 367 1 10 367 35.2709 0.9175 0 0 0 24275 24275 1172 
510 367 1 10 367 35.2709 0.9175 0 0 0 24592 24592 1177 
511 367 1 10 367 35.2709 0.9175 0 0 0 24914 24914 1181 
512 367 1 10 367 35.2709 0.9175 0 0 0 25228 25228 1183 
513 367 1 10 367 35.2709 0.9175 0 0 0 25547 25547 1186 
514 367 1 10 367 35.2709 0.9175 0 0 0 25866 25866 1188 
515 367 1 10 367 35.1421 0.9175 0 0 0 26177 26177 1195 
516 367 1 10 367 35.1421 0.9175 0 0 0 26508 26508 1202 
517 367 1 10 367 35.1421 0.9175 0 0 0 26826 26826 1204 
518 367 1 10 367 35.1421 0.9175 0 0 0 27304 27304 1212 
519 368 1 10 368 35.9765 0.92 0 0 0 27665 27665 1221 
520 368 1 10 368 35.3329 0.92 0 0 0 27993 27993 1224 
521 368 1 10 368 35.3329 0.92 0 0 0 28412 28412 1231 
522 368 1 10 368 35.3329 0.92 0 0 0 28713 28713 1233 
523 368 1 10 368 35.3329 0.92 0 0 0 29043 29043 1234 
524 368 1 10 368 35.3329 0.92 0 0 0 29372 29372 1235 
525 368 1 10 368 35.3329 0.92 0 0 0 29696 29696 1236 
526 368 1 10 368 35.3329 0.92 0 0 0 30028 30028 1239 
527 368 1 10 368 35.3329 0.92 0 0 0 30359 30359 1240 
528 368 1 10 368 35.3329 0.92 0 0 0 30660 30660 1241 
529 369 1 10 369 35.7607 0.9225 0 0 0 30985 30985 1246 
530 369 1 10 369 35.3539 0.9225 0 0 0 31315 31315 1252 
531 370 1 10 370 42.9025 0.925 0 0 0 31689 31689 1258 
532 370 1 10 370 42.7194 0.925 0 0 0 32063 32063 1266 
533 370 1 10 370 42.7194 0.925 0 0 0 32439 32439 1271 
534 370 1 10 370 42.6202 0.925 0 0 0 32817 32817 1274 
535 370 1 10 370 42.6202 0.925 0 0 0 33300 33300 1281 
536 370 1 10 370 42.6202 0.925 0 0 0 33679 33679 1282 
537 370 1 10 370 42.6202 0.925 0 0 0 34057 34057 1283 
538 370 1 10 370 42.6202 0.925 0 0 0 34572 34572 1288 
539 370 1 10 370 41.5642 0.925 0 0 0 35053 35053 1302 
540 370 1 10 370 41.5642 0.925 0 0 0 35446 35446 1314 
541 370 1 10 370 41.5642 0.925 0 0 0 35869 35869 1320 
542 370 1 10 370 41.5642 0.925 0 0 0 36329 36329 1325 
543 370 1 10 370 41.5642 0.925 0 0 0 36873 36873 1355 
544 370 1 10 370 41.5642 0.925 0 0 0 37259 37259 1361 
545 370 1 10 370 41.5642 0.925 0 0 0 37692 37692 1387 
546 370 1 10 370 41.5642 0.925 0 0 0 38116 38116 1404 
547 370 1 10 370 41.5642 0.925 0 0 0 38555 38555 1414 
548 371 1 10 371 50.2471 0.9275 0 0 0 38912 38912 1434 
549 371 1 10 371 50.1749 0.9275 0 0 0 39366 39366 1439 
550 371 1 10 371 50.1749 0.9275 0 0 0 39818 39818 1446 
551 371 1 10 371 50.1749 0.9275 0 0 0 40272 40272 1459 
552 371 1 10 371 50.1749 0.9275 0 0 0 40724 40724 1463 
553 371 1 10 371 50.1749 0.9275 0 0 0 41175 41175 1468 
554 371 1 10 371 50.1749 0.9275 0 0 0 41635 41635 1471 
555 371 1 10 371 50.0048 0.9275 0 0 0 41992 41992 1478 
556 371 1 10 371 50.0048 0.9275 0 0 0 42454 42454 1485 
557 371 1 10 371 50.0048 0.9275 0 0 0 42918 42918 1487 
558 371 1 10 371 50.0048 0.9275 0 0 0 43387 43387 1489 
559 371 1 10 371 50.0048 0.9275 0 0 0 43866 43866 1491 
560 371 1 10 371 50.0048 0.9275 0 0 0 44242 44242 1502 
561 371 1 10 371 50.0048 0.9275 0 0 0 44797 44797 1514 
562 371 1 10 371 45.9301 0.9275 0 0 0 45344 45344 1532 
563 371 1 10 371 45.6673 0.9275 0 0 0 45893 45893 1537 
564 371 1 10 371 45.6673 0.9275 0 0 0 46442 46442 1540 
565 371 1 10 371 45.4491 0.9275 0 0 0 46993 46993 1541 
566 371 1 10 371 45.3626 0.9275 0 0 0 47544 47544 1542 
567 371 1 10 371 45.3626 0.9275 0 0 0 48100 48100 1549 
568 371 1 10 371 45.3626 0.9275 0 0 0 48656 48656 1558 
569 371 1 10 371 45.3626 0.9275 0 0 0 49202 49202 1559 
570 371 1 10 371 45.3626 0.9275 0 0 0 49759 49759 1562 
571 371 1 10 371 45.3626 0.9275 0 0 0 50309 50309 1569 
572 371 1 10 371 45.3626 0.9275 0 0 0 50878 50878 1573 
573 371 1 10 371 45.3626 0.9275 0 0 0 51448 51448 1577 
574 371 1 10 371 45.3626 0.9275 0 0 0 52018 52018 1581 
575 371 1 10 371 45.3626 0.9275 0 0 0 52579 52579 1583 
576 371 1 10 371 45.3626 0.9275 0 0 0 53139 53139 1587 
577 372 1 10 372 46.8698 0.93 0 0 0 53590 53590 1594 
578 372 1 10 372 46.8698 0.93 0 0 0 54039 54039 1598 
579 372 1 10 372 46.232 0.93 0 0 0 54490 54490 1599 
580 372 1 10 372 46.232 0.93 0 0 0 54943 54943 1600 
581 372 1 10 372 46.232 0.93 0 0 0 55370 55370 1601 
582 372 1 10 372 46.232 0.93 0 0 0 55926 55926 1605 
583 372 1 10 372 46.232 0.93 0 0 0 56391 56391 1631 
584 372 1 10 372 46.232 0.93 0 0 0 56820 56820 1639 
585 372 1 10 372 46.232 0.93 0 0 0 57267 57267 1648 
586 372 1 10 372 46.232 0.93 0 0 0 57600 57600 1669 
587 372 1 10 372 46.232 0.93 0 0 0 58074 58074 1675 
588 372 1 10 372 46.232 0.93 0 0 0 58653 58653 1684 
589 372 1 10 372 46.232 0.93 0 0 0 59147 59147 1690 
590 372 1 10 372 46.232 0.93 0 0 0 59556 59556 1703 
591 372 1 10 372 46.232 0.93 0 0 0 59984 59984 1714 
592 372 1 10 372 46.232 0.93 0 0 0 60454 60454 1718 
593 372 1 10 372 46.232 0.93 0 0 0 61117 61117 1737 
594 372 1 10 372 46.232 0.93 0 0 0 61729 61729 1744 
595 372 1 10 372 46.232 0.93 0 0 0 62195 62195 1747 
596 372 1 10 372 46.232 0.93 0 0 0 62673 62673 1749 
597 372 1 10 372 46.232 0.93 0 0 0 63137 63137 1755 
598 372 1 10 372 46.232 0.93 0 0 0 63726 63726 1765 
599 372 1 10 372 46.232 0.93 0 0 0 64183 64183 1769 
600 372 1 10 372 46.232 0.93 0 0 0 64605 64605 1780 
601 372 1 10 372 46.232 0.93 0 0 0 65042 65042 1788 
602 372 1 10 372 46.232 0.93 0 0 0 65475 65475 1791 
603 372 1 10 372 46.232 0.93 0 0 0 65806 65806 1797 
604 372 1 10 372 46.232 0.93 0 0 0 66266 66266 1799 
605 372 1 10 372 46.232 0.93 0 0 0 66720 66720 1803 
606 372 1 10 372 46.232 0.93 0 0 0 67181 67181 1808 
607 372 1 10 372 46.232 0.93 0 0 0 67688 67688 1821 
608 372 1 10 372 46.232 0.93 0 0 0 68228 68228 1822 
609 372 1 10 372 46.232 0.93 0 0 0 68861 68861 1838 
610 372 1 10 372 46.232 0.93 0 0 0 69549 69549 1846 
611 372 1 10 372 46.232 0.93 0 0 0 70055 70055 1857 
612 372 1 10 372 45.4986 0.93 0 0 0 70474 70474 1881 
613 372 1 10 372 45.4986 0.93 0 0 0 70915 70915 1885 
614 372 1 10 372 45.4986 0.93 0 0 0 71382 71382 1894 
615 372 1 10 372 45.4986 0.93 0 0 0 71984 71984 1904 
616 372 1 10 372 45.2508 0.93 0 0 0 72553 72553 1916 
617 372 1 10 372 44.7496 0.93 0 0 0 73292 73292 1920 
618 372 1 10 372 44.7208 0.93 0 0 0 73848 73848 1931 
619 372 1 10 372 44.72 0.93 0 0 0 74398 74398 1941 
620 372 1 10 372 44.5361 0.93 0 0 0 74961 74961 1945 
621 372 1 10 372 44.5361 0.93 0 0 0 75659 75659 1950 
622 372 1 10 372 40.8354 0.93 0 0 0 76398 76398 1956 
623 372 1 10 372 40.8354 0.93 0 0 0 77135 77135 1964 
624 372 1 10 372 40.8354 0.93 0 0 0 77954 77954 1977 
625 373 1 10 373 45.4843 0.9325 0 0 0 78906 78906 1994 
626 373 1 10 373 45.4843 0.9325 0 0 0 79580 79580 2008 
627 373 1 10 373 45.4843 0.9325 0 0 0 80139 80139 2030 
628 373 1 10 373 45.4843 0.9325 0 0 0 81077 81077 2046 
629 376 1 10 376 58.4212 0.94 0 0 0 81602 81602 2061 
630 376 1 10 376 52.2889 0.94 0 0 0 82337 82337 2076 
631 376 1 10 376 45.1838 0.94 0 0 0 83365 83365 2087 
632 376 1 10 376 45.1838 0.94 0 0 0 84374 84374 2088 
633 376 1 10 376 45.1838 0.94 0 0 0 85296 85296 2098 
634 379 1 10 379 53.4811 0.9475 0 0 0 86457 86457 2117 
635 379 1 10 379 46.6996 0.9475 0 0 0 87443 87443 2127 
636 379 1 10 379 45.3843 0.9475 0 0 0 88619 88619 2129 
637 379 1 10 379 45.3843 0.9475 0 0 0 89752 89752 2139 
638 379 1 10 379 45.3843 0.9475 0 0 0 90846 90846 2152 
639 379 1 10 379 45.3843 0.9475 0 0 0 91778 91778 2162 
640 379 1 10 379 45.3843 0.9475 0 0 0 92325 92325 2180 
641 379 1 10 379 45.3843 0.9475 0 0 0 93346 93346 2190 
642 382 1 10 382 47.4295 0.955 0 0 0 94265 94265 2199 
643 385 1 10 385 45.9972 0.9625 0 0 0 95304 95304 2209 
644 385 1 10 385 45.4543 0.9625 0 0 0 96526 96526 2217 
645 388 1 10 388 52.9439 0.97 0 0 0 97076 97076 2226 
646 388 1 10 388 45.9315 0.97 0 0 0 98034 98034 2236 
647 388 1 10 388 45.9315 0.97 0 0 0 98661 98661 2251 
648 388 1 10 388 45.388 0.97 0 0 0 99608 99608 2256 
649 388 1 10 388 45.388 0.97 0 0 0 100800 100800 2274 
650 388 1 10 388 45.388 0.97 0 0 0 101868 101868 2285 
651 388 1 10 388 45.388 0.97 0 0 0 102649 102649 2293 
652 388 1 10 388 45.388 0.97 0 0 0 103802 103802 2304 
653 388 1 10 388 45.388 0.97 0 0 0 105040 105040 2308 
654 388 1 10 388 45.388 0.97 0 0 0 106007 106007 2313 
655 388 1 10 388 45.388 0.97 0 0 0 107014 107014 2321 
656 388 1 10 388 45.388 0.97 0 0 0 108036 108036 2334 
657 388 1 10 388 45.388 0.97 0 0 0 109049 109049 2342 
658 388 1 10 388 45.388 0.97 0 0 0 109607 109607 2350 
659 388 1 10 388 45.388 0.97 0 0 0 110592 110592 2357 
660 388 1 10 388 45.388 0.97 0 0 0 111019 111019 2373 
661 388 1 10 388 45.388 0.97 0 0 0 111813 111813 2382 
662 388 1 10 388 45.388 0.97 0 0 0 112422 112422 2387 
663 388 1 10 388 45.388 0.97 0 0 0 113089 113089 2407 
664 388 1 10 388 45.388 0.97 0 0 0 113644 113644 2416 
665 388 1 10 388 45.388 0.97 0 0 0 114594 114594 2424 
666 388 1 10 388 45.388 0.97 0 0 0 115100 115100 2431 
667 388 1 10 388 45.388 0.97 0 0 0 115618 115618 2435 
668 388 1 10 388 45.388 0.97 0 0 0 116121 116121 2440 
669 388 1 10 388 45.388 0.97 0 0 0 116545 116545 2449 
670 388 1 10 388 45.388 0.97 0 0 0 117061 117061 2451 
671 388 1 10 388 45.388 0.97 0 0 0 117648 117648 2463 
672 389 1 10 389 53.2798 0.9725 0 0 0 118109 118109 2468 
673 389 1 10 389 53.2798 0.9725 0 0 0 118650 118650 2494 
674 389 1 10 389 53.2798 0.9725 0 0 0 119228 119228 2507 
675 389 1 10 389 52.3824 0.9725 0 0 0 119859 119859 2524 
676 389 1 10 389 52.3824 0.9725 0 0 0 120655 120655 2533 
677 389 1 10 389 52.3824 0.9725 0 0 0 121637 121637 2542 
678 389 1 10 389 52.3824 0.9725 0 0 0 122619 122619 2544 
679 389 1 10 389 52.3824 0.9725 0 0 0 123274 123274 2550 
680 389 1 10 389 52.3824 0.9725 0 0 0 124251 124251 2556 
681 389 1 10 389 52.3824 0.9725 0 0 0 124852 124852 2568 
682 389 1 10 389 52.3721 0.9725 0 0 0 125400 125400 2571 
683 389 1 10 389 52.3721 0.9725 0 0 0 126622 126622 2585 
684 389 1 10 389 52.3721 0.9725 0 0 0 127334 127334 2593 
685 389 1 10 389 52.3721 0.9725 0 0 0 128069 128069 2603 
686 389 1 10 389 52.3721 0.9725 0 0 0 128828 128828 2614 
687 389 1 10 389 52.3721 0.9725 0 0 0 129301 129301 2627 
688 389 1 10 389 52.1189 0.9725 0 0 0 129699 129699 2635 
689 389 1 10 389 52.1189 0.9725 0 0 0 130346 130346 2643 
690 389 1 10 389 51.3587 0.9725 0 0 0 131346 131346 2652 
691 389 1 10 389 48.9551 0.9725 0 0 0 131869 131869 2655 
692 389 1 10 389 48.9551 0.9725 0 0 0 132603 132603 2666 
693 389 1 10 389 48.9551 0.9725 0 0 0 133314 133314 2674 
694 389 1 10 389 48.9551 0.9725 0 0 0 133941 133941 2689 
695 389 1 10 389 48.9551 0.9725 0 0 0 134587 134587 2692 
696 389 1 10 389 48.9551 0.9725 0 0 0 134875 134875 2701 
697 389 1 10 389 48.9551 0.9725 0 0 0 135857 135857 2704 
698 389 1 10 389 48.9551 0.9725 0 0 0 136435 136435 2712 
699 389 1 10 389 48.9551 0.9725 0 0 0 137056 137056 2716 
700 389 1 10 389 48.9551 0.9725 0 0 0 137233 137233 2727 
701 389 1 10 389 48.9551 0.9725 0 0 0 137859 137859 2732 
702 389 1 10 389 48.9551 0.9725 0 0 0 138474 138474 2736 
703 389 1 10 389 48.9551 0.9725 0 0 0 139163 139163 2742 
704 389 1 10 389 48.9551 0.9725 0 0 0 139685 139685 2749 
705 389 1 10 389 48.9551 0.9725 0 0 0 140349 140349 2750 
706 389 1 10 389 48.9551 0.9725 0 0 0 140931 140931 2755 
707 389 1 10 389 48.9551 0.9725 0 0 0 141324 141324 2772 
708 389 1 10 389 48.9551 0.9725 0 0 0 142012 142012 2774 
709 389 1 10 389 48.9551 0.9725 0 0 0 142690 142690 2776 
710 389 1 10 389 48.9551 0.9725 0 0 0 143362 143362 2779 
711 389 1 10 389 48.5932 0.9725 0 0 0 144210 144210 2783 
712 389 1 10 389 48.5932 0.9725 0 0 0 144862 144862 2784 
713 389 1 10 389 48.5932 0.9725 0 0 0 145620 145620 2789 
714 389 1 10 389 48.5932 0.9725 0 0 0 146237 146237 2804 
715 389 1 10 389 48.207 0.9725 0 0 0 146699 146699 2805 
716 389 1 10 389 48.207 0.9725 0 0 0 147210 147210 2809 
717 389 1 10 389 48.207 0.9725 0 0 0 147789 147789 2815 
718 389 1 10 389 48.207 0.9725 0 0 0 148302 148302 2820 
719 389 1 10 389 48.1774 0.9725 0 0 0 148855 148855 2822 
720 389 1 10 389 48.1774 0.9725 0 0 0 149582 149582 2830 
721 389 1 10 389 48.1774 0.9725 0 0 0 150311 150311 2835 
722 389 1 10 389 48.1774 0.9725 0 0 0 150877 150877 2840 
723 389 1 10 389 48.1774 0.9725 0 0 0 151473 151473 2853 
724 389 1 10 389 48.1774 0.9725 0 0 0 152081 152081 2855 
725 389 1 10 389 48.1774 0.9725 0 0 0 152662 152662 2858 
726 389 1 10 389 48.1774 0.9725 0 0 0 153331 153331 2859 
727 389 1 10 389 48.1774 0.9725 0 0 0 153947 153947 2862 
728 389 1 10 389 48.1774 0.9725 0 0 0 154197 154197 2867 
729 389 1 10 389 48.1774 0.9725 0 0 0 154846 154846 2868 
730 389 1 10 389 48.1774 0.9725 0 0 0 155714 155714 2869 
731 389 1 10 389 48.1774 0.9725 0 0 0 156405 156405 2870 
732 389 1 10 389 48.1774 0.9725 0 0 0 157044 157044 2880 
733 389 1 10 389 48.1774 0.9725 0 0 0 157471 157471 2887 
734 389 1 10 389 48.1774 0.9725 0 0 0 157853 157853 2890 
735 389 1 10 389 48.1774 0.9725 0 0 0 158229 158229 2893 
736 389 1 10 389 48.1774 0.9725 0 0 0 158655 158655 2894 
737 389 1 10 389 48.1774 0.9725 0 0 0 159106 159106 2895 
738 389 1 10 389 48.1774 0.9725 0 0 0 159534 159534 2897 
739 389 1 10 389 48.1774 0.9725 0 0 0 159963 159963 2899 
740 389 1 10 389 48.1774 0.9725 0 0 0 160388 160388 2900 
741 389 1 10 389 48.1774 0.9725 0 0 0 160814 160814 2902 
742 389 1 10 389 48.1774 0.9725 0 0 0 161333 161333 2911 
743 389 1 10 389 48.1774 0.9725 0 0 0 161823 161823 2917 
744 389 1 10 389 48.1774 0.9725 0 0 0 162172 162172 2936 
745 389 1 10 389 48.1774 0.9725 0 0 0 162658 162658 2938 
746 389 1 10 389 48.1774 0.9725 0 0 0 163010 163010 2958 
747 389 1 10 389 48.1774 0.9725 0 0 0 163415 163415 2960 
748 389 1 10 389 48.1774 0.9725 0 0 0 163764 163764 2963 
749 389 1 10 389 48.1774 0.9725 0 0 0 164127 164127 2965 
750 389 1 10 389 48.1774 0.9725 0 0 0 164859 164859 2968 
751 389 1 10 389 48.1774 0.9725 0 0 0 165211 165211 2970 
752 389 1 10 389 46.5594 0.9725 0 0 0 165504 165504 2976 
753 389 1 10 389 46.5594 0.9725 0 0 0 165755 165755 2977 
754 389 1 10 389 46.5594 0.9725 0 0 0 166641 166641 3001 
755 389 1 10 389 46.5594 0.9725 0 0 0 167123 167123 3009 
756 389 1 10 389 46.5594 0.9725 0 0 0 168097 168097 3013 
757 389 1 10 389 46.5594 0.9725 0 0 0 169225 169225 3021 
758 389 1 10 389 46.5594 0.9725 0 0 0 169663 169663 3029 
759 389 1 10 389 46.5594 0.9725 0 0 0 170094 170094 3038 
760 389 1 10 389 46.5594 0.9725 0 0 0 170477 170477 3042 
761 389 1 10 389 46.5594 0.9725 0 0 0 170854 170854 3046 
762 389 1 10 389 46.5594 0.9725 0 0 0 171233 171233 3047 
763 389 1 10 389 46.5594 0.9725 0 0 0 171609 171609 3048 
764 389 1 10 389 46.5594 0.9725 0 0 0 171990 171990 3054 
765 389 1 10 389 46.5594 0.9725 0 0 0 172374 172374 3056 
766 389 1 10 389 46.5594 0.9725 0 0 0 172748 172748 3061 
767 389 1 10 389 46.5594 0.9725 0 0 0 173706 173706 3071 
768 389 1 10 389 46.5594 0.9725 0 0 0 174089 174089 3073 
769 389 1 10 389 46.5594 0.9725 0 0 0 174493 174493 3076 
770 389 1 10 389 46.5594 0.9725 0 0 0 174895 174895 3078 
771 389 1 10 389 46.5594 0.9725 0 0 0 175304 175304 3080 
772 389 1 10 389 46.5594 0.9725 0 0 0 175711 175711 3081 
773 389 1 10 389 46.5594 0.9725 0 0 0 176117 176117 3087 
774 389 1 10 389 46.5594 0.9725 0 0 0 176522 176522 3088 
775 389 1 10 389 46.5594 0.9725 0 0 0 176928 176928 3089 
776 389 1 10 389 46.5594 0.9725 0 0 0 177644 177644 3098 
777 389 1 10 389 46.5594 0.9725 0 0 0 178053 178053 3102 
778 389 1 10 389 46.5594 0.9725 0 0 0 179116 179116 3110 
779 389 1 10 389 46.5594 0.9725 0 0 0 179529 179529 3111 
780 389 1 10 389 46.5594 0.9725 0 0 0 179935 179935 3112 
781 389 1 10 389 46.5594 0.9725 0 0 0 180346 180346 3115 
782 389 1 10 389 46.5594 0.9725 0 0 0 180764 180764 3121 
783 389 1 10 389 46.5594 0.9725 0 0 0 181176 181176 3122 
784 389 1 10 389 46.5594 0.9725 0 0 0 181579 181579 3123 
785 389 1 10 389 46.5594 0.9725 0 0 0 181984 181984 3125 
786 389 1 10 389 46.5594 0.9725 0 0 0 182390 182390 3127 
787 389 1 10 389 46.5594 0.9725 0 0 0 183698 183698 3130 
788 389 1 10 389 46.5594 0.9725 0 0 0 184115 184115 3132 
789 389 1 10 389 46.5594 0.9725 0 0 0 184527 184527 3133 
790 389 1 10 389 46.5594 0.9725 0 0 0 184939 184939 3138 
791 389 1 10 389 46.5594 0.9725 0 0 0 185353 185353 3139 
792 389 1 10 389 46.5594 0.9725 0 0 0 185758 185758 3143 
793 389 1 10 389 46.5594 0.9725 0 0 0 186405 186405 3150 
794 389 1 10 389 46.5594 0.9725 0 0 0 186891 186891 3161 
795 389 1 10 389 46.5594 0.9725 0 0 0 187569 187569 3165 
796 389 1 10 389 46.5594 0.9725 0 0 0 187988 187988 3167 
797 389 1 10 389 46.5594 0.9725 0 0 0 188650 188650 3171 
798 389 1 10 389 46.5594 0.9725 0 0 0 189058 189058 3173 
799 389 1 10 389 46.5594 0.9725 0 0 0 189458 189458 3174 
800 389 1 10 389 46.5594 0.9725 0 0 0 190136 190136 3175 
801 389 1 10 389 46.5594 0.9725 0 0 0 190555 190555 3176 
802 389 1 10 389 46.5594 0.9725 0 0 0 190970 190970 3177 
803 389 1 10 389 46.5594 0.9725 0 0 0 192043 192043 3195 
804 389 1 10 389 46.5594 0.9725 0 0 0 192857 192857 3206 
805 389 1 10 389 46.5594 0.9725 0 0 0 193738 193738 3219 
806 389 1 10 389 46.5594 0.9725 0 0 0 194388 194388 3224 
807 389 1 10 389 46.5594 0.9725 0 0 0 195043 195043 3226 
808 389 1 10 389 46.5594 0.9725 0 0 0 195697 195697 3229 
809 389 1 10 389 46.5594 0.9725 0 0 0 196640 196640 3231 
810 389 1 10 389 46.5594 0.9725 0 0 0 197299 197299 3232 
811 389 1 10 389 46.5594 0.9725 0 0 0 197965 197965 3234 
812 389 1 10 389 46.5594 0.9725 0 0 0 198641 198641 3238 
813 389 1 10 389 46.5594 0.9725 0 0 0 199597 199597 3240 
814 389 1 10 389 46.5594 0.9725 0 0 0 200432 200432 3251 
815 389 1 10 389 46.5594 0.9725 0 0 0 201245 201245 3255 
816 389 1 10 389 46.5594 0.9725 0 0 0 202268 202268 3259 
817 389 1 10 389 46.5594 0.9725 0 0 0 203288 203288 3261 
818 389 1 10 389 46.5594 0.9725 0 0 0 204307 204307 3262 
819 389 1 10 389 46.5594 0.9725 0 0 0 205138 205138 3270 
820 389 1 10 389 46.5594 0.9725 0 0 0 205904 205904 3275 
821 389 1 10 389 46.5594 0.9725 0 0 0 206398 206398 3280 
822 389 1 10 389 46.5594 0.9725 0 0 0 206889 206889 3284 
823 392 1 10 392 59.863 0.98 0 0 0 207883 207883 3294 
824 392 1 10 392 59.863 0.98 0 0 0 208883 208883 3313 
825 392 1 10 392 59.863 0.98 0 0 0 210084 210084 3321 
826 392 1 10 392 54.9416 0.98 0 0 0 211045 211045 3327 
827 392 1 10 392 54.9416 0.98 0 0 0 212042 212042 3328 
828 392 1 10 392 54.9416 0.98 0 0 0 212879 212879 3329 
829 392 1 10 392 54.8355 0.98 0 0 0 213625 213625 3332 
830 392 1 10 392 54.8355 0.98 0 0 0 214212 214212 3341 
831 392 1 10 392 54.8355 0.98 0 0 0 214787 214787 3347 
832 392 1 10 392 54.8355 0.98 0 0 0 215496 215496 3348 
833 392 1 10 392 54.8355 0.98 0 0 0 216208 216208 3350 
834 392 1 10 392 54.8355 0.98 0 0 0 217633 217633 3366 
835 392 1 10 392 51.7724 0.98 0 0 0 218843 218843 3385 
836 392 1 10 392 51.7724 0.98 0 0 0 219610 219610 3389 
837 392 1 10 392 51.7724 0.98 0 0 0 220364 220364 3391 
838 392 1 10 392 51.7724 0.98 0 0 0 221109 221109 3392 
839 392 1 10 392 51.7724 0.98 0 0 0 222111 222111 3407 
840 392 1 10 392 51.7724 0.98 0 0 0 223083 223083 3413 
841 392 1 10 392 51.7724 0.98 0 0 0 223879 223879 3416 
842 392 1 10 392 51.7724 0.98 0 0 0 224447 224447 3419 
843 392 1 10 392 51.7724 0.98 0 0 0 224963 224963 3422 
844 392 1 10 392 51.7724 0.98 0 0 0 225878 225878 3434 
845 392 1 10 392 51.7724 0.98 0 0 0 226703 226703 3437 
846 392 1 10 392 51.7724 0.98 0 0 0 227685 227685 3446 
847 392 1 10 392 51.7724 0.98 0 0 0 228965 228965 3450 
848 392 1 10 392 51.7724 0.98 0 0 0 229737 229737 3463 
849 392 1 10 392 51.7724 0.98 0 0 0 230508 230508 3468 
850 392 1 10 392 51.7724 0.98 0 0 0 231299 231299 3469 
851 392 1 10 392 51.7724 0.98 0 0 0 232122 232122 3472 
852 392 1 10 392 51.7724 0.98 0 0 0 232906 232906 3473 
853 392 1 10 392 51.7724 0.98 0 0 0 233696 233696 3474 
854 392 1 10 392 51.7724 0.98 0 0 0 234395 234395 3476 
855 392 1 10 392 51.7724 0.98 0 0 0 235156 235156 3477 
856 392 1 10 392 51.7724 0.98 0 0 0 235859 235859 3479 
857 392 1 10 392 51.7724 0.98 0 0 0 236568 236568 3480 
858 392 1 10 392 49.3595 0.98 0 0 0 237394 237394 3485 
859 392 1 10 392 49.2015 0.98 0 0 0 238375 238375 3486 
860 392 1 10 392 49.2015 0.98 0 0 0 239202 239202 3490 
861 394 1 10 394 50.3118 0.985 0 0 0 240506 240506 3497 
862 394 1 10 394 47.3053 0.985 0 0 0 241282 241282 3510 
863 394 1 10 394 47.0548 0.985 0 0 0 242369 242369 3516 
864 394 1 10 394 47.0548 0.985 0 0 0 243166 243166 3521 
865 394 1 10 394 46.9794 0.985 0 0 0 244229 244229 3526 
866 394 1 10 394 46.9794 0.985 0 0 0 244999 244999 3530 
867 394 1 10 394 46.9794 0.985 0 0 0 245766 245766 3531 
868 394 1 10 394 46.9794 0.985 0 0 0 246487 246487 3532 
869 394 1 10 394 46.9794 0.985 0 0 0 247295 247295 3543 
870 394 1 10 394 46.9794 0.985 0 0 0 248113 248113 3544 
871 394 1 10 394 46.9794 0.985 0 0 0 248927 248927 3555 
872 394 1 10 394 46.9794 0.985 0 0 0 249710 249710 3572 
873 394 1 10 394 46.9794 0.985 0 0 0 250510 250510 3579 
874 394 1 10 394 46.9794 0.985 0 0 0 251335 251335 3583 
875 394 1 10 394 46.9794 0.985 0 0 0 252340 252340 3584 
876 394 1 10 394 46.9794 0.985 0 0 0 253205 253205 3586 
877 394 1 10 394 46.9794 0.985 0 0 0 254619 254619 3590 
878 394 1 10 394 46.9794 0.985 0 0 0 256027 256027 3592 
879 394 1 10 394 46.9794 0.985 0 0 0 256929 256929 3594 
880 394 1 10 394 46.9794 0.985 0 0 0 257630 257630 3604 
881 394 1 10 394 46.9794 0.985 0 0 0 258558 258558 3605 
882 394 1 10 394 46.9794 0.985 0 0 0 259469 259469 3608 
883 394 1 10 394 46.9794 0.985 0 0 0 260171 260171 3609 
884 394 1 10 394 46.9794 0.985 0 0 0 260874 260874 3610 
885 394 1 10 394 46.9794 0.985 0 0 0 261716 261716 3611 
886 394 1 10 394 46.9794 0.985 0 0 0 262642 262642 3612 
887 394 1 10 394 46.9794 0.985 0 0 0 263351 263351 3615 
888 394 1 10 394 46.9794 0.985 0 0 0 264310 264310 3616 
889 394 1 10 394 46.9794 0.985 0 0 0 264855 264855 3628 
890 394 1 10 394 46.9794 0.985 0 0 0 265418 265418 3636 
891 394 1 10 394 46.9794 0.985 0 0 0 266431 266431 3639 
892 394 1 10 394 46.9794 0.985 0 0 0 267070 267070 3644 
893 394 1 10 394 46.9794 0.985 0 0 0 267842 267842 3649 
894 394 1 10 394 46.9794 0.985 0 0 0 268290 268290 3656 
895 394 1 10 394 46.9794 0.985 0 0 0 268752 268752 3664 
896 394 1 10 394 46.9794 0.985 0 0 0 269639 269639 3666 
897 394 1 10 394 46.9794 0.985 0 0 0 270105 270105 3674 
898 394 1 10 394 46.9794 0.985 0 0 0 270837 270837 3675 
899 394 1 10 394 46.9794 0.985 0 0 0 271522 271522 3676 
900 394 1 10 394 46.9794 0.985 0 0 0 272183 272183 3681 
901 394 1 10 394 46.9794 0.985 0 0 0 273097 273097 3687 
902 394 1 10 394 46.9794 0.985 0 0 0 274020 274020 3688 
903 394 1 10 394 46.9794 0.985 0 0 0 275119 275119 3694 
904 394 1 10 394 46.9794 0.985 0 0 0 276599 276599 3702 
905 394 1 10 394 46.9794 0.985 0 0 0 278095 278095 3706 
906 394 1 10 394 46.9794 0.985 0 0 0 279391 279391 3709 
907 394 1 10 394 46.9794 0.985 0 0 0 280572 280572 3714 
908 394 1 10 394 46.9794 0.985 0 0 0 281846 281846 3715 
909 394 1 10 394 46.9794 0.985 0 0 0 282997 282997 3721 
910 394 1 10 394 46.9794 0.985 0 0 0 284163 284163 3723 
911 394 1 10 394 46.9794 0.985 0 0 0 284680 284680 3730 
912 395 1 10 395 57.6629 0.9875 0 0 0 285152 285152 3734 
913 395 1 10 395 55.2102 0.9875 0 0 0 286012 286012 3746 
914 395 1 10 395 54.9961 0.9875 0 0 0 286880 286880 3748 
915 395 1 10 395 54.9961 0.9875 0 0 0 287955 287955 3759 
916 395 1 10 395 54.9961 0.9875 0 0 0 289067 289067 3760 
917 395 1 10 395 54.9961 0.9875 0 0 0 290484 290484 3775 
918 395 1 10 395 52.7765 0.9875 0 0 0 291564 291564 3780 
919 395 1 10 395 52.7765 0.9875 0 0 0 293234 293234 3782 
920 395 1 10 395 52.7765 0.9875 0 0 0 294594 294594 3789 
921 395 1 10 395 52.7765 0.9875 0 0 0 295786 295786 3792 
922 395 1 10 395 52.7765 0.9875 0 0 0 296783 296783 3809 
923 395 1 10 395 52.7765 0.9875 0 0 0 297790 297790 3815 
924 395 1 10 395 52.7765 0.9875 0 0 0 298804 298804 3816 
925 395 1 10 395 51.8645 0.9875 0 0 0 299638 299638 3818 
926 395 1 10 395 51.8645 0.9875 0 0 0 300403 300403 3823 
927 395 1 10 395 51.8645 0.9875 0 0 0 301182 301182 3825 
928 395 1 10 395 51.8645 0.9875 0 0 0 302386 302386 3828 
929 395 1 10 395 51.8645 0.9875 0 0 0 303535 303535 3831 
930 395 1 10 395 51.8645 0.9875 0 0 0 304618 304618 3834 
931 395 1 10 395 51.8645 0.9875 0 0 0 305479 305479 3838 
932 395 1 10 395 51.8645 0.9875 0 0 0 306247 306247 3840 
933 395 1 10 395 51.8645 0.9875 0 0 0 307627 307627 3851 
934 395 1 10 395 51.8645 0.9875 0 0 0 308466 308466 3860 
935 395 1 10 395 51.8645 0.9875 0 0 0 309065 309065 3865 
936 395 1 10 395 51.8645 0.9875 0 0 0 310017 310017 3874 
937 395 1 10 395 51.8645 0.9875 0 0 0 311002 311002 3880 
938 395 1 10 395 51.8645 0.9875 0 0 0 312150 312150 3886 
939 395 1 10 395 51.8645 0.9875 0 0 0 313167 313167 3889 
940 395 1 10 395 51.8645 0.9875 0 0 0 313893 313893 3899 
941 395 1 10 395 51.8645 0.9875 0 0 0 314529 314529 3904 
942 395 1 10 395 51.8645 0.9875 0 0 0 314939 314939 3914 
943 395 1 10 395 51.8645 0.9875 0 0 0 315509 315509 3926 
944 395 1 10 395 51.8645 0.9875 0 0 0 316438 316438 3928 
945 395 1 10 395 51.8645 0.9875 0 0 0 317027 317027 3931 
946 395 1 10 395 47.5839 0.9875 0 0 0 317615 317615 3933 
947 395 1 10 395 47.5839 0.9875 0 0 0 318207 318207 3935 
948 395 1 10 395 47.5839 0.9875 0 0 0 318767 318767 3937 
949 395 1 10 395 47.5839 0.9875 0 0 0 319322 319322 3940 
950 395 1 10 395 47.5839 0.9875 0 0 0 319937 319937 3943 
951 395 1 10 395 47.5839 0.9875 0 0 0 320522 320522 3944 
952 395 1 10 395 47.5839 0.9875 0 0 0 321139 321139 3945 
953 395 1 10 395 47.5839 0.9875 0 0 0 321741 321741 3951 
954 395 1 10 395 47.5839 0.9875 0 0 0 322293 322293 3955 
955 395 1 10 395 47.5839 0.9875 0 0 0 323290 323290 3957 
956 395 1 10 395 47.5839 0.9875 0 0 0 324566 324566 3966 
957 395 1 10 395 47.5839 0.9875 0 0 0 325558 325558 3974 
958 395 1 10 395 47.5839 0.9875 0 0 0 326702 326702 3978 
959 395 1 10 395 47.5839 0.9875 0 0 0 327906 327906 3981 
960 395 1 10 395 47.5839 0.9875 0 0 0 329116 329116 3983 
961 395 1 10 395 47.5839 0.9875 0 0 0 329727 329727 3984 
962 395 1 10 395 47.5839 0.9875 0 0 0 330351 330351 3986 
963 395 1 10 395 47.5839 0.9875 0 0 0 330958 330958 3990 
964 395 1 10 395 47.5839 0.9875 0 0 0 331542 331542 3993 
965 395 1 10 395 47.5839 0.9875 0 0 0 332167 332167 3995 
966 395 1 10 395 47.5839 0.9875 0 0 0 333027 333027 3999 
967 395 1 10 395 47.5839 0.9875 0 0 0 333985 333985 4006 
968 395 1 10 395 47.5839 0.9875 0 0 0 334881 334881 4008 
969 395 1 10 395 47.5839 0.9875 0 0 0 335438 335438 4010 
970 395 1 10 395 47.5839 0.9875 0 0 0 336396 336396 4017 
971 395 1 10 395 47.5839 0.9875 0 0 0 337431 337431 4018 
972 395 1 10 395 47.5839 0.9875 0 0 0 338011 338011 4020 
973 395 1 10 395 47.5839 0.9875 0 0 0 338574 338574 4021 
974 395 1 10 395 47.5839 0.9875 0 0 0 339152 339152 4023 
975 395 1 10 395 47.5839 0.9875 0 0 0 340156 340156 4024 
976 395 1 10 395 47.5839 0.9875 0 0 0 341266 341266 4029 
977 395 1 10 395 47.5839 0.9875 0 0 0 342460 342460 4037 
978 395 1 10 395 47.5839 0.9875 0 0 0 343461 343461 4038 
979 395 1 10 395 47.5839 0.9875 0 0 0 344498 344498 4042 
980 395 1 10 395 47.5839 0.9875 0 0 0 345698 345698 4047 
981 395 1 10 395 47.5839 0.9875 0 0 0 346679 346679 4050 
982 395 1 10 395 47.5839 0.9875 0 0 0 347647 347647 4051 
983 395 1 10 395 47.5733 0.9875 0 0 0 348562 348562 4058 
984 395 1 10 395 47.5733 0.9875 0 0 0 349470 349470 4059 
985 395 1 10 395 47.5733 0.9875 0 0 0 350342 350342 4075 
986 395 1 10 395 47.5733 0.9875 0 0 0 351219 351219 4079 
987 395 1 10 395 47.5733 0.9875 0 0 0 352088 352088 4082 
988 395 1 10 395 47.5733 0.9875 0 0 0 352957 352957 4089 
989 395 1 10 395 47.5733 0.9875 0 0 0 353840 353840 4097 
990 395 1 10 395 47.5733 0.9875 0 0 0 354809 354809 4098 
991 395 1 10 395 47.5733 0.9875 0 0 0 355667 355667 4107 
992 395 1 10 395 47.5733 0.9875 0 0 0 356509 356509 4109 
993 395 1 10 395 47.5733 0.9875 0 0 0 357337 357337 4114 
994 395 1 10 395 47.5733 0.9875 0 0 0 358168 358168 4115 
995 395 1 10 395 47.5733 0.9875 0 0 0 358967 358967 4120 
996 395 1 10 395 47.5733 0.9875 0 0 0 359875 359875 4125 
997 395 1 10 395 47.5733 0.9875 0 0 0 360759 360759 4130 
998 395 1 10 395 47.5733 0.9875 0 0 0 361457 361457 4133 
999 395 1 10 395 47.5733 0.9875 0 0 0 362197 362197 4140 
1000 395 1 10 395 47.5733 0.9875 0 0 0 362892 362892 4147 
1001 398 1 10 398 51.4388 0.995 0 0 0 363662 363662 4156 
1002 398 1 10 398 51.4388 0.995 0 0 0 364382 364382 4161 
1003 398 1 10 398 50.3068 0.995 0 0 0 365365 365365 4164 
1004 398 1 10 398 50.3068 0.995 0 0 0 366070 366070 4166 
1005 398 1 10 398 50.3068 0.995 0 0 0 366707 366707 4171 
1006 398 1 10 398 50.3068 0.995 0 0 0 367293 367293 4190 
1007 398 1 10 398 50.3068 0.995 0 0 0 368011 368011 4192 
1008 398 1 10 398 50.1931 0.995 0 0 0 368767 368767 4193 
1009 398 1 10 398 50.1931 0.995 0 0 0 369519 369519 4194 
1010 398 1 10 398 50.1931 0.995 0 0 0 370276 370276 4198 
1011 398 1 10 398 50.1931 0.995 0 0 0 371000 371000 4201 
