1 105 1 5.445 105 0 0.2625 0 0 0 0 0 0 
2 108 1 5.39055 108 0.1 0.27 0 0 0 0 0 1 
3 110 1 5.33664 110 0.195919 0.275 0 0 0 0 0 3 
4 112 1 5.28328 112 0.295919 0.28 0 0 0 0 0 4 
5 114 1 5.23045 114 0.395919 0.285 0 0 0 0 0 5 
6 115 1 5.17814 115 0.488365 0.2875 0 0 0 0 0 7 
7 115 1 5.12636 115 0.488365 0.2875 0 0 0 0 0 8 
8 122 1 5.0751 122 0.62186 0.305 0 0 0 0 0 10 
9 122 1 5.02435 122 0.62186 0.305 0 0 0 0 0 11 
10 122 1 4.9741 122 0.62186 0.305 0 0 0 0 0 12 
11 131 1 4.92436 131 0.72186 0.3275 0 0 0 0 0 13 
12 131 1 4.87512 131 0.72186 0.3275 0 0 0 0 0 14 
13 132 1 4.82637 132 1.03084 0.33 0 0 0 0 0 16 
14 133 1 4.7781 133 1.15732 0.3325 0 0 0 0 0 19 
15 141 1 4.73032 141 1.25557 0.3525 0 0 0 0 0 22 
16 141 1 4.68302 141 1.25557 0.3525 0 0 0 0 0 23 
17 142 1 4.63619 142 1.40416 0.355 0 0 0 0 0 25 
18 143 1 4.58983 143 1.50416 0.3575 0 0 0 0 0 26 
19 145 1 4.54393 145 1.65811 0.3625 0 0 0 0 0 28 
20 145 1 4.49849 145 1.65811 0.3625 0 0 0 0 0 29 
21 145 1 4.4535 145 1.65811 0.3625 0 0 0 0 0 30 
22 145 1 4.40897 145 1.65811 0.3625 0 0 0 1 1 31 
23 146 1 4.36488 146 1.7409 0.365 0 0 0 2 2 33 
24 146 1 4.32123 146 1.7409 0.365 0 0 0 2 2 34 
25 147 1 4.27802 147 2.02836 0.3675 0 0 0 2 2 36 
26 148 1 4.23524 148 2.08592 0.37 0 0 0 3 3 38 
27 148 1 4.19289 148 2.08592 0.37 0 0 0 4 4 42 
28 148 1 4.15096 148 2.08592 0.37 0 0 0 5 5 43 
29 148 1 4.10945 148 2.08592 0.37 0 0 0 5 5 44 
30 150 1 4.06835 150 2.51612 0.375 0 0 0 6 6 46 
31 150 1 4.02767 150 2.51612 0.375 0 0 0 7 7 47 
32 150 1 3.98739 150 2.51612 0.375 0 0 0 8 8 48 
33 150 1 3.94752 150 2.51612 0.375 0 0 0 9 9 49 
34 150 1 3.90804 150 2.51612 0.375 0 0 0 10 10 50 
35 150 1 3.86896 150 2.51612 0.375 0 0 0 11 11 51 
36 150 1 3.83027 150 2.51612 0.375 0 0 0 12 12 52 
37 150 1 3.79197 150 2.51612 0.375 0 0 0 13 13 53 
38 150 1 3.75405 150 2.51612 0.375 0 0 0 14 14 54 
39 150 1 3.71651 150 2.51612 0.375 0 0 0 15 15 55 
40 150 1 3.67935 150 2.51612 0.375 0 0 0 16 16 56 
41 150 1 3.64255 150 2.51612 0.375 0 0 0 17 17 57 
42 150 1 3.60613 150 2.51612 0.375 0 0 0 18 18 58 
43 151 1 3.57006 151 3.0701 0.3775 0 0 0 19 19 60 
44 152 1 3.53436 152 3.12806 0.38 0 0 0 20 20 62 
45 152 1 3.49902 152 3.12806 0.38 0 0 0 23 23 63 
46 152 1 3.46403 152 3.12806 0.38 0 0 0 24 24 64 
47 152 1 3.42939 152 3.12806 0.38 0 0 0 25 25 65 
48 152 1 3.3951 152 3.12806 0.38 0 0 0 26 26 66 
49 152 1 3.36115 152 3.12806 0.38 0 0 0 27 27 67 
50 152 1 3.32753 152 3.12806 0.38 0 0 0 29 29 68 
51 152 1 3.29426 152 3.12806 0.38 0 0 0 31 31 69 
52 152 1 3.26132 152 3.12806 0.38 0 0 0 32 32 70 
53 152 1 3.2287 152 3.12806 0.38 0 0 0 34 34 71 
54 152 1 3.19642 152 3.12806 0.38 0 0 0 36 36 72 
55 159 1 3.16445 159 3.53263 0.3975 0 0 0 38 38 74 
56 159 1 3.13281 159 3.53263 0.3975 0 0 0 39 39 75 
57 165 1 3.10148 165 3.88679 0.4125 0 0 0 41 41 78 
58 165 1 3.07046 165 3.88679 0.4125 0 0 0 43 43 79 
59 165 1 3.03976 165 3.88679 0.4125 0 0 0 45 45 80 
60 165 1 3.00936 165 3.88679 0.4125 0 0 0 47 47 81 
61 165 1 2.97927 165 3.88679 0.4125 0 0 0 49 49 82 
62 166 1 2.94948 166 4.53395 0.415 0 0 0 52 52 85 
63 166 1 2.91998 166 4.53395 0.415 0 0 0 54 54 86 
64 166 1 2.89078 166 4.53395 0.415 0 0 0 56 56 87 
65 166 1 2.86187 166 4.53395 0.415 0 0 0 58 58 88 
66 166 1 2.83325 166 4.53395 0.415 0 0 0 60 60 89 
67 166 1 2.80492 166 4.53395 0.415 0 0 0 62 62 90 
68 166 1 2.77687 166 4.53395 0.415 0 0 0 65 65 91 
69 166 1 2.7491 166 4.53395 0.415 0 0 0 67 67 92 
70 166 1 2.72161 166 4.53395 0.415 0 0 0 69 69 95 
71 166 1 2.6944 166 4.53395 0.415 0 0 0 71 71 96 
72 166 1 2.66745 166 4.53395 0.415 0 0 0 73 73 97 
73 166 1 2.64078 166 4.53395 0.415 0 0 0 76 76 98 
74 166 1 2.61437 166 4.53395 0.415 0 0 0 80 80 99 
75 166 1 2.58823 166 4.53395 0.415 0 0 0 83 83 100 
76 166 1 2.56234 166 4.53395 0.415 0 0 0 85 85 101 
77 166 1 2.53672 166 4.53395 0.415 0 0 0 87 87 102 
78 166 1 2.51135 166 4.53395 0.415 0 0 0 89 89 103 
79 166 1 2.48624 166 4.53395 0.415 0 0 0 91 91 104 
80 166 1 2.46138 166 4.53395 0.415 0 0 0 93 93 105 
81 166 1 2.43676 166 4.53395 0.415 0 0 0 95 95 106 
82 166 1 2.4124 166 4.53395 0.415 0 0 0 98 98 107 
83 166 1 2.38827 166 4.53395 0.415 0 0 0 102 102 108 
84 166 1 2.36439 166 4.53395 0.415 0 0 0 104 104 109 
85 166 1 2.34075 166 4.53395 0.415 0 0 0 106 106 110 
86 166 1 2.31734 166 4.53395 0.415 0 0 0 108 108 111 
87 166 1 2.29416 166 4.53395 0.415 0 0 0 111 111 112 
88 166 1 2.27122 166 4.53395 0.415 0 0 0 114 114 115 
89 166 1 2.24851 166 4.53395 0.415 0 0 0 117 117 116 
90 166 1 2.22603 166 4.53395 0.415 0 0 0 120 120 117 
91 166 1 2.20377 166 4.53395 0.415 0 0 0 122 122 118 
92 166 1 2.18173 166 4.53395 0.415 0 0 0 125 125 119 
93 166 1 2.15991 166 4.53395 0.415 0 0 0 128 128 120 
94 166 1 2.13831 166 4.53395 0.415 0 0 0 131 131 121 
95 178 1 2.11693 178 4.97515 0.445 0 0 0 134 134 124 
96 181 1 2.09576 181 5.89451 0.4525 0 0 0 141 141 128 
97 182 1 2.0748 182 5.93257 0.455 0 0 0 146 146 130 
98 182 1 2.05405 182 5.93257 0.455 0 0 0 153 153 131 
99 182 1 2.03351 182 5.93257 0.455 0 0 0 158 158 132 
100 187 1 2.01318 187 6.48121 0.4675 0 0 0 162 162 135 
101 187 1 1.99305 187 6.48121 0.4675 0 0 0 167 167 136 
102 187 1 1.97312 187 6.29883 0.4675 0 0 0 173 173 138 
103 187 1 1.95338 187 6.29883 0.4675 0 0 0 178 178 139 
104 187 1 1.93385 187 6.29883 0.4675 0 0 0 184 184 141 
105 187 1 1.91451 187 6.29883 0.4675 0 0 0 191 191 142 
106 187 1 1.89537 187 6.29883 0.4675 0 0 0 197 197 143 
107 187 1 1.87641 187 6.29883 0.4675 0 0 0 203 203 144 
108 187 1 1.85765 187 6.29883 0.4675 0 0 0 209 209 145 
109 187 1 1.83907 187 6.29883 0.4675 0 0 0 215 215 146 
110 187 1 1.82068 187 6.26863 0.4675 0 0 0 221 221 149 
111 187 1 1.80248 187 6.26863 0.4675 0 0 0 228 228 150 
112 187 1 1.78445 187 6.26863 0.4675 0 0 0 235 235 151 
113 187 1 1.76661 187 6.05461 0.4675 0 0 0 243 243 153 
114 187 1 1.74894 187 6.05461 0.4675 0 0 0 250 250 154 
115 187 1 1.73145 187 6.05461 0.4675 0 0 0 258 258 155 
116 187 1 1.71414 187 6.05461 0.4675 0 0 0 269 269 156 
117 187 1 1.69699 187 6.05461 0.4675 0 0 0 277 277 157 
118 187 1 1.68002 187 6.05461 0.4675 0 0 0 288 288 158 
119 187 1 1.66322 187 6.05461 0.4675 0 0 0 295 295 159 
120 193 1 1.64659 193 6.25163 0.4825 0 0 0 309 309 166 
121 193 1 1.63013 193 6.25163 0.4825 0 0 0 333 333 170 
122 193 1 1.61382 193 6.25163 0.4825 0 0 0 346 346 174 
123 196 1 1.59769 196 8.52298 0.49 0 0 0 367 367 182 
124 196 1 1.58171 196 8.42218 0.49 0 0 0 386 386 185 
125 196 1 1.56589 196 8.42218 0.49 0 0 0 419 419 188 
126 196 1 1.55023 196 8.26476 0.49 0 0 0 434 434 190 
127 196 1 1.53473 196 8.26476 0.49 0 0 0 455 455 196 
128 211 1 1.51938 211 8.57485 0.5275 0 0 0 479 479 203 
129 211 1 1.50419 211 8.57485 0.5275 0 0 0 506 506 206 
130 211 1 1.48915 211 8.57485 0.5275 0 0 0 533 533 208 
131 211 1 1.47426 211 8.57485 0.5275 0 0 0 565 565 209 
132 211 1 1.45951 211 8.57485 0.5275 0 0 0 603 603 213 
133 211 1 1.44492 211 8.57485 0.5275 0 0 0 642 642 215 
134 211 1 1.43047 211 8.57436 0.5275 0 0 0 673 673 216 
135 211 1 1.41617 211 8.45321 0.5275 0 0 0 709 709 219 
136 211 1 1.402 211 8.45321 0.5275 0 0 0 746 746 220 
137 211 1 1.38798 211 8.45321 0.5275 0 0 0 785 785 224 
138 211 1 1.3741 211 8.45321 0.5275 0 0 0 824 824 227 
139 211 1 1.36036 211 8.45321 0.5275 0 0 0 867 867 229 
140 211 1 1.34676 211 8.45321 0.5275 0 0 0 907 907 230 
141 211 1 1.33329 211 8.45321 0.5275 0 0 0 944 944 231 
142 213 1 1.31996 213 8.78525 0.5325 0 0 0 982 982 238 
143 213 1 1.30676 213 8.78525 0.5325 0 0 0 1022 1022 241 
144 231 1 1.29369 231 9.15622 0.5775 0 0 0 1078 1078 246 
145 232 1 1.28075 232 9.20733 0.58 0 0 0 1131 1131 252 
146 232 1 1.26795 232 9.20733 0.58 0 0 0 1182 1182 253 
147 232 1 1.25527 232 9.20733 0.58 0 0 0 1225 1225 257 
148 232 1 1.24271 232 9.17602 0.58 0 0 0 1269 1269 259 
149 232 1 1.23029 232 9.17602 0.58 0 0 0 1323 1323 260 
150 232 1 1.21798 232 8.96052 0.58 0 0 0 1367 1367 263 
151 232 1 1.2058 232 8.96052 0.58 0 0 0 1422 1422 264 
152 232 1 1.19375 232 8.96052 0.58 0 0 0 1471 1471 265 
153 232 1 1.18181 232 8.96052 0.58 0 0 0 1528 1528 266 
154 233 1 1.16999 233 10.0392 0.5825 0 0 0 1584 1584 273 
155 233 1 1.15829 233 9.78122 0.5825 0 0 0 1638 1638 274 
156 233 1 1.14671 233 9.78122 0.5825 0 0 0 1695 1695 275 
157 233 1 1.13524 233 9.78122 0.5825 0 0 0 1757 1757 276 
158 233 1 1.12389 233 9.78122 0.5825 0 0 0 1818 1818 279 
159 233 1 1.11265 233 9.78122 0.5825 0 0 0 1886 1886 280 
160 233 1 1.10152 233 9.78122 0.5825 0 0 0 1939 1939 281 
161 233 1 1.09051 233 9.78122 0.5825 0 0 0 1996 1996 284 
162 233 1 1.0796 233 9.78122 0.5825 0 0 0 2037 2037 287 
163 233 1 1.06881 233 9.78122 0.5825 0 0 0 2091 2091 290 
164 233 1 1.05812 233 9.78122 0.5825 0 0 0 2166 2166 294 
165 233 1 1.04754 233 9.78122 0.5825 0 0 0 2237 2237 297 
166 233 1 1.03706 233 9.78122 0.5825 0 0 0 2298 2298 298 
167 233 1 1.02669 233 9.78122 0.5825 0 0 0 2372 2372 300 
168 233 1 1.01643 233 9.78122 0.5825 0 0 0 2437 2437 301 
169 233 1 1.00626 233 9.78122 0.5825 0 0 0 2517 2517 303 
170 233 1 0.996198 233 9.78122 0.5825 0 0 0 2578 2578 308 
171 236 1 0.986236 236 12.1003 0.59 0 0 0 2690 2690 313 
172 236 1 0.976374 236 12.0525 0.59 0 0 0 2802 2802 315 
173 237 1 0.96661 237 9.98159 0.5925 0 0 0 2896 2896 320 
174 237 1 0.956944 237 9.96701 0.5925 0 0 0 2989 2989 323 
175 237 1 0.947375 237 9.96701 0.5925 0 0 0 3078 3078 327 
176 237 1 0.937901 237 9.96701 0.5925 0 0 0 3186 3186 333 
177 237 1 0.928522 237 9.96701 0.5925 0 0 0 3317 3317 337 
178 237 1 0.919237 237 9.95254 0.5925 0 0 0 3415 3415 340 
179 237 1 0.910044 237 7.6728 0.5925 0 0 0 3509 3509 344 
180 243 1 0.900944 243 8.07447 0.6075 0 0 0 3679 3679 349 
181 245 1 0.891934 245 7.83963 0.6125 0 0 0 3860 3860 353 
182 245 1 0.883015 245 7.83963 0.6125 0 0 0 4037 4037 356 
183 253 1 0.874185 253 7.71514 0.6325 0 0 0 4325 4325 363 
184 253 1 0.865443 253 7.49694 0.6325 0 0 0 4618 4618 366 
185 253 1 0.856789 253 7.14002 0.6325 0 0 0 4750 4750 369 
186 253 1 0.848221 253 7.14002 0.6325 0 0 0 4905 4905 371 
187 253 1 0.839739 253 7.14002 0.6325 0 0 0 5045 5045 375 
188 253 1 0.831341 253 7.14002 0.6325 0 0 0 5226 5226 378 
189 253 1 0.823028 253 7.14002 0.6325 0 0 0 5365 5365 379 
190 253 1 0.814798 253 7.14002 0.6325 0 0 0 5501 5501 382 
191 253 1 0.80665 253 7.14002 0.6325 0 0 0 5697 5697 383 
192 253 1 0.798583 253 7.14002 0.6325 0 0 0 5893 5893 384 
193 253 1 0.790597 253 7.14002 0.6325 0 0 0 6100 6100 385 
194 253 1 0.782691 253 7.05901 0.6325 0 0 0 6311 6311 387 
195 253 1 0.774864 253 7.05901 0.6325 0 0 0 6531 6531 389 
196 259 1 0.767116 259 7.76269 0.6475 0 0 0 6723 6723 394 
197 259 1 0.759445 259 7.24736 0.6475 0 0 0 6916 6916 395 
198 259 1 0.75185 259 7.24736 0.6475 0 0 0 7186 7186 400 
199 259 1 0.744332 259 7.24736 0.6475 0 0 0 7422 7422 402 
200 259 1 0.736888 259 7.24736 0.6475 0 0 0 7667 7667 406 
201 259 1 0.729519 259 7.24736 0.6475 0 0 0 7963 7963 408 
202 259 1 0.722224 259 7.24736 0.6475 0 0 0 8228 8228 409 
203 259 1 0.715002 259 7.24736 0.6475 0 0 0 8524 8524 411 
204 259 1 0.707852 259 7.23198 0.6475 0 0 0 8799 8799 412 
205 259 1 0.700773 259 7.23198 0.6475 0 0 0 9085 9085 413 
206 260 1 0.693766 260 7.39409 0.65 0 0 0 9522 9522 416 
207 260 1 0.686828 260 7.39409 0.65 0 0 0 9851 9851 419 
208 260 1 0.67996 260 7.39409 0.65 0 0 0 10438 10438 422 
209 260 1 0.67316 260 7.33998 0.65 0 0 0 10933 10933 423 
210 266 1 0.666429 266 7.65989 0.665 0 0 0 11681 11681 428 
211 266 1 0.659764 266 7.26516 0.665 0 0 0 12136 12136 431 
212 266 1 0.653167 266 7.26516 0.665 0 0 0 12821 12821 432 
213 266 1 0.646635 266 7.26516 0.665 0 0 0 13453 13453 434 
214 266 1 0.640169 266 7.26516 0.665 0 0 0 14297 14297 435 
215 266 1 0.633767 266 7.26516 0.665 0 0 0 15101 15101 438 
216 266 1 0.627429 266 7.26516 0.665 0 0 0 17585 17585 439 
217 266 1 0.621155 266 7.26516 0.665 0 0 0 21986 21986 443 
218 266 1 0.614943 266 7.26516 0.665 0 0 0 26276 26276 446 
219 266 1 0.608794 266 7.26516 0.665 0 0 0 30593 30593 447 
220 266 1 0.602706 266 7.26516 0.665 0 0 0 35470 35470 448 
221 266 1 0.596679 266 7.26516 0.665 0 0 0 40560 40560 451 
222 266 1 0.590712 266 7.26516 0.665 0 0 0 47838 47838 452 
223 266 1 0.584805 266 7.26516 0.665 0 0 0 52348 52348 453 
224 266 1 0.578957 266 7.26516 0.665 0 0 0 59977 59977 454 
225 266 1 0.573168 266 7.26516 0.665 0 0 0 65161 65161 455 
226 266 1 0.567436 266 7.26516 0.665 0 0 0 70405 70405 456 
227 266 1 0.561761 266 7.26516 0.665 0 0 0 74465 74465 457 
228 266 1 0.556144 266 7.26516 0.665 0 0 0 79334 79334 458 
229 266 1 0.550582 266 7.26516 0.665 0 0 0 83449 83449 459 
230 277 1 0.545077 277 7.4943 0.6925 0 0 0 86125 86125 461 
231 277 1 0.539626 277 7.47561 0.6925 0 0 0 88283 88283 462 
232 277 1 0.53423 277 7.47561 0.6925 0 0 0 93504 93504 464 
233 277 1 0.528887 277 7.47561 0.6925 0 0 0 100118 100118 466 
234 277 1 0.523598 277 7.47561 0.6925 0 0 0 104340 104340 469 
235 277 1 0.518362 277 7.47561 0.6925 0 0 0 108874 108874 470 
236 277 1 0.513179 277 7.47561 0.6925 0 0 0 115130 115130 472 
237 277 1 0.508047 277 7.4741 0.6925 0 0 0 123013 123013 473 
238 277 1 0.502967 277 7.4741 0.6925 0 0 0 132124 132124 475 
239 277 1 0.497937 277 7.4741 0.6925 0 0 0 141148 141148 476 
240 277 1 0.492957 277 7.4741 0.6925 0 0 0 147799 147799 477 
241 277 1 0.488028 277 7.4741 0.6925 0 0 0 153886 153886 478 
242 277 1 0.483148 277 7.38883 0.6925 0 0 0 163677 163677 479 
243 277 1 0.478316 277 7.38883 0.6925 0 0 0 178127 178127 481 
244 277 1 0.473533 277 7.38883 0.6925 0 0 0 184620 184620 482 
245 283 1 0.468798 283 7.64416 0.7075 0 0 0 191430 191430 484 
246 283 1 0.46411 283 7.63235 0.7075 0 0 0 209123 209123 488 
247 283 1 0.459469 283 7.56971 0.7075 0 0 0 223845 223845 491 
248 283 1 0.454874 283 7.56971 0.7075 0 0 0 253224 253224 492 
249 283 1 0.450325 283 7.53846 0.7075 0 0 0 272888 272888 494 
250 283 1 0.445822 283 7.53846 0.7075 0 0 0 291916 291916 496 
251 284 1 0.441364 284 10.0267 0.71 0 0 0 344633 344633 501 
252 284 1 0.43695 284 9.93729 0.71 0 0 0 388995 388995 504 
253 284 1 0.432581 284 9.93729 0.71 0 0 0 470249 470249 505 
254 284 1 0.428255 284 9.88184 0.71 0 0 0 512461 512461 506 
255 284 1 0.423972 284 9.8719 0.71 0 0 0 553245 553245 509 
256 284 1 0.419733 284 9.8719 0.71 0 0 0 601730 601730 510 
257 284 1 0.415535 284 9.8719 0.71 0 0 0 675981 675981 511 
258 284 1 0.41138 284 9.8719 0.71 0 0 0 736568 736568 513 
259 284 1 0.407266 284 9.8719 0.71 0 0 0 845256 845256 515 
260 284 1 0.403193 284 9.8719 0.71 0 0 0 937893 937893 518 
261 284 1 0.399162 284 9.8719 0.71 0 0 0 1033360 1033360 520 
262 284 1 0.39517 284 9.84306 0.71 0 0 0 1137051 1137051 522 
263 284 1 0.391218 284 9.84306 0.71 0 0 0 1257646 1257646 523 
264 284 1 0.387306 284 9.84306 0.71 0 0 0 1369822 1369822 524 
265 284 1 0.383433 284 9.84306 0.71 0 0 0 1583037 1583037 525 
266 284 1 0.379599 284 9.84306 0.71 0 0 0 1713546 1713546 526 
