1 105 0.01 7.92 105 0 0.2625 0 0 0 0 0 0 
95 178 0.615104 3.07917 170 4.19824 0.425 0 0 0 8 8 107 
144 231 0.764783 1.88173 216 6.16264 0.54 0 0 0 30 30 170 
192 253 0.854803 1.16157 235 8.97959 0.5875 0 0 0 71 71 237 
214 266 0.883606 0.931154 246 8.05404 0.615 0 0 0 126 126 277 
230 277 0.900895 0.792838 258 6.63171 0.645 0 0 0 188 188 303 
245 283 0.914764 0.681887 271 6.36761 0.6775 0 0 0 266 266 326 
281 295 0.940641 0.474875 287 6.79395 0.7175 0 0 0 501 501 370 
298 304 0.949963 0.400293 295 8.32636 0.7375 0 0 0 1504 1504 399 
341 305 0.967521 0.259831 297 7.86563 0.7425 0 0 0 13331 13331 457 
351 306 0.970627 0.234987 299 8.2922 0.7475 0 0 0 59272 59272 476 
358 312 0.972622 0.219023 304 9.88919 0.76 0 0 0 118461 118461 500 
365 312 0.974482 0.204144 305 11.5623 0.7625 0 0 0 195780 195780 524 
378 312 0.977607 0.17914 306 12.0501 0.765 0 0 0 338563 338563 552 
383 314 0.978705 0.170361 308 11.9992 0.77 0 0 0 598295 598295 567 
394 314 0.980934 0.15253 309 12.6447 0.7725 0 0 0 976380 976380 584 
395 318 0.981124 0.151005 312 11.939 0.78 0 0 0 1389652 1389652 597 
396 321 0.981313 0.149495 316 12.3 0.79 0 0 0 1795299 1795299 611 
