1 105 0.01 5.445 105 0 0.2625 0 0 0 0 0 0 
95 178 0.615104 2.11693 170 4.19824 0.425 0 0 0 8 8 107 
144 231 0.764783 1.29369 215 5.3749 0.5375 0 0 0 28 28 169 
189 253 0.850359 0.823028 232 5.67987 0.58 0 0 0 77 77 227 
210 266 0.878831 0.666429 245 6.5003 0.6125 0 0 0 149 149 255 
230 277 0.900895 0.545077 266 6.26801 0.665 0 0 0 230 230 283 
275 284 0.936951 0.34677 270 6.18084 0.675 0 0 0 613 613 333 
281 295 0.940641 0.326477 283 6.14374 0.7075 0 0 0 996 996 348 
290 300 0.945774 0.298242 292 5.97936 0.73 0 0 0 2023 2023 367 
315 305 0.957822 0.231979 293 6.56774 0.7325 0 0 0 6908 6908 400 
322 305 0.960687 0.21622 295 6.97152 0.7375 0 0 0 14707 14707 417 
341 305 0.967521 0.178634 296 7.78242 0.74 0 0 0 43451 43451 448 
348 306 0.969728 0.166499 298 7.5811 0.745 0 0 0 121363 121363 466 
358 312 0.972622 0.150578 304 9.86056 0.76 0 0 0 326547 326547 491 
365 312 0.974482 0.140349 305 11.3663 0.7625 0 0 0 478746 478746 508 
378 312 0.977607 0.123159 306 11.1127 0.765 0 0 0 726325 726325 538 
383 314 0.978705 0.117123 308 11.8316 0.77 0 0 0 1172219 1172219 559 
