1 105 0.01 6.93 105 0 0.2625 0 0 0 0 0 0 
95 178 0.615104 2.69427 170 4.19824 0.425 0 0 0 8 8 107 
144 231 0.764783 1.64652 218 6.82822 0.545 0 0 0 32 32 168 
196 259 0.860524 0.976329 240 6.3853 0.6 0 0 0 83 83 227 
230 277 0.900895 0.693733 255 6.58864 0.6375 0 0 0 164 164 268 
245 283 0.914764 0.596651 271 6.44331 0.6775 0 0 0 263 263 290 
281 295 0.940641 0.415516 281 6.509 0.7025 0 0 0 674 674 336 
288 298 0.944673 0.387288 285 6.29881 0.7125 0 0 0 1435 1435 352 
298 304 0.949963 0.350256 294 7.99438 0.735 0 0 0 3317 3317 370 
331 305 0.964087 0.25139 295 7.07912 0.7375 0 0 0 12509 12509 415 
341 305 0.967521 0.227352 297 7.80799 0.7425 0 0 0 36012 36012 438 
351 306 0.970627 0.205613 298 7.81235 0.745 0 0 0 72663 72663 458 
358 312 0.972622 0.191645 304 10.1065 0.76 0 0 0 178422 178422 479 
365 312 0.974482 0.178626 305 11.5478 0.7625 0 0 0 281632 281632 505 
378 312 0.977607 0.156748 306 11.1391 0.765 0 0 0 500450 500450 541 
383 314 0.978705 0.149066 308 11.8579 0.77 0 0 0 817232 817232 556 
394 314 0.980934 0.133464 309 12.3432 0.7725 0 0 0 1412900 1412900 576 
