1 105 1 3.465 105 0 0.2625 0 0 0 0 0 0 
2 108 1 3.43035 108 0.1 0.27 0 0 0 0 0 1 
3 110 1 3.39605 110 0.195919 0.275 0 0 0 0 0 3 
4 112 1 3.36209 112 0.295919 0.28 0 0 0 0 0 4 
5 114 1 3.32846 114 0.395919 0.285 0 0 0 0 0 5 
6 115 1 3.29518 115 0.488365 0.2875 0 0 0 0 0 7 
7 115 1 3.26223 115 0.488365 0.2875 0 0 0 0 0 8 
8 122 1 3.22961 122 0.62186 0.305 0 0 0 0 0 10 
9 122 1 3.19731 122 0.62186 0.305 0 0 0 0 0 11 
10 122 1 3.16534 122 0.62186 0.305 0 0 0 0 0 12 
11 131 1 3.13368 131 0.72186 0.3275 0 0 0 0 0 13 
12 131 1 3.10235 131 0.72186 0.3275 0 0 0 0 0 14 
13 132 1 3.07132 132 1.03084 0.33 0 0 0 0 0 16 
14 133 1 3.04061 133 1.15732 0.3325 0 0 0 0 0 19 
15 141 1 3.0102 141 1.25557 0.3525 0 0 0 0 0 22 
16 141 1 2.9801 141 1.25557 0.3525 0 0 0 0 0 23 
17 142 1 2.9503 142 1.40416 0.355 0 0 0 0 0 25 
18 143 1 2.9208 143 1.50416 0.3575 0 0 0 0 0 26 
19 145 1 2.89159 145 1.65811 0.3625 0 0 0 0 0 28 
20 145 1 2.86267 145 1.65811 0.3625 0 0 0 0 0 29 
21 145 1 2.83405 145 1.65811 0.3625 0 0 0 0 0 30 
22 145 1 2.80571 145 1.65811 0.3625 0 0 0 0 0 31 
23 146 1 2.77765 146 1.7409 0.365 0 0 0 0 0 33 
24 146 1 2.74987 146 1.7409 0.365 0 0 0 0 0 34 
25 147 1 2.72237 147 2.02836 0.3675 0 0 0 0 0 36 
26 148 1 2.69515 148 2.08592 0.37 0 0 0 0 0 38 
27 148 1 2.6682 148 2.08592 0.37 0 0 0 0 0 42 
28 148 1 2.64152 148 2.08592 0.37 0 0 0 1 1 43 
29 148 1 2.6151 148 2.08592 0.37 0 0 0 2 2 44 
30 150 1 2.58895 150 2.51612 0.375 0 0 0 3 3 46 
31 150 1 2.56306 150 2.51612 0.375 0 0 0 4 4 47 
32 150 1 2.53743 150 2.51612 0.375 0 0 0 5 5 48 
33 150 1 2.51206 150 2.51612 0.375 0 0 0 6 6 49 
34 150 1 2.48694 150 2.51612 0.375 0 0 0 7 7 50 
35 150 1 2.46207 150 2.51612 0.375 0 0 0 8 8 51 
36 150 1 2.43745 150 2.51612 0.375 0 0 0 9 9 52 
37 150 1 2.41307 150 2.51612 0.375 0 0 0 10 10 53 
38 150 1 2.38894 150 2.51612 0.375 0 0 0 11 11 54 
39 150 1 2.36505 150 2.51612 0.375 0 0 0 12 12 55 
40 150 1 2.3414 150 2.51612 0.375 0 0 0 13 13 56 
41 150 1 2.31799 150 2.51612 0.375 0 0 0 14 14 57 
42 150 1 2.29481 150 2.51612 0.375 0 0 0 15 15 58 
43 151 1 2.27186 151 3.0701 0.3775 0 0 0 16 16 60 
44 152 1 2.24914 152 3.12806 0.38 0 0 0 17 17 62 
45 152 1 2.22665 152 3.12806 0.38 0 0 0 18 18 63 
46 152 1 2.20438 152 3.12806 0.38 0 0 0 19 19 64 
47 152 1 2.18234 152 3.12806 0.38 0 0 0 20 20 65 
48 152 1 2.16052 152 3.12806 0.38 0 0 0 21 21 66 
49 152 1 2.13891 152 3.12806 0.38 0 0 0 22 22 67 
50 152 1 2.11752 152 3.12806 0.38 0 0 0 23 23 68 
51 152 1 2.09635 152 3.12806 0.38 0 0 0 24 24 69 
52 152 1 2.07538 152 3.12806 0.38 0 0 0 25 25 70 
53 152 1 2.05463 152 3.12806 0.38 0 0 0 26 26 71 
54 152 1 2.03408 152 3.12806 0.38 0 0 0 27 27 72 
55 159 1 2.01374 159 3.53263 0.3975 0 0 0 28 28 74 
56 159 1 1.9936 159 3.53263 0.3975 0 0 0 30 30 75 
57 165 1 1.97367 165 3.88679 0.4125 0 0 0 32 32 78 
58 165 1 1.95393 165 3.88679 0.4125 0 0 0 34 34 79 
59 165 1 1.93439 165 3.88679 0.4125 0 0 0 36 36 80 
60 165 1 1.91505 165 3.88679 0.4125 0 0 0 38 38 81 
61 165 1 1.8959 165 3.88679 0.4125 0 0 0 40 40 82 
62 166 1 1.87694 166 4.6754 0.415 0 0 0 42 42 87 
63 166 1 1.85817 166 4.6754 0.415 0 0 0 45 45 88 
64 166 1 1.83959 166 4.6754 0.415 0 0 0 47 47 89 
65 166 1 1.82119 166 4.6754 0.415 0 0 0 49 49 90 
66 166 1 1.80298 166 4.6754 0.415 0 0 0 51 51 91 
67 166 1 1.78495 166 4.6754 0.415 0 0 0 53 53 92 
68 166 1 1.7671 166 4.6754 0.415 0 0 0 56 56 93 
69 166 1 1.74943 166 4.6754 0.415 0 0 0 58 58 94 
70 166 1 1.73194 166 4.66047 0.415 0 0 0 60 60 97 
71 166 1 1.71462 166 4.66047 0.415 0 0 0 62 62 98 
72 166 1 1.69747 166 4.62043 0.415 0 0 0 64 64 100 
73 166 1 1.68049 166 4.62043 0.415 0 0 0 66 66 101 
74 166 1 1.66369 166 4.10029 0.415 0 0 0 69 69 103 
75 166 1 1.64705 166 4.10029 0.415 0 0 0 72 72 104 
76 166 1 1.63058 166 4.10029 0.415 0 0 0 74 74 105 
77 166 1 1.61428 166 4.10029 0.415 0 0 0 76 76 106 
78 166 1 1.59813 166 4.10029 0.415 0 0 0 78 78 107 
79 166 1 1.58215 166 4.10029 0.415 0 0 0 80 80 109 
80 166 1 1.56633 166 4.10029 0.415 0 0 0 83 83 111 
81 166 1 1.55067 166 4.10029 0.415 0 0 0 87 87 112 
82 166 1 1.53516 166 4.10029 0.415 0 0 0 90 90 113 
83 166 1 1.51981 166 4.10029 0.415 0 0 0 92 92 114 
84 166 1 1.50461 166 4.10029 0.415 0 0 0 95 95 119 
85 166 1 1.48957 166 4.10029 0.415 0 0 0 98 98 120 
86 166 1 1.47467 166 4.10029 0.415 0 0 0 101 101 121 
87 166 1 1.45992 166 4.10029 0.415 0 0 0 104 104 122 
88 166 1 1.44532 166 4.10029 0.415 0 0 0 108 108 127 
89 166 1 1.43087 166 4.10029 0.415 0 0 0 113 113 128 
90 166 1 1.41656 166 4.10029 0.415 0 0 0 117 117 129 
91 166 1 1.4024 166 4.10029 0.415 0 0 0 121 121 131 
92 166 1 1.38837 166 4.10029 0.415 0 0 0 125 125 132 
93 166 1 1.37449 166 4.10029 0.415 0 0 0 129 129 133 
94 166 1 1.36074 166 4.10029 0.415 0 0 0 134 134 134 
95 178 1 1.34714 178 4.711 0.445 0 0 0 145 145 139 
96 181 1 1.33366 181 5.47732 0.4525 0 0 0 155 155 143 
97 182 1 1.32033 182 5.54266 0.455 0 0 0 169 169 147 
98 182 1 1.30712 182 5.54266 0.455 0 0 0 184 184 148 
99 182 1 1.29405 182 5.51538 0.455 0 0 0 200 200 149 
100 187 1 1.28111 187 6.06401 0.4675 0 0 0 215 215 152 
101 187 1 1.2683 187 6.06401 0.4675 0 0 0 232 232 154 
102 187 1 1.25562 187 6.02959 0.4675 0 0 0 250 250 158 
103 187 1 1.24306 187 6.02959 0.4675 0 0 0 269 269 160 
104 187 1 1.23063 187 6.02959 0.4675 0 0 0 288 288 161 
105 187 1 1.21833 187 6.02959 0.4675 0 0 0 315 315 167 
106 187 1 1.20614 187 6.02959 0.4675 0 0 0 343 343 168 
107 187 1 1.19408 187 6.02959 0.4675 0 0 0 369 369 174 
108 187 1 1.18214 187 6.02959 0.4675 0 0 0 391 391 177 
109 187 1 1.17032 187 6.02959 0.4675 0 0 0 409 409 178 
110 187 1 1.15862 187 6.02959 0.4675 0 0 0 443 443 184 
111 187 1 1.14703 187 6.02959 0.4675 0 0 0 463 463 186 
112 187 1 1.13556 187 6.02959 0.4675 0 0 0 487 487 187 
113 187 1 1.1242 187 6.01188 0.4675 0 0 0 507 507 188 
114 187 1 1.11296 187 6.01188 0.4675 0 0 0 528 528 193 
115 187 1 1.10183 187 6.01188 0.4675 0 0 0 545 545 195 
116 187 1 1.09081 187 5.9846 0.4675 0 0 0 556 556 196 
117 187 1 1.07991 187 5.9846 0.4675 0 0 0 567 567 199 
118 187 1 1.06911 187 5.97819 0.4675 0 0 0 578 578 200 
119 187 1 1.05842 187 5.97153 0.4675 0 0 0 591 591 202 
120 193 1 1.04783 193 5.95364 0.4825 0 0 0 622 622 207 
121 193 1 1.03735 193 5.95364 0.4825 0 0 0 652 652 211 
122 193 1 1.02698 193 5.95364 0.4825 0 0 0 679 679 213 
123 196 1 1.01671 196 8.10106 0.49 0 0 0 701 701 218 
124 196 1 1.00654 196 8.09136 0.49 0 0 0 723 723 219 
125 196 1 0.996477 196 8.09136 0.49 0 0 0 746 746 220 
126 196 1 0.986512 196 8.09136 0.49 0 0 0 769 769 221 
127 196 1 0.976647 196 8.09136 0.49 0 0 0 796 796 227 
128 211 1 0.966881 211 8.63752 0.5275 0 0 0 845 845 234 
129 211 1 0.957212 211 8.33341 0.5275 0 0 0 888 888 239 
130 211 1 0.94764 211 8.33341 0.5275 0 0 0 932 932 243 
131 211 1 0.938163 211 8.32604 0.5275 0 0 0 971 971 245 
132 211 1 0.928782 211 8.32604 0.5275 0 0 0 1010 1010 248 
133 211 1 0.919494 211 8.32604 0.5275 0 0 0 1049 1049 254 
134 211 1 0.910299 211 8.32604 0.5275 0 0 0 1091 1091 260 
135 211 1 0.901196 211 8.32604 0.5275 0 0 0 1138 1138 261 
136 211 1 0.892184 211 8.32604 0.5275 0 0 0 1182 1182 263 
137 211 1 0.883262 211 8.32604 0.5275 0 0 0 1229 1229 266 
138 211 1 0.87443 211 8.32604 0.5275 0 0 0 1286 1286 268 
139 211 1 0.865685 211 8.32604 0.5275 0 0 0 1355 1355 270 
140 211 1 0.857028 211 8.32604 0.5275 0 0 0 1432 1432 272 
141 211 1 0.848458 211 8.32604 0.5275 0 0 0 1494 1494 277 
142 213 1 0.839973 213 8.73524 0.5325 0 0 0 1553 1553 282 
143 213 1 0.831574 213 8.73524 0.5325 0 0 0 1618 1618 288 
144 231 1 0.823258 231 8.61701 0.5775 0 0 0 1664 1664 295 
145 232 1 0.815025 232 8.54009 0.58 0 0 0 1696 1696 302 
146 232 1 0.806875 232 8.54009 0.58 0 0 0 1731 1731 306 
147 232 1 0.798806 232 8.54009 0.58 0 0 0 1772 1772 311 
148 232 1 0.790818 232 8.51846 0.58 0 0 0 1815 1815 314 
149 232 1 0.78291 232 8.42396 0.58 0 0 0 1865 1865 318 
150 232 1 0.775081 232 8.42396 0.58 0 0 0 1919 1919 321 
151 232 1 0.76733 232 8.42396 0.58 0 0 0 1967 1967 323 
152 232 1 0.759657 232 8.42396 0.58 0 0 0 2019 2019 324 
153 232 1 0.75206 232 8.42396 0.58 0 0 0 2080 2080 328 
154 233 1 0.74454 233 9.56676 0.5825 0 0 0 2150 2150 335 
155 233 1 0.737094 233 9.56676 0.5825 0 0 0 2218 2218 340 
156 233 1 0.729723 233 9.27507 0.5825 0 0 0 2273 2273 342 
157 233 1 0.722426 233 9.27507 0.5825 0 0 0 2326 2326 344 
158 233 1 0.715202 233 9.20787 0.5825 0 0 0 2392 2392 345 
159 233 1 0.70805 233 9.20787 0.5825 0 0 0 2460 2460 346 
160 233 1 0.700969 233 9.17317 0.5825 0 0 0 2526 2526 348 
161 233 1 0.69396 233 9.17317 0.5825 0 0 0 2585 2585 350 
162 233 1 0.68702 233 9.17317 0.5825 0 0 0 2661 2661 356 
163 233 1 0.68015 233 9.17317 0.5825 0 0 0 2715 2715 360 
164 233 1 0.673348 233 9.17317 0.5825 0 0 0 2788 2788 364 
165 233 1 0.666615 233 9.17317 0.5825 0 0 0 2855 2855 366 
166 233 1 0.659949 233 9.17317 0.5825 0 0 0 2921 2921 367 
167 233 1 0.653349 233 9.17317 0.5825 0 0 0 2996 2996 369 
168 233 1 0.646816 233 9.17317 0.5825 0 0 0 3093 3093 374 
169 233 1 0.640348 233 9.17317 0.5825 0 0 0 3201 3201 375 
170 233 1 0.633944 233 9.17317 0.5825 0 0 0 3307 3307 377 
171 236 1 0.627605 236 11.634 0.59 0 0 0 3883 3883 384 
172 236 1 0.621329 236 11.5149 0.59 0 0 0 4723 4723 392 
173 237 1 0.615115 237 9.75702 0.5925 0 0 0 5589 5589 395 
174 237 1 0.608964 237 9.5528 0.5925 0 0 0 6484 6484 397 
175 237 1 0.602875 237 9.5528 0.5925 0 0 0 7344 7344 401 
176 237 1 0.596846 237 9.5528 0.5925 0 0 0 7930 7930 404 
177 237 1 0.590877 237 9.5528 0.5925 0 0 0 9232 9232 406 
178 237 1 0.584969 237 9.47221 0.5925 0 0 0 10103 10103 408 
179 237 1 0.579119 237 7.40952 0.5925 0 0 0 10964 10964 410 
180 243 1 0.573328 243 7.45283 0.6075 0 0 0 11936 11936 413 
181 245 1 0.567594 245 7.10489 0.6125 0 0 0 13218 13218 417 
182 245 1 0.561918 245 6.87891 0.6125 0 0 0 13990 13990 418 
183 253 1 0.556299 253 7.27907 0.6325 0 0 0 16123 16123 424 
184 253 1 0.550736 253 7.2588 0.6325 0 0 0 18271 18271 425 
185 253 1 0.545229 253 7.2588 0.6325 0 0 0 19611 19611 426 
186 253 1 0.539777 253 7.2588 0.6325 0 0 0 20891 20891 427 
187 253 1 0.534379 253 7.2588 0.6325 0 0 0 22869 22869 428 
188 253 1 0.529035 253 7.14434 0.6325 0 0 0 24872 24872 431 
189 253 1 0.523745 253 7.14434 0.6325 0 0 0 26480 26480 434 
190 253 1 0.518507 253 7.08892 0.6325 0 0 0 27766 27766 437 
191 253 1 0.513322 253 7.08892 0.6325 0 0 0 29468 29468 438 
192 253 1 0.508189 253 7.08892 0.6325 0 0 0 31102 31102 442 
193 253 1 0.503107 253 7.08892 0.6325 0 0 0 33527 33527 443 
194 253 1 0.498076 253 6.98675 0.6325 0 0 0 35000 35000 446 
195 253 1 0.493095 253 6.98675 0.6325 0 0 0 36716 36716 447 
196 259 1 0.488164 259 7.03 0.6475 0 0 0 39785 39785 449 
197 259 1 0.483283 259 6.8068 0.6475 0 0 0 41900 41900 452 
198 259 1 0.47845 259 6.8068 0.6475 0 0 0 44106 44106 454 
199 259 1 0.473665 259 6.8068 0.6475 0 0 0 46573 46573 457 
200 259 1 0.468929 259 6.8068 0.6475 0 0 0 49689 49689 459 
201 259 1 0.464239 259 6.8068 0.6475 0 0 0 53665 53665 460 
202 259 1 0.459597 259 6.8068 0.6475 0 0 0 57998 57998 461 
203 259 1 0.455001 259 6.8068 0.6475 0 0 0 62014 62014 464 
204 259 1 0.450451 259 6.8068 0.6475 0 0 0 65446 65446 465 
205 259 1 0.445947 259 6.8068 0.6475 0 0 0 70217 70217 466 
206 260 1 0.441487 260 7.28327 0.65 0 0 0 75988 75988 470 
207 260 1 0.437072 260 7.28327 0.65 0 0 0 85923 85923 471 
208 260 1 0.432701 260 7.28327 0.65 0 0 0 93503 93503 476 
209 260 1 0.428374 260 7.28327 0.65 0 0 0 99972 99972 478 
210 266 1 0.424091 266 7.42495 0.665 0 0 0 113379 113379 482 
211 266 1 0.41985 266 7.3034 0.665 0 0 0 123789 123789 483 
212 266 1 0.415651 266 7.3034 0.665 0 0 0 137504 137504 484 
213 266 1 0.411495 266 7.3034 0.665 0 0 0 157249 157249 491 
214 266 1 0.40738 266 7.3034 0.665 0 0 0 172483 172483 492 
215 266 1 0.403306 266 7.3034 0.665 0 0 0 194008 194008 495 
216 266 1 0.399273 266 7.3034 0.665 0 0 0 210455 210455 496 
217 266 1 0.39528 266 7.20736 0.665 0 0 0 228895 228895 498 
218 266 1 0.391327 266 7.20736 0.665 0 0 0 254784 254784 499 
219 266 1 0.387414 266 7.20736 0.665 0 0 0 288569 288569 500 
220 266 1 0.38354 266 7.20736 0.665 0 0 0 324220 324220 501 
221 266 1 0.379705 266 7.20736 0.665 0 0 0 354607 354607 503 
222 266 1 0.375908 266 7.20736 0.665 0 0 0 379562 379562 504 
223 266 1 0.372148 266 7.20736 0.665 0 0 0 417588 417588 505 
224 266 1 0.368427 266 7.20736 0.665 0 0 0 456543 456543 506 
225 266 1 0.364743 266 7.20736 0.665 0 0 0 504867 504867 507 
226 266 1 0.361095 266 7.20736 0.665 0 0 0 560770 560770 508 
227 266 1 0.357484 266 7.20736 0.665 0 0 0 640694 640694 509 
228 266 1 0.35391 266 7.20736 0.665 0 0 0 690724 690724 510 
229 266 1 0.35037 266 7.20736 0.665 0 0 0 753148 753148 511 
230 277 1 0.346867 277 7.4741 0.6925 0 0 0 829697 829697 513 
231 277 1 0.343398 277 7.4741 0.6925 0 0 0 939927 939927 514 
232 277 1 0.339964 277 7.38883 0.6925 0 0 0 1029921 1029921 515 
233 277 1 0.336564 277 7.38883 0.6925 0 0 0 1120559 1120559 516 
234 277 1 0.333199 277 7.28429 0.6925 0 0 0 1185391 1185391 517 
235 277 1 0.329867 277 7.26281 0.6925 0 0 0 1272788 1272788 519 
236 277 1 0.326568 277 7.26281 0.6925 0 0 0 1365672 1365672 522 
237 277 1 0.323302 277 7.26281 0.6925 0 0 0 1458041 1458041 523 
238 277 1 0.320069 277 7.26281 0.6925 0 0 0 1551043 1551043 524 
239 277 1 0.316869 277 7.26281 0.6925 0 0 0 1648826 1648826 526 
240 277 1 0.3137 277 7.26281 0.6925 0 0 0 1781751 1781751 527 
