1 105 1 1.5 105 0 0.2625 0 0 0 0 0 0 
2 108 1 1.5 108 0.1 0.27 0 0 0 0 0 1 
3 110 1 1.5 110 0.195919 0.275 0 0 0 0 0 3 
4 112 1 1.5 112 0.295919 0.28 0 0 0 0 0 4 
5 114 1 1.5 114 0.395919 0.285 0 0 0 0 0 5 
6 115 1 1.5 115 0.488365 0.2875 0 0 0 0 0 7 
7 115 1 1.5 115 0.488365 0.2875 0 0 0 0 0 8 
8 122 1 1.5 122 0.62186 0.305 0 0 0 0 0 10 
9 122 1 1.5 122 0.62186 0.305 0 0 0 0 0 11 
10 122 1 1.5 122 0.62186 0.305 0 0 0 0 0 12 
11 131 1 1.5 131 0.72186 0.3275 0 0 0 0 0 13 
12 131 1 1.5 131 0.72186 0.3275 0 0 0 0 0 14 
13 132 1 1.5 132 1.03084 0.33 0 0 0 0 0 16 
14 133 1 1.5 133 1.15732 0.3325 0 0 0 0 0 19 
15 141 1 1.5 141 1.25557 0.3525 0 0 0 0 0 22 
16 141 1 1.5 141 1.25557 0.3525 0 0 0 0 0 23 
17 142 1 1.5 142 1.40416 0.355 0 0 0 0 0 25 
18 143 1 1.5 143 1.50416 0.3575 0 0 0 0 0 26 
19 145 1 1.5 145 1.65811 0.3625 0 0 0 0 0 28 
20 145 1 1.5 145 1.65811 0.3625 0 0 0 0 0 29 
21 145 1 1.5 145 1.65811 0.3625 0 0 0 0 0 30 
22 145 1 1.5 145 1.65811 0.3625 0 0 0 0 0 31 
23 146 1 1.5 146 1.7409 0.365 0 0 0 0 0 33 
24 146 1 1.5 146 1.7409 0.365 0 0 0 0 0 34 
25 147 1 1.5 147 2.02836 0.3675 0 0 0 0 0 36 
26 148 1 1.5 148 2.08592 0.37 0 0 0 0 0 38 
27 148 1 1.5 148 2.08592 0.37 0 0 0 0 0 42 
28 148 1 1.5 148 2.08592 0.37 0 0 0 0 0 43 
29 148 1 1.5 148 2.08592 0.37 0 0 0 0 0 44 
30 150 1 1.5 150 2.51612 0.375 0 0 0 1 1 46 
31 150 1 1.5 150 2.51612 0.375 0 0 0 2 2 47 
32 150 1 1.5 150 2.51612 0.375 0 0 0 3 3 48 
33 150 1 1.5 150 2.51612 0.375 0 0 0 4 4 49 
34 150 1 1.5 150 2.51612 0.375 0 0 0 5 5 50 
35 150 1 1.5 150 2.51612 0.375 0 0 0 6 6 51 
36 150 1 1.5 150 2.51612 0.375 0 0 0 7 7 52 
37 150 1 1.5 150 2.51612 0.375 0 0 0 8 8 53 
38 150 1 1.5 150 2.51612 0.375 0 0 0 9 9 54 
39 150 1 1.5 150 2.51612 0.375 0 0 0 10 10 55 
40 150 1 1.5 150 2.51612 0.375 0 0 0 11 11 56 
41 150 1 1.5 150 2.51612 0.375 0 0 0 12 12 57 
42 150 1 1.5 150 2.51612 0.375 0 0 0 13 13 58 
43 151 1 1.5 151 3.0701 0.3775 0 0 0 14 14 60 
44 152 1 1.5 152 3.12806 0.38 0 0 0 15 15 62 
45 152 1 1.5 152 3.12806 0.38 0 0 0 16 16 63 
46 152 1 1.5 152 3.12806 0.38 0 0 0 18 18 64 
47 152 1 1.5 152 3.12806 0.38 0 0 0 19 19 65 
48 152 1 1.5 152 3.12806 0.38 0 0 0 20 20 66 
49 152 1 1.5 152 3.12806 0.38 0 0 0 21 21 67 
50 152 1 1.5 152 3.12806 0.38 0 0 0 22 22 68 
51 152 1 1.5 152 3.12806 0.38 0 0 0 23 23 69 
52 152 1 1.5 152 3.12806 0.38 0 0 0 24 24 70 
53 152 1 1.5 152 3.12806 0.38 0 0 0 25 25 71 
54 152 1 1.5 152 3.12806 0.38 0 0 0 26 26 72 
55 159 1 1.5 159 3.53263 0.3975 0 0 0 28 28 74 
56 159 1 1.5 159 3.53263 0.3975 0 0 0 29 29 75 
57 165 1 1.5 165 3.88679 0.4125 0 0 0 30 30 78 
58 165 1 1.5 165 3.88679 0.4125 0 0 0 32 32 79 
59 165 1 1.5 165 3.88679 0.4125 0 0 0 34 34 80 
60 165 1 1.5 165 3.88679 0.4125 0 0 0 36 36 81 
61 165 1 1.5 165 3.88679 0.4125 0 0 0 38 38 82 
62 166 1 1.5 166 4.07893 0.415 0 0 0 41 41 86 
63 166 1 1.5 166 4.07893 0.415 0 0 0 44 44 87 
64 166 1 1.5 166 4.07893 0.415 0 0 0 47 47 88 
65 166 1 1.5 166 4.07893 0.415 0 0 0 50 50 89 
66 166 1 1.5 166 4.07893 0.415 0 0 0 53 53 90 
67 166 1 1.5 166 4.07893 0.415 0 0 0 56 56 91 
68 166 1 1.5 166 4.07893 0.415 0 0 0 59 59 92 
69 166 1 1.5 166 4.07893 0.415 0 0 0 61 61 93 
70 166 1 1.5 166 4.07893 0.415 0 0 0 64 64 99 
71 166 1 1.5 166 4.07893 0.415 0 0 0 67 67 100 
72 166 1 1.5 166 4.07893 0.415 0 0 0 70 70 101 
73 166 1 1.5 166 4.07893 0.415 0 0 0 73 73 102 
74 166 1 1.5 166 4.07893 0.415 0 0 0 76 76 103 
75 166 1 1.5 166 4.07893 0.415 0 0 0 79 79 104 
76 166 1 1.5 166 4.07893 0.415 0 0 0 82 82 105 
77 166 1 1.5 166 4.07893 0.415 0 0 0 85 85 106 
78 166 1 1.5 166 4.07893 0.415 0 0 0 88 88 107 
79 166 1 1.5 166 4.07893 0.415 0 0 0 91 91 108 
80 166 1 1.5 166 4.07159 0.415 0 0 0 94 94 110 
81 166 1 1.5 166 4.07159 0.415 0 0 0 97 97 111 
82 166 1 1.5 166 4.07159 0.415 0 0 0 100 100 112 
83 166 1 1.5 166 4.07159 0.415 0 0 0 103 103 113 
84 166 1 1.5 166 4.07159 0.415 0 0 0 106 106 114 
85 166 1 1.5 166 4.07159 0.415 0 0 0 109 109 115 
86 166 1 1.5 166 4.07159 0.415 0 0 0 112 112 116 
87 166 1 1.5 166 4.07159 0.415 0 0 0 115 115 117 
88 166 1 1.5 166 4.07159 0.415 0 0 0 119 119 120 
89 166 1 1.5 166 4.07159 0.415 0 0 0 124 124 121 
90 166 1 1.5 166 4.07159 0.415 0 0 0 128 128 122 
91 166 1 1.5 166 4.07159 0.415 0 0 0 132 132 123 
92 166 1 1.5 166 4.07159 0.415 0 0 0 137 137 124 
93 166 1 1.5 166 4.07159 0.415 0 0 0 141 141 125 
94 166 1 1.5 166 4.07159 0.415 0 0 0 145 145 126 
95 178 1 1.5 178 4.55051 0.445 0 0 0 152 152 132 
96 181 1 1.5 181 5.38851 0.4525 0 0 0 158 158 137 
97 182 1 1.5 182 5.42657 0.455 0 0 0 164 164 139 
98 182 1 1.5 182 5.42657 0.455 0 0 0 172 172 140 
99 182 1 1.5 182 5.42657 0.455 0 0 0 178 178 141 
100 187 1 1.5 187 6.13133 0.4675 0 0 0 185 185 145 
101 187 1 1.5 187 5.9752 0.4675 0 0 0 192 192 146 
102 187 1 1.5 187 5.9752 0.4675 0 0 0 199 199 147 
103 187 1 1.5 187 5.9752 0.4675 0 0 0 207 207 148 
104 187 1 1.5 187 5.9752 0.4675 0 0 0 213 213 149 
105 187 1 1.5 187 5.9752 0.4675 0 0 0 222 222 150 
106 187 1 1.5 187 5.9752 0.4675 0 0 0 228 228 151 
107 187 1 1.5 187 5.9752 0.4675 0 0 0 235 235 152 
108 187 1 1.5 187 5.9752 0.4675 0 0 0 243 243 153 
109 187 1 1.5 187 5.9752 0.4675 0 0 0 251 251 154 
110 187 1 1.5 187 5.9752 0.4675 0 0 0 259 259 155 
111 187 1 1.5 187 5.9752 0.4675 0 0 0 269 269 156 
112 187 1 1.5 187 5.9752 0.4675 0 0 0 277 277 160 
113 187 1 1.5 187 5.9752 0.4675 0 0 0 285 285 161 
114 187 1 1.5 187 5.9752 0.4675 0 0 0 294 294 162 
115 187 1 1.5 187 5.9752 0.4675 0 0 0 302 302 163 
116 187 1 1.5 187 5.9752 0.4675 0 0 0 310 310 164 
117 187 1 1.5 187 5.9752 0.4675 0 0 0 317 317 165 
118 187 1 1.5 187 5.9752 0.4675 0 0 0 325 325 166 
119 187 1 1.5 187 5.9752 0.4675 0 0 0 335 335 167 
120 193 1 1.5 193 6.33575 0.4825 0 0 0 345 345 175 
121 193 1 1.5 193 6.06518 0.4825 0 0 0 353 353 177 
122 193 1 1.5 193 6.06518 0.4825 0 0 0 363 363 180 
123 196 1 1.5 196 8.46751 0.49 0 0 0 375 375 184 
124 196 1 1.5 196 8.46751 0.49 0 0 0 387 387 185 
125 196 1 1.5 196 8.46751 0.49 0 0 0 401 401 186 
126 196 1 1.5 196 8.43487 0.49 0 0 0 412 412 187 
127 196 1 1.5 196 8.43487 0.49 0 0 0 427 427 195 
128 211 1 1.5 211 8.69193 0.5275 0 0 0 443 443 201 
129 211 1 1.5 211 8.61001 0.5275 0 0 0 461 461 203 
130 211 1 1.5 211 8.61001 0.5275 0 0 0 479 479 204 
131 211 1 1.5 211 8.61001 0.5275 0 0 0 497 497 206 
132 211 1 1.5 211 8.61001 0.5275 0 0 0 515 515 207 
133 211 1 1.5 211 8.61001 0.5275 0 0 0 531 531 210 
134 211 1 1.5 211 8.57485 0.5275 0 0 0 548 548 212 
135 211 1 1.5 211 8.57485 0.5275 0 0 0 569 569 213 
136 211 1 1.5 211 8.57485 0.5275 0 0 0 587 587 216 
137 211 1 1.5 211 8.57485 0.5275 0 0 0 608 608 217 
138 211 1 1.5 211 8.57485 0.5275 0 0 0 628 628 219 
139 211 1 1.5 211 8.56856 0.5275 0 0 0 645 645 220 
140 211 1 1.5 211 8.56856 0.5275 0 0 0 662 662 221 
141 211 1 1.5 211 8.56856 0.5275 0 0 0 681 681 222 
142 213 1 1.5 213 9.21935 0.5325 0 0 0 696 696 229 
143 213 1 1.5 213 8.91069 0.5325 0 0 0 712 712 230 
144 231 1 1.5 231 9.12992 0.5775 0 0 0 729 729 233 
145 232 1 1.5 232 9.28708 0.58 0 0 0 747 747 239 
146 232 1 1.5 232 9.23681 0.58 0 0 0 769 769 240 
147 232 1 1.5 232 9.14307 0.58 0 0 0 791 791 242 
148 232 1 1.5 232 9.14307 0.58 0 0 0 813 813 243 
149 232 1 1.5 232 9.13961 0.58 0 0 0 835 835 244 
150 232 1 1.5 232 9.13961 0.58 0 0 0 852 852 245 
151 232 1 1.5 232 9.0799 0.58 0 0 0 873 873 246 
152 232 1 1.5 232 9.0799 0.58 0 0 0 893 893 247 
153 232 1 1.5 232 9.0799 0.58 0 0 0 916 916 248 
154 233 1 1.5 233 10.0487 0.5825 0 0 0 938 938 253 
155 233 1 1.5 233 10.0487 0.5825 0 0 0 959 959 254 
156 233 1 1.5 233 9.91282 0.5825 0 0 0 984 984 255 
157 233 1 1.5 233 9.91282 0.5825 0 0 0 1009 1009 256 
158 233 1 1.5 233 9.91282 0.5825 0 0 0 1031 1031 258 
159 233 1 1.5 233 9.91282 0.5825 0 0 0 1053 1053 259 
160 233 1 1.5 233 9.91282 0.5825 0 0 0 1074 1074 260 
161 233 1 1.5 233 9.78786 0.5825 0 0 0 1096 1096 261 
162 233 1 1.5 233 9.78786 0.5825 0 0 0 1118 1118 262 
163 233 1 1.5 233 9.78786 0.5825 0 0 0 1140 1140 263 
164 233 1 1.5 233 9.78786 0.5825 0 0 0 1163 1163 264 
165 233 1 1.5 233 9.78786 0.5825 0 0 0 1185 1185 267 
166 233 1 1.5 233 9.78786 0.5825 0 0 0 1208 1208 268 
167 233 1 1.5 233 9.78786 0.5825 0 0 0 1231 1231 269 
168 233 1 1.5 233 9.78786 0.5825 0 0 0 1253 1253 270 
169 233 1 1.5 233 9.78786 0.5825 0 0 0 1275 1275 271 
170 233 1 1.5 233 9.78786 0.5825 0 0 0 1295 1295 272 
171 236 1 1.5 236 12.1003 0.59 0 0 0 1347 1347 279 
172 236 1 1.5 236 12.1003 0.59 0 0 0 1400 1400 282 
173 237 1 1.5 237 10.4796 0.5925 0 0 0 1432 1432 286 
174 237 1 1.5 237 10.0222 0.5925 0 0 0 1457 1457 288 
175 237 1 1.5 237 10.0222 0.5925 0 0 0 1488 1488 289 
176 237 1 1.5 237 10.0222 0.5925 0 0 0 1519 1519 290 
177 237 1 1.5 237 10.0222 0.5925 0 0 0 1544 1544 291 
178 237 1 1.5 237 10.0222 0.5925 0 0 0 1578 1578 292 
179 237 1 1.5 237 7.66274 0.5925 0 0 0 1598 1598 294 
180 243 1 1.5 243 8.17666 0.6075 0 0 0 1626 1626 300 
181 245 1 1.5 245 8.22547 0.6125 0 0 0 1661 1661 305 
182 245 1 1.5 245 8.22217 0.6125 0 0 0 1689 1689 309 
183 253 1 1.5 253 8.27586 0.6325 0 0 0 1735 1735 312 
184 253 1 1.5 253 8.27586 0.6325 0 0 0 1779 1779 314 
185 253 1 1.5 253 8.27586 0.6325 0 0 0 1830 1830 319 
186 253 1 1.5 253 8.27586 0.6325 0 0 0 1879 1879 323 
187 253 1 1.5 253 8.27586 0.6325 0 0 0 1929 1929 328 
188 253 1 1.5 253 8.27586 0.6325 0 0 0 1977 1977 329 
189 253 1 1.5 253 8.2559 0.6325 0 0 0 2020 2020 330 
190 253 1 1.5 253 8.2559 0.6325 0 0 0 2064 2064 331 
191 253 1 1.5 253 8.2559 0.6325 0 0 0 2109 2109 332 
192 253 1 1.5 253 8.2559 0.6325 0 0 0 2160 2160 333 
193 253 1 1.5 253 8.2559 0.6325 0 0 0 2206 2206 338 
194 253 1 1.5 253 8.2559 0.6325 0 0 0 2251 2251 339 
195 253 1 1.5 253 8.2559 0.6325 0 0 0 2296 2296 340 
196 259 1 1.5 259 8.15891 0.6475 0 0 0 2346 2346 345 
197 259 1 1.5 259 8.15891 0.6475 0 0 0 2398 2398 348 
198 259 1 1.5 259 8.15891 0.6475 0 0 0 2449 2449 349 
199 259 1 1.5 259 8.15891 0.6475 0 0 0 2504 2504 350 
200 259 1 1.5 259 8.15891 0.6475 0 0 0 2552 2552 351 
201 259 1 1.5 259 8.15891 0.6475 0 0 0 2595 2595 352 
202 259 1 1.5 259 8.15891 0.6475 0 0 0 2641 2641 354 
203 259 1 1.5 259 8.15891 0.6475 0 0 0 2688 2688 355 
204 259 1 1.5 259 8.15891 0.6475 0 0 0 2737 2737 356 
205 259 1 1.5 259 8.15891 0.6475 0 0 0 2785 2785 359 
206 260 1 1.5 260 8.8374 0.65 0 0 0 2831 2831 362 
207 260 1 1.5 260 8.71964 0.65 0 0 0 2881 2881 363 
208 260 1 1.5 260 8.71964 0.65 0 0 0 2933 2933 368 
209 260 1 1.5 260 8.71964 0.65 0 0 0 2976 2976 369 
210 266 1 1.5 266 9.07494 0.665 0 0 0 3031 3031 373 
211 266 1 1.5 266 9.07494 0.665 0 0 0 3103 3103 380 
212 266 1 1.5 266 9.06814 0.665 0 0 0 3150 3150 382 
213 266 1 1.5 266 8.78964 0.665 0 0 0 3199 3199 384 
214 266 1 1.5 266 8.78964 0.665 0 0 0 3251 3251 385 
215 266 1 1.5 266 8.76239 0.665 0 0 0 3319 3319 387 
216 266 1 1.5 266 8.76239 0.665 0 0 0 3369 3369 390 
217 266 1 1.5 266 8.76239 0.665 0 0 0 3420 3420 394 
218 266 1 1.5 266 8.34949 0.665 0 0 0 3473 3473 399 
219 266 1 1.5 266 8.34949 0.665 0 0 0 3516 3516 400 
220 266 1 1.5 266 8.34949 0.665 0 0 0 3568 3568 407 
221 266 1 1.5 266 8.34949 0.665 0 0 0 3617 3617 408 
222 266 1 1.5 266 8.34949 0.665 0 0 0 3679 3679 410 
223 266 1 1.5 266 8.34949 0.665 0 0 0 3730 3730 413 
224 266 1 1.5 266 8.34949 0.665 0 0 0 3779 3779 417 
225 266 1 1.5 266 8.34949 0.665 0 0 0 3837 3837 420 
226 266 1 1.5 266 8.34949 0.665 0 0 0 3882 3882 421 
227 266 1 1.5 266 8.34949 0.665 0 0 0 3967 3967 425 
228 266 1 1.5 266 8.34949 0.665 0 0 0 4015 4015 426 
229 266 1 1.5 266 8.34949 0.665 0 0 0 4070 4070 431 
230 277 1 1.5 277 9.86146 0.6925 0 0 0 4132 4132 436 
231 277 1 1.5 277 8.95768 0.6925 0 0 0 4183 4183 439 
232 277 1 1.5 277 8.71132 0.6925 0 0 0 4241 4241 442 
233 277 1 1.5 277 8.71132 0.6925 0 0 0 4292 4292 444 
234 277 1 1.5 277 8.71132 0.6925 0 0 0 4343 4343 447 
235 277 1 1.5 277 8.71132 0.6925 0 0 0 4391 4391 448 
236 277 1 1.5 277 8.71132 0.6925 0 0 0 4448 4448 449 
237 277 1 1.5 277 8.71132 0.6925 0 0 0 4497 4497 450 
238 277 1 1.5 277 8.71132 0.6925 0 0 0 4553 4553 455 
239 277 1 1.5 277 8.6188 0.6925 0 0 0 4597 4597 456 
240 277 1 1.5 277 8.6188 0.6925 0 0 0 4647 4647 457 
241 277 1 1.5 277 8.6188 0.6925 0 0 0 4727 4727 459 
242 277 1 1.5 277 8.6188 0.6925 0 0 0 4775 4775 460 
243 277 1 1.5 277 8.6188 0.6925 0 0 0 4838 4838 461 
244 277 1 1.5 277 8.6188 0.6925 0 0 0 4898 4898 463 
245 283 1 1.5 283 8.77361 0.7075 0 0 0 4946 4946 465 
246 283 1 1.5 283 8.77361 0.7075 0 0 0 4998 4998 466 
247 283 1 1.5 283 8.77361 0.7075 0 0 0 5048 5048 467 
248 283 1 1.5 283 8.77361 0.7075 0 0 0 5105 5105 469 
249 283 1 1.5 283 8.77361 0.7075 0 0 0 5183 5183 470 
250 283 1 1.5 283 8.77361 0.7075 0 0 0 5234 5234 472 
251 284 1 1.5 284 12.6653 0.71 0 0 0 5285 5285 478 
252 284 1 1.5 284 12.6653 0.71 0 0 0 5337 5337 481 
253 284 1 1.5 284 12.6653 0.71 0 0 0 5424 5424 490 
254 284 1 1.5 284 12.6653 0.71 0 0 0 5488 5488 497 
255 284 1 1.5 284 12.6653 0.71 0 0 0 5561 5561 501 
256 284 1 1.5 284 12.6653 0.71 0 0 0 5631 5631 507 
257 284 1 1.5 284 12.6653 0.71 0 0 0 5692 5692 508 
258 284 1 1.5 284 12.6213 0.71 0 0 0 5744 5744 509 
259 284 1 1.5 284 12.6213 0.71 0 0 0 5802 5802 514 
260 284 1 1.5 284 12.6213 0.71 0 0 0 5862 5862 517 
261 284 1 1.5 284 12.6213 0.71 0 0 0 5937 5937 523 
262 284 1 1.5 284 12.6213 0.71 0 0 0 6000 6000 524 
263 284 1 1.5 284 12.6213 0.71 0 0 0 6098 6098 526 
264 284 1 1.5 284 12.6213 0.71 0 0 0 6164 6164 527 
265 284 1 1.5 284 12.6213 0.71 0 0 0 6242 6242 531 
266 284 1 1.5 284 12.6213 0.71 0 0 0 6336 6336 533 
267 284 1 1.5 284 12.6213 0.71 0 0 0 6416 6416 535 
268 284 1 1.5 284 12.615 0.71 0 0 0 6472 6472 536 
269 284 1 1.5 284 12.615 0.71 0 0 0 6544 6544 540 
270 284 1 1.5 284 12.615 0.71 0 0 0 6607 6607 545 
271 284 1 1.5 284 12.615 0.71 0 0 0 6666 6666 546 
272 284 1 1.5 284 12.615 0.71 0 0 0 6734 6734 547 
273 284 1 1.5 284 12.615 0.71 0 0 0 6797 6797 548 
274 284 1 1.5 284 12.615 0.71 0 0 0 6858 6858 549 
275 284 1 1.5 284 12.615 0.71 0 0 0 6918 6918 553 
276 284 1 1.5 284 12.615 0.71 0 0 0 6989 6989 555 
277 284 1 1.5 284 12.6103 0.71 0 0 0 7068 7068 558 
278 284 1 1.5 284 12.6103 0.71 0 0 0 7127 7127 560 
279 284 1 1.5 284 12.6103 0.71 0 0 0 7215 7215 562 
280 287 1 1.5 287 15.9728 0.7175 0 0 0 7305 7305 567 
281 295 1 1.5 295 13.6463 0.7375 0 0 0 7373 7373 573 
282 295 1 1.5 295 12.8343 0.7375 0 0 0 7440 7440 574 
283 295 1 1.5 295 12.7872 0.7375 0 0 0 7514 7514 575 
284 295 1 1.5 295 12.5865 0.7375 0 0 0 7578 7578 578 
285 295 1 1.5 295 12.5865 0.7375 0 0 0 7650 7650 580 
286 295 1 1.5 295 12.5865 0.7375 0 0 0 7794 7794 587 
287 295 1 1.5 295 12.5865 0.7375 0 0 0 7858 7858 588 
288 298 1 1.5 298 13.0503 0.745 0 0 0 7948 7948 592 
289 298 1 1.5 298 13.0503 0.745 0 0 0 8054 8054 594 
290 300 1 1.5 300 13.5234 0.75 0 0 0 8154 8154 598 
291 300 1 1.5 300 13.3662 0.75 0 0 0 8244 8244 600 
292 300 1 1.5 300 13.1254 0.75 0 0 0 8328 8328 601 
293 300 1 1.5 300 13.1254 0.75 0 0 0 8422 8422 607 
294 300 1 1.5 300 13.1254 0.75 0 0 0 8532 8532 611 
295 300 1 1.5 300 13.1254 0.75 0 0 0 8625 8625 615 
296 300 1 1.5 300 13.1098 0.75 0 0 0 8717 8717 618 
297 300 1 1.5 300 13.1098 0.75 0 0 0 8817 8817 621 
298 304 1 1.5 304 16.647 0.76 0 0 0 8929 8929 624 
299 304 1 1.5 304 16.647 0.76 0 0 0 9052 9052 629 
300 304 1 1.5 304 16.647 0.76 0 0 0 9161 9161 634 
301 304 1 1.5 304 16.647 0.76 0 0 0 9313 9313 639 
302 304 1 1.5 304 16.647 0.76 0 0 0 9454 9454 645 
303 304 1 1.5 304 16.647 0.76 0 0 0 9599 9599 652 
304 304 1 1.5 304 16.647 0.76 0 0 0 9754 9754 659 
305 304 1 1.5 304 16.647 0.76 0 0 0 9878 9878 666 
306 304 1 1.5 304 16.647 0.76 0 0 0 10032 10032 669 
307 304 1 1.5 304 16.635 0.76 0 0 0 10146 10146 673 
308 304 1 1.5 304 16.6319 0.76 0 0 0 10254 10254 678 
309 304 1 1.5 304 16.6319 0.76 0 0 0 10361 10361 685 
310 304 1 1.5 304 16.6278 0.76 0 0 0 10478 10478 691 
311 304 1 1.5 304 16.6278 0.76 0 0 0 10601 10601 695 
312 304 1 1.5 304 16.5737 0.76 0 0 0 10748 10748 700 
313 304 1 1.5 304 16.5737 0.76 0 0 0 10860 10860 703 
314 304 1 1.5 304 15.5483 0.76 0 0 0 11030 11030 709 
315 305 1 1.5 305 16.7602 0.7625 0 0 0 11146 11146 714 
316 305 1 1.5 305 16.7602 0.7625 0 0 0 11260 11260 718 
317 305 1 1.5 305 16.7602 0.7625 0 0 0 11391 11391 721 
318 305 1 1.5 305 16.7602 0.7625 0 0 0 11512 11512 723 
319 305 1 1.5 305 16.7602 0.7625 0 0 0 11629 11629 727 
320 305 1 1.5 305 16.7602 0.7625 0 0 0 11767 11767 735 
321 305 1 1.5 305 16.7602 0.7625 0 0 0 11872 11872 740 
322 305 1 1.5 305 16.7602 0.7625 0 0 0 11984 11984 742 
323 305 1 1.5 305 16.7602 0.7625 0 0 0 12106 12106 745 
324 305 1 1.5 305 16.7602 0.7625 0 0 0 12218 12218 749 
325 305 1 1.5 305 16.7602 0.7625 0 0 0 12383 12383 757 
326 305 1 1.5 305 16.7602 0.7625 0 0 0 12498 12498 762 
327 305 1 1.5 305 16.7602 0.7625 0 0 0 12620 12620 763 
328 305 1 1.5 305 16.0938 0.7625 0 0 0 12782 12782 771 
329 305 1 1.5 305 16.0938 0.7625 0 0 0 12894 12894 772 
330 305 1 1.5 305 16.0938 0.7625 0 0 0 13006 13006 775 
331 305 1 1.5 305 16.0938 0.7625 0 0 0 13113 13113 777 
332 305 1 1.5 305 16.0938 0.7625 0 0 0 13227 13227 779 
333 305 1 1.5 305 16.0938 0.7625 0 0 0 13346 13346 786 
334 305 1 1.5 305 15.93 0.7625 0 0 0 13461 13461 792 
335 305 1 1.5 305 15.93 0.7625 0 0 0 13567 13567 794 
336 305 1 1.5 305 15.93 0.7625 0 0 0 13676 13676 795 
337 305 1 1.5 305 15.93 0.7625 0 0 0 13807 13807 796 
338 305 1 1.5 305 15.93 0.7625 0 0 0 13946 13946 799 
339 305 1 1.5 305 15.93 0.7625 0 0 0 14069 14069 802 
340 305 1 1.5 305 15.93 0.7625 0 0 0 14193 14193 807 
341 305 1 1.5 305 15.93 0.7625 0 0 0 14319 14319 809 
342 305 1 1.5 305 15.93 0.7625 0 0 0 14493 14493 811 
343 305 1 1.5 305 15.93 0.7625 0 0 0 14657 14657 813 
344 305 1 1.5 305 15.93 0.7625 0 0 0 14790 14790 819 
345 305 1 1.5 305 15.8228 0.7625 0 0 0 14921 14921 821 
346 305 1 1.5 305 15.8228 0.7625 0 0 0 15044 15044 822 
347 305 1 1.5 305 15.8228 0.7625 0 0 0 15202 15202 826 
348 306 1 1.5 306 16.6286 0.765 0 0 0 15331 15331 834 
349 306 1 1.5 306 16.6286 0.765 0 0 0 15476 15476 836 
350 306 1 1.5 306 15.6724 0.765 0 0 0 15648 15648 840 
351 306 1 1.5 306 15.6724 0.765 0 0 0 15801 15801 846 
352 306 1 1.5 306 15.6724 0.765 0 0 0 15946 15946 850 
353 306 1 1.5 306 15.6724 0.765 0 0 0 16095 16095 853 
354 306 1 1.5 306 15.6724 0.765 0 0 0 16230 16230 854 
355 306 1 1.5 306 15.6724 0.765 0 0 0 16371 16371 859 
356 306 1 1.5 306 15.6724 0.765 0 0 0 16538 16538 860 
357 306 1 1.5 306 15.6724 0.765 0 0 0 16698 16698 862 
358 312 1 1.5 312 17.8989 0.78 0 0 0 16888 16888 867 
359 312 1 1.5 312 17.8989 0.78 0 0 0 17044 17044 879 
360 312 1 1.5 312 17.8989 0.78 0 0 0 17212 17212 887 
361 312 1 1.5 312 17.8989 0.78 0 0 0 17383 17383 898 
362 312 1 1.5 312 17.8989 0.78 0 0 0 17527 17527 903 
363 312 1 1.5 312 17.8989 0.78 0 0 0 17684 17684 904 
364 312 1 1.5 312 17.8989 0.78 0 0 0 17844 17844 911 
365 312 1 1.5 312 17.8989 0.78 0 0 0 18017 18017 916 
366 312 1 1.5 312 17.8989 0.78 0 0 0 18218 18218 919 
367 312 1 1.5 312 17.8989 0.78 0 0 0 18411 18411 927 
368 312 1 1.5 312 17.8989 0.78 0 0 0 18582 18582 930 
369 312 1 1.5 312 17.8989 0.78 0 0 0 18763 18763 934 
370 312 1 1.5 312 17.8989 0.78 0 0 0 19014 19014 942 
371 312 1 1.5 312 17.8989 0.78 0 0 0 19177 19177 947 
372 312 1 1.5 312 17.8989 0.78 0 0 0 19462 19462 948 
373 312 1 1.5 312 17.8989 0.78 0 0 0 19712 19712 955 
374 312 1 1.5 312 17.8989 0.78 0 0 0 20029 20029 958 
375 312 1 1.5 312 17.8989 0.78 0 0 0 20273 20273 963 
376 312 1 1.5 312 17.8989 0.78 0 0 0 20490 20490 968 
377 312 1 1.5 312 17.8989 0.78 0 0 0 20770 20770 973 
378 312 1 1.5 312 17.8989 0.78 0 0 0 21014 21014 981 
379 312 1 1.5 312 17.8989 0.78 0 0 0 21213 21213 986 
380 312 1 1.5 312 17.8989 0.78 0 0 0 21431 21431 1000 
381 312 1 1.5 312 17.8989 0.78 0 0 0 21671 21671 1005 
382 312 1 1.5 312 17.8989 0.78 0 0 0 22039 22039 1011 
383 314 1 1.5 314 19.657 0.785 0 0 0 22261 22261 1017 
384 314 1 1.5 314 18.218 0.785 0 0 0 22453 22453 1022 
385 314 1 1.5 314 18.218 0.785 0 0 0 22707 22707 1026 
386 314 1 1.5 314 18.218 0.785 0 0 0 22977 22977 1030 
387 314 1 1.5 314 18.218 0.785 0 0 0 23530 23530 1036 
388 314 1 1.5 314 18.218 0.785 0 0 0 23801 23801 1040 
389 314 1 1.5 314 18.218 0.785 0 0 0 24097 24097 1046 
390 314 1 1.5 314 18.218 0.785 0 0 0 24391 24391 1053 
391 314 1 1.5 314 18.218 0.785 0 0 0 24585 24585 1059 
392 314 1 1.5 314 18.218 0.785 0 0 0 24869 24869 1062 
393 314 1 1.5 314 18.218 0.785 0 0 0 25164 25164 1066 
394 314 1 1.5 314 18.218 0.785 0 0 0 25348 25348 1072 
395 318 1 1.5 318 23.0196 0.795 0 0 0 25924 25924 1078 
396 321 1 1.5 321 21.2152 0.8025 0 0 0 26123 26123 1087 
397 322 1 1.5 322 21.6771 0.805 0 0 0 26324 26324 1091 
398 322 1 1.5 322 21.6771 0.805 0 0 0 26512 26512 1096 
399 322 1 1.5 322 21.0816 0.805 0 0 0 26771 26771 1104 
400 322 1 1.5 322 21.0331 0.805 0 0 0 27034 27034 1109 
401 322 1 1.5 322 21.0331 0.805 0 0 0 27297 27297 1116 
402 322 1 1.5 322 21.0331 0.805 0 0 0 27513 27513 1118 
403 322 1 1.5 322 21.0331 0.805 0 0 0 28049 28049 1127 
404 322 1 1.5 322 21.0331 0.805 0 0 0 28273 28273 1132 
405 322 1 1.5 322 20.8455 0.805 0 0 0 28518 28518 1138 
406 323 1 1.5 323 20.2556 0.8075 0 0 0 28995 28995 1142 
407 323 1 1.5 323 19.6905 0.8075 0 0 0 29553 29553 1144 
408 323 1 1.5 323 19.6905 0.8075 0 0 0 29756 29756 1146 
409 323 1 1.5 323 19.6905 0.8075 0 0 0 29954 29954 1147 
410 323 1 1.5 323 19.6905 0.8075 0 0 0 30185 30185 1153 
411 323 1 1.5 323 19.6905 0.8075 0 0 0 30487 30487 1157 
412 323 1 1.5 323 19.6905 0.8075 0 0 0 30771 30771 1162 
413 323 1 1.5 323 19.6905 0.8075 0 0 0 31165 31165 1171 
414 341 1 1.5 341 21.9101 0.8525 0 0 0 31403 31403 1175 
415 341 1 1.5 341 21.9101 0.8525 0 0 0 31651 31651 1181 
416 341 1 1.5 341 20.3899 0.8525 0 0 0 32134 32134 1184 
417 341 1 1.5 341 20.3899 0.8525 0 0 0 32392 32392 1190 
418 341 1 1.5 341 20.3899 0.8525 0 0 0 32689 32689 1193 
419 341 1 1.5 341 20.3899 0.8525 0 0 0 32953 32953 1198 
420 341 1 1.5 341 20.3899 0.8525 0 0 0 33261 33261 1200 
421 341 1 1.5 341 20.3899 0.8525 0 0 0 33502 33502 1205 
422 341 1 1.5 341 20.3899 0.8525 0 0 0 33921 33921 1211 
423 341 1 1.5 341 20.3899 0.8525 0 0 0 34304 34304 1216 
424 341 1 1.5 341 20.3899 0.8525 0 0 0 34503 34503 1217 
425 342 1 1.5 342 21.8195 0.855 0 0 0 34737 34737 1220 
426 342 1 1.5 342 21.8195 0.855 0 0 0 35008 35008 1225 
427 342 1 1.5 342 20.1358 0.855 0 0 0 35410 35410 1233 
428 342 1 1.5 342 20.1358 0.855 0 0 0 35642 35642 1240 
429 342 1 1.5 342 20.1358 0.855 0 0 0 35862 35862 1241 
430 342 1 1.5 342 20.1358 0.855 0 0 0 36139 36139 1244 
431 342 1 1.5 342 20.1358 0.855 0 0 0 36423 36423 1254 
432 353 1 1.5 353 21.9057 0.8825 0 0 0 36696 36696 1256 
433 355 1 1.5 355 23.9875 0.8875 0 0 0 37019 37019 1267 
434 355 1 1.5 355 23.8029 0.8875 0 0 0 37384 37384 1273 
435 355 1 1.5 355 23.8029 0.8875 0 0 0 37679 37679 1281 
436 356 1 1.5 356 24.233 0.89 0 0 0 37996 37996 1288 
437 356 1 1.5 356 23.4295 0.89 0 0 0 38353 38353 1292 
438 356 1 1.5 356 22.8045 0.89 0 0 0 38795 38795 1301 
439 356 1 1.5 356 22.8045 0.89 0 0 0 39104 39104 1303 
440 356 1 1.5 356 22.8045 0.89 0 0 0 39359 39359 1307 
441 356 1 1.5 356 22.8045 0.89 0 0 0 39716 39716 1315 
442 356 1 1.5 356 22.8045 0.89 0 0 0 40036 40036 1317 
443 356 1 1.5 356 22.8045 0.89 0 0 0 40355 40355 1325 
444 356 1 1.5 356 22.8045 0.89 0 0 0 40700 40700 1330 
445 357 1 1.5 357 25.845 0.8925 0 0 0 41202 41202 1343 
446 358 1 1.5 358 22.5914 0.895 0 0 0 41501 41501 1352 
447 358 1 1.5 358 22.5914 0.895 0 0 0 41933 41933 1359 
448 358 1 1.5 358 22.5914 0.895 0 0 0 42611 42611 1361 
449 358 1 1.5 358 22.4223 0.895 0 0 0 42973 42973 1366 
450 358 1 1.5 358 22.3907 0.895 0 0 0 43359 43359 1367 
451 358 1 1.5 358 22.3907 0.895 0 0 0 43733 43733 1375 
452 358 1 1.5 358 22.3907 0.895 0 0 0 44148 44148 1378 
453 358 1 1.5 358 22.3907 0.895 0 0 0 44871 44871 1386 
454 358 1 1.5 358 22.3907 0.895 0 0 0 45818 45818 1395 
455 358 1 1.5 358 22.3907 0.895 0 0 0 46300 46300 1397 
456 358 1 1.5 358 22.3907 0.895 0 0 0 47237 47237 1403 
457 358 1 1.5 358 22.3907 0.895 0 0 0 48379 48379 1408 
458 358 1 1.5 358 22.3907 0.895 0 0 0 48935 48935 1412 
459 358 1 1.5 358 22.3907 0.895 0 0 0 49427 49427 1416 
460 358 1 1.5 358 22.3907 0.895 0 0 0 50190 50190 1426 
461 358 1 1.5 358 22.3907 0.895 0 0 0 51021 51021 1431 
462 358 1 1.5 358 22.3907 0.895 0 0 0 51622 51622 1438 
463 358 1 1.5 358 22.3907 0.895 0 0 0 52100 52100 1442 
464 358 1 1.5 358 22.3907 0.895 0 0 0 52677 52677 1445 
465 358 1 1.5 358 22.3907 0.895 0 0 0 53232 53232 1450 
466 358 1 1.5 358 22.3907 0.895 0 0 0 53828 53828 1459 
467 358 1 1.5 358 22.3907 0.895 0 0 0 54345 54345 1464 
468 358 1 1.5 358 22.3907 0.895 0 0 0 54912 54912 1468 
469 358 1 1.5 358 22.3907 0.895 0 0 0 55501 55501 1472 
470 358 1 1.5 358 22.3907 0.895 0 0 0 56013 56013 1473 
471 358 1 1.5 358 22.3907 0.895 0 0 0 56507 56507 1479 
472 358 1 1.5 358 22.3907 0.895 0 0 0 57058 57058 1483 
473 358 1 1.5 358 22.3907 0.895 0 0 0 57599 57599 1484 
474 358 1 1.5 358 22.3907 0.895 0 0 0 58382 58382 1487 
475 358 1 1.5 358 22.3907 0.895 0 0 0 59417 59417 1493 
476 359 1 1.5 359 23.7517 0.8975 0 0 0 60237 60237 1500 
477 359 1 1.5 359 21.2481 0.8975 0 0 0 60982 60982 1505 
478 359 1 1.5 359 21.2481 0.8975 0 0 0 61628 61628 1511 
479 359 1 1.5 359 21.2481 0.8975 0 0 0 62405 62405 1513 
480 359 1 1.5 359 21.2481 0.8975 0 0 0 63727 63727 1517 
481 359 1 1.5 359 20.5436 0.8975 0 0 0 64727 64727 1518 
482 359 1 1.5 359 20.5436 0.8975 0 0 0 65533 65533 1521 
483 359 1 1.5 359 20.5436 0.8975 0 0 0 66489 66489 1525 
484 359 1 1.5 359 20.5436 0.8975 0 0 0 67220 67220 1527 
485 362 1 1.5 362 24.394 0.905 0 0 0 68068 68068 1536 
486 362 1 1.5 362 24.394 0.905 0 0 0 68864 68864 1539 
487 362 1 1.5 362 24.394 0.905 0 0 0 70058 70058 1545 
488 362 1 1.5 362 23.3459 0.905 0 0 0 71107 71107 1550 
489 365 1 1.5 365 26.568 0.9125 0 0 0 72064 72064 1555 
490 365 1 1.5 365 23.4573 0.9125 0 0 0 72797 72797 1560 
491 365 1 1.5 365 23.4573 0.9125 0 0 0 75193 75193 1567 
492 365 1 1.5 365 23.414 0.9125 0 0 0 76177 76177 1571 
493 365 1 1.5 365 23.414 0.9125 0 0 0 76909 76909 1577 
494 365 1 1.5 365 23.414 0.9125 0 0 0 77820 77820 1581 
495 365 1 1.5 365 23.414 0.9125 0 0 0 78806 78806 1584 
496 365 1 1.5 365 23.414 0.9125 0 0 0 79883 79883 1592 
497 365 1 1.5 365 23.2749 0.9125 0 0 0 80594 80594 1596 
498 365 1 1.5 365 22.9272 0.9125 0 0 0 81305 81305 1601 
499 365 1 1.5 365 22.9272 0.9125 0 0 0 82050 82050 1609 
500 366 1 1.5 366 24.8059 0.915 0 0 0 82826 82826 1615 
501 366 1 1.5 366 23.4533 0.915 0 0 0 83487 83487 1618 
502 366 1 1.5 366 23.4533 0.915 0 0 0 84447 84447 1621 
503 366 1 1.5 366 23.0667 0.915 0 0 0 85276 85276 1625 
504 366 1 1.5 366 23.0667 0.915 0 0 0 86302 86302 1633 
505 366 1 1.5 366 23.0667 0.915 0 0 0 87417 87417 1640 
506 366 1 1.5 366 23.0667 0.915 0 0 0 88070 88070 1643 
507 367 1 1.5 367 25.1706 0.9175 0 0 0 88982 88982 1650 
508 367 1 1.5 367 25.1706 0.9175 0 0 0 89832 89832 1654 
509 367 1 1.5 367 25.1706 0.9175 0 0 0 90584 90584 1664 
510 367 1 1.5 367 24.9313 0.9175 0 0 0 91871 91871 1672 
511 367 1 1.5 367 23.108 0.9175 0 0 0 92901 92901 1676 
512 367 1 1.5 367 23.108 0.9175 0 0 0 93843 93843 1681 
513 367 1 1.5 367 23.108 0.9175 0 0 0 94828 94828 1687 
514 367 1 1.5 367 22.6853 0.9175 0 0 0 95897 95897 1695 
515 367 1 1.5 367 22.6853 0.9175 0 0 0 96986 96986 1698 
516 367 1 1.5 367 22.6853 0.9175 0 0 0 98570 98570 1702 
517 367 1 1.5 367 22.6853 0.9175 0 0 0 100134 100134 1707 
518 367 1 1.5 367 22.6853 0.9175 0 0 0 101611 101611 1710 
519 368 1 1.5 368 24.794 0.92 0 0 0 102576 102576 1716 
520 368 1 1.5 368 24.794 0.92 0 0 0 104139 104139 1724 
521 368 1 1.5 368 24.794 0.92 0 0 0 105581 105581 1730 
522 368 1 1.5 368 22.9872 0.92 0 0 0 107123 107123 1732 
523 368 1 1.5 368 22.9872 0.92 0 0 0 108253 108253 1739 
524 368 1 1.5 368 22.9872 0.92 0 0 0 109612 109612 1745 
525 368 1 1.5 368 22.9872 0.92 0 0 0 110876 110876 1748 
526 368 1 1.5 368 22.9872 0.92 0 0 0 111909 111909 1751 
527 368 1 1.5 368 22.9872 0.92 0 0 0 113277 113277 1764 
528 368 1 1.5 368 22.9872 0.92 0 0 0 114598 114598 1769 
529 369 1 1.5 369 25.3338 0.9225 0 0 0 115964 115964 1773 
530 369 1 1.5 369 25.3338 0.9225 0 0 0 116851 116851 1779 
531 370 1 1.5 370 30.6962 0.925 0 0 0 119851 119851 1791 
532 370 1 1.5 370 30.6962 0.925 0 0 0 122528 122528 1807 
533 370 1 1.5 370 30.6962 0.925 0 0 0 123800 123800 1817 
534 370 1 1.5 370 30.6962 0.925 0 0 0 125304 125304 1833 
535 370 1 1.5 370 30.6962 0.925 0 0 0 127228 127228 1846 
536 370 1 1.5 370 30.6962 0.925 0 0 0 128582 128582 1864 
537 370 1 1.5 370 30.6962 0.925 0 0 0 130378 130378 1869 
538 370 1 1.5 370 30.6962 0.925 0 0 0 132315 132315 1879 
539 370 1 1.5 370 29.6776 0.925 0 0 0 136293 136293 1891 
540 370 1 1.5 370 29.6776 0.925 0 0 0 139139 139139 1901 
541 370 1 1.5 370 28.4272 0.925 0 0 0 143382 143382 1907 
542 370 1 1.5 370 28.2691 0.925 0 0 0 147343 147343 1914 
543 370 1 1.5 370 28.2691 0.925 0 0 0 150431 150431 1923 
544 370 1 1.5 370 28.2691 0.925 0 0 0 153346 153346 1928 
545 370 1 1.5 370 28.1048 0.925 0 0 0 156173 156173 1932 
546 370 1 1.5 370 28.1048 0.925 0 0 0 162377 162377 1944 
547 370 1 1.5 370 28.1048 0.925 0 0 0 164710 164710 1949 
548 371 1 1.5 371 28.1953 0.9275 0 0 0 169146 169146 1962 
549 371 1 1.5 371 28.1953 0.9275 0 0 0 172192 172192 1968 
550 371 1 1.5 371 28.1953 0.9275 0 0 0 175281 175281 1974 
551 371 1 1.5 371 28.1953 0.9275 0 0 0 182958 182958 1984 
552 371 1 1.5 371 28.1953 0.9275 0 0 0 185923 185923 1990 
553 371 1 1.5 371 28.1953 0.9275 0 0 0 188618 188618 1995 
554 371 1 1.5 371 28.1953 0.9275 0 0 0 190706 190706 2004 
555 371 1 1.5 371 28.1953 0.9275 0 0 0 194321 194321 2011 
556 371 1 1.5 371 28.1953 0.9275 0 0 0 197523 197523 2024 
557 371 1 1.5 371 28.1953 0.9275 0 0 0 199815 199815 2038 
558 371 1 1.5 371 28.1953 0.9275 0 0 0 203320 203320 2044 
559 371 1 1.5 371 27.864 0.9275 0 0 0 208039 208039 2050 
560 371 1 1.5 371 27.864 0.9275 0 0 0 210658 210658 2052 
561 371 1 1.5 371 27.864 0.9275 0 0 0 214435 214435 2056 
562 371 1 1.5 371 27.864 0.9275 0 0 0 216913 216913 2069 
563 371 1 1.5 371 27.864 0.9275 0 0 0 219394 219394 2077 
564 371 1 1.5 371 26.3633 0.9275 0 0 0 222104 222104 2082 
565 371 1 1.5 371 26.3633 0.9275 0 0 0 224361 224361 2091 
566 371 1 1.5 371 26.3633 0.9275 0 0 0 227726 227726 2098 
567 371 1 1.5 371 26.3633 0.9275 0 0 0 232194 232194 2103 
568 371 1 1.5 371 26.3633 0.9275 0 0 0 236744 236744 2108 
569 371 1 1.5 371 26.3633 0.9275 0 0 0 240058 240058 2119 
570 371 1 1.5 371 26.3633 0.9275 0 0 0 244532 244532 2125 
571 371 1 1.5 371 26.1503 0.9275 0 0 0 250213 250213 2128 
572 371 1 1.5 371 26.1503 0.9275 0 0 0 252732 252732 2131 
573 371 1 1.5 371 26.1503 0.9275 0 0 0 257113 257113 2137 
574 371 1 1.5 371 26.1503 0.9275 0 0 0 261455 261455 2139 
575 371 1 1.5 371 26.1503 0.9275 0 0 0 268277 268277 2148 
576 371 1 1.5 371 26.1503 0.9275 0 0 0 271045 271045 2152 
577 372 1 1.5 372 29.9063 0.93 0 0 0 273829 273829 2157 
578 372 1 1.5 372 29.9063 0.93 0 0 0 276963 276963 2164 
579 372 1 1.5 372 26.8516 0.93 0 0 0 281362 281362 2169 
580 372 1 1.5 372 26.8516 0.93 0 0 0 288124 288124 2174 
581 372 1 1.5 372 26.8516 0.93 0 0 0 290555 290555 2181 
582 372 1 1.5 372 26.8516 0.93 0 0 0 294334 294334 2185 
583 372 1 1.5 372 26.8516 0.93 0 0 0 298643 298643 2189 
584 372 1 1.5 372 26.8516 0.93 0 0 0 302533 302533 2195 
585 372 1 1.5 372 26.8516 0.93 0 0 0 304368 304368 2202 
586 372 1 1.5 372 26.8516 0.93 0 0 0 307567 307567 2209 
587 372 1 1.5 372 26.8516 0.93 0 0 0 311456 311456 2215 
588 372 1 1.5 372 26.8516 0.93 0 0 0 319560 319560 2225 
589 372 1 1.5 372 26.8516 0.93 0 0 0 324268 324268 2230 
590 372 1 1.5 372 26.8516 0.93 0 0 0 328217 328217 2233 
591 372 1 1.5 372 26.8516 0.93 0 0 0 330109 330109 2239 
592 372 1 1.5 372 26.8516 0.93 0 0 0 333913 333913 2243 
593 372 1 1.5 372 26.8516 0.93 0 0 0 336750 336750 2251 
594 372 1 1.5 372 26.8516 0.93 0 0 0 340403 340403 2256 
595 372 1 1.5 372 26.8516 0.93 0 0 0 342686 342686 2265 
596 372 1 1.5 372 26.8516 0.93 0 0 0 345809 345809 2272 
597 372 1 1.5 372 26.8516 0.93 0 0 0 350321 350321 2277 
598 372 1 1.5 372 26.8516 0.93 0 0 0 354019 354019 2287 
599 372 1 1.5 372 26.8516 0.93 0 0 0 359027 359027 2288 
600 372 1 1.5 372 26.8516 0.93 0 0 0 360609 360609 2292 
601 372 1 1.5 372 26.8516 0.93 0 0 0 365759 365759 2293 
602 372 1 1.5 372 26.8516 0.93 0 0 0 369144 369144 2297 
603 372 1 1.5 372 26.8516 0.93 0 0 0 373446 373446 2303 
604 372 1 1.5 372 26.8516 0.93 0 0 0 378721 378721 2304 
605 372 1 1.5 372 26.8516 0.93 0 0 0 380917 380917 2308 
606 372 1 1.5 372 26.8516 0.93 0 0 0 387034 387034 2313 
607 372 1 1.5 372 26.8516 0.93 0 0 0 391584 391584 2317 
608 372 1 1.5 372 26.8516 0.93 0 0 0 396508 396508 2324 
609 372 1 1.5 372 26.8516 0.93 0 0 0 400899 400899 2326 
610 372 1 1.5 372 26.8516 0.93 0 0 0 403523 403523 2329 
611 372 1 1.5 372 26.8516 0.93 0 0 0 406699 406699 2333 
612 372 1 1.5 372 26.8516 0.93 0 0 0 410366 410366 2338 
613 372 1 1.5 372 26.8516 0.93 0 0 0 413850 413850 2343 
614 372 1 1.5 372 26.8516 0.93 0 0 0 416435 416435 2349 
615 372 1 1.5 372 26.8516 0.93 0 0 0 419080 419080 2355 
616 372 1 1.5 372 26.8516 0.93 0 0 0 422184 422184 2359 
617 372 1 1.5 372 26.8516 0.93 0 0 0 426872 426872 2364 
618 372 1 1.5 372 26.8516 0.93 0 0 0 431987 431987 2372 
619 372 1 1.5 372 26.8516 0.93 0 0 0 441296 441296 2377 
620 372 1 1.5 372 26.8516 0.93 0 0 0 444861 444861 2384 
621 372 1 1.5 372 26.8516 0.93 0 0 0 449525 449525 2387 
622 372 1 1.5 372 26.8516 0.93 0 0 0 453903 453903 2395 
623 372 1 1.5 372 26.8516 0.93 0 0 0 459827 459827 2400 
624 372 1 1.5 372 26.8516 0.93 0 0 0 464893 464893 2403 
625 373 1 1.5 373 32.1477 0.9325 0 0 0 470662 470662 2417 
626 373 1 1.5 373 32.1477 0.9325 0 0 0 477827 477827 2424 
627 373 1 1.5 373 32.1477 0.9325 0 0 0 481588 481588 2430 
628 373 1 1.5 373 32.1477 0.9325 0 0 0 487462 487462 2441 
629 376 1 1.5 376 34.835 0.94 0 0 0 493344 493344 2447 
630 376 1 1.5 376 31.6645 0.94 0 0 0 498031 498031 2458 
631 376 1 1.5 376 31.6645 0.94 0 0 0 501826 501826 2467 
632 376 1 1.5 376 31.6645 0.94 0 0 0 504700 504700 2476 
633 376 1 1.5 376 31.6645 0.94 0 0 0 508118 508118 2486 
634 379 1 1.5 379 34.4318 0.9475 0 0 0 513093 513093 2491 
635 379 1 1.5 379 34.4318 0.9475 0 0 0 517671 517671 2499 
636 379 1 1.5 379 33.9445 0.9475 0 0 0 521059 521059 2508 
637 379 1 1.5 379 33.9445 0.9475 0 0 0 527480 527480 2515 
638 379 1 1.5 379 33.9445 0.9475 0 0 0 534229 534229 2519 
639 379 1 1.5 379 33.9445 0.9475 0 0 0 538984 538984 2530 
640 379 1 1.5 379 32.3351 0.9475 0 0 0 551992 551992 2541 
641 379 1 1.5 379 32.3351 0.9475 0 0 0 557359 557359 2553 
642 382 1 1.5 382 33.6658 0.955 0 0 0 562469 562469 2563 
643 385 1 1.5 385 37.3137 0.9625 0 0 0 575245 575245 2573 
644 385 1 1.5 385 37.0706 0.9625 0 0 0 581776 581776 2588 
645 388 1 1.5 388 35.5915 0.97 0 0 0 590631 590631 2594 
646 388 1 1.5 388 35.5915 0.97 0 0 0 594222 594222 2601 
647 388 1 1.5 388 33.0912 0.97 0 0 0 601860 601860 2606 
648 388 1 1.5 388 33.0912 0.97 0 0 0 607245 607245 2615 
649 388 1 1.5 388 33.0912 0.97 0 0 0 614460 614460 2618 
650 388 1 1.5 388 33.0912 0.97 0 0 0 619526 619526 2626 
651 388 1 1.5 388 33.0912 0.97 0 0 0 626777 626777 2629 
652 388 1 1.5 388 33.0912 0.97 0 0 0 630988 630988 2639 
653 388 1 1.5 388 33.0912 0.97 0 0 0 635267 635267 2653 
654 388 1 1.5 388 33.0912 0.97 0 0 0 641232 641232 2662 
655 388 1 1.5 388 33.0912 0.97 0 0 0 646970 646970 2669 
656 388 1 1.5 388 31.5206 0.97 0 0 0 653089 653089 2673 
657 388 1 1.5 388 31.5206 0.97 0 0 0 663507 663507 2682 
658 388 1 1.5 388 31.5206 0.97 0 0 0 668523 668523 2687 
659 388 1 1.5 388 31.5206 0.97 0 0 0 673917 673917 2689 
660 388 1 1.5 388 31.5206 0.97 0 0 0 681279 681279 2697 
661 388 1 1.5 388 31.5206 0.97 0 0 0 688170 688170 2699 
662 388 1 1.5 388 31.5206 0.97 0 0 0 694655 694655 2702 
663 388 1 1.5 388 31.5206 0.97 0 0 0 698401 698401 2707 
664 388 1 1.5 388 31.5206 0.97 0 0 0 704829 704829 2711 
665 388 1 1.5 388 31.5206 0.97 0 0 0 711094 711094 2719 
666 388 1 1.5 388 31.5206 0.97 0 0 0 716158 716158 2723 
667 388 1 1.5 388 31.5206 0.97 0 0 0 720425 720425 2728 
668 388 1 1.5 388 31.5206 0.97 0 0 0 724548 724548 2738 
669 388 1 1.5 388 31.5206 0.97 0 0 0 728881 728881 2744 
670 388 1 1.5 388 31.5206 0.97 0 0 0 738617 738617 2749 
671 388 1 1.5 388 31.5206 0.97 0 0 0 744254 744254 2754 
672 389 1 1.5 389 34.0394 0.9725 0 0 0 754067 754067 2766 
673 389 1 1.5 389 33.7473 0.9725 0 0 0 758924 758924 2774 
674 389 1 1.5 389 33.7473 0.9725 0 0 0 761917 761917 2780 
675 389 1 1.5 389 33.2923 0.9725 0 0 0 766391 766391 2786 
676 389 1 1.5 389 33.2923 0.9725 0 0 0 771532 771532 2792 
677 389 1 1.5 389 33.2923 0.9725 0 0 0 774957 774957 2797 
678 389 1 1.5 389 33.2923 0.9725 0 0 0 780613 780613 2800 
679 389 1 1.5 389 32.0445 0.9725 0 0 0 786502 786502 2804 
680 389 1 1.5 389 32.0445 0.9725 0 0 0 789949 789949 2810 
681 389 1 1.5 389 32.0445 0.9725 0 0 0 795661 795661 2821 
682 389 1 1.5 389 32.0445 0.9725 0 0 0 800406 800406 2831 
683 389 1 1.5 389 32.0445 0.9725 0 0 0 806116 806116 2836 
684 389 1 1.5 389 32.0445 0.9725 0 0 0 813272 813272 2843 
685 389 1 1.5 389 32.0445 0.9725 0 0 0 817629 817629 2848 
686 389 1 1.5 389 32.0445 0.9725 0 0 0 822062 822062 2857 
687 389 1 1.5 389 32.0445 0.9725 0 0 0 830220 830220 2865 
688 389 1 1.5 389 32.0445 0.9725 0 0 0 834158 834158 2868 
689 389 1 1.5 389 31.1486 0.9725 0 0 0 841111 841111 2873 
690 389 1 1.5 389 31.1486 0.9725 0 0 0 847551 847551 2878 
691 389 1 1.5 389 31.1486 0.9725 0 0 0 854750 854750 2884 
692 389 1 1.5 389 31.1486 0.9725 0 0 0 864520 864520 2889 
693 389 1 1.5 389 31.1486 0.9725 0 0 0 868865 868865 2893 
694 389 1 1.5 389 31.1486 0.9725 0 0 0 875458 875458 2899 
695 389 1 1.5 389 31.1486 0.9725 0 0 0 881239 881239 2909 
696 389 1 1.5 389 31.1486 0.9725 0 0 0 887019 887019 2915 
697 389 1 1.5 389 31.1486 0.9725 0 0 0 894791 894791 2924 
698 389 1 1.5 389 31.1486 0.9725 0 0 0 900950 900950 2928 
699 389 1 1.5 389 31.1486 0.9725 0 0 0 907969 907969 2934 
700 389 1 1.5 389 31.1486 0.9725 0 0 0 913810 913810 2936 
701 389 1 1.5 389 31.1486 0.9725 0 0 0 917739 917739 2942 
702 389 1 1.5 389 31.1486 0.9725 0 0 0 922876 922876 2952 
703 389 1 1.5 389 31.1486 0.9725 0 0 0 937973 937973 2959 
704 389 1 1.5 389 31.1486 0.9725 0 0 0 942721 942721 2966 
705 389 1 1.5 389 31.1486 0.9725 0 0 0 947598 947598 2968 
706 389 1 1.5 389 31.1486 0.9725 0 0 0 956111 956111 2970 
707 389 1 1.5 389 31.1486 0.9725 0 0 0 959544 959544 2977 
708 389 1 1.5 389 31.1486 0.9725 0 0 0 962700 962700 2983 
709 389 1 1.5 389 31.1486 0.9725 0 0 0 967273 967273 2988 
710 389 1 1.5 389 31.1486 0.9725 0 0 0 969700 969700 2994 
711 389 1 1.5 389 31.1486 0.9725 0 0 0 973473 973473 3001 
712 389 1 1.5 389 31.1486 0.9725 0 0 0 977147 977147 3006 
713 389 1 1.5 389 31.1486 0.9725 0 0 0 980475 980475 3009 
714 389 1 1.5 389 31.1486 0.9725 0 0 0 988088 988088 3015 
715 389 1 1.5 389 31.1486 0.9725 0 0 0 991258 991258 3020 
716 389 1 1.5 389 31.1486 0.9725 0 0 0 995046 995046 3024 
717 389 1 1.5 389 31.1486 0.9725 0 0 0 997994 997994 3032 
718 389 1 1.5 389 31.1034 0.9725 0 0 0 1001992 1001992 3038 
719 389 1 1.5 389 31.1034 0.9725 0 0 0 1004842 1004842 3042 
720 389 1 1.5 389 31.1034 0.9725 0 0 0 1010254 1010254 3046 
721 389 1 1.5 389 31.1034 0.9725 0 0 0 1012562 1012562 3049 
722 389 1 1.5 389 31.1034 0.9725 0 0 0 1015267 1015267 3051 
723 389 1 1.5 389 31.1034 0.9725 0 0 0 1018230 1018230 3053 
724 389 1 1.5 389 31.1034 0.9725 0 0 0 1021809 1021809 3057 
725 389 1 1.5 389 31.1034 0.9725 0 0 0 1028664 1028664 3065 
726 389 1 1.5 389 31.1034 0.9725 0 0 0 1039017 1039017 3071 
727 389 1 1.5 389 31.1034 0.9725 0 0 0 1045162 1045162 3076 
728 389 1 1.5 389 31.1034 0.9725 0 0 0 1048662 1048662 3081 
729 389 1 1.5 389 31.1034 0.9725 0 0 0 1051409 1051409 3085 
730 389 1 1.5 389 30.9609 0.9725 0 0 0 1057269 1057269 3087 
731 389 1 1.5 389 30.9609 0.9725 0 0 0 1061074 1061074 3089 
732 389 1 1.5 389 30.9609 0.9725 0 0 0 1064716 1064716 3094 
733 389 1 1.5 389 30.9609 0.9725 0 0 0 1068529 1068529 3100 
734 389 1 1.5 389 30.9609 0.9725 0 0 0 1072088 1072088 3104 
735 389 1 1.5 389 30.9609 0.9725 0 0 0 1075201 1075201 3107 
736 389 1 1.5 389 30.9609 0.9725 0 0 0 1081108 1081108 3112 
737 389 1 1.5 389 30.9609 0.9725 0 0 0 1084499 1084499 3119 
738 389 1 1.5 389 30.9609 0.9725 0 0 0 1087644 1087644 3123 
739 389 1 1.5 389 30.6238 0.9725 0 0 0 1091101 1091101 3126 
740 389 1 1.5 389 30.6238 0.9725 0 0 0 1094177 1094177 3128 
741 389 1 1.5 389 30.6238 0.9725 0 0 0 1097355 1097355 3132 
742 389 1 1.5 389 30.6238 0.9725 0 0 0 1102912 1102912 3136 
743 389 1 1.5 389 30.6238 0.9725 0 0 0 1106222 1106222 3139 
744 389 1 1.5 389 30.6238 0.9725 0 0 0 1109687 1109687 3142 
745 389 1 1.5 389 30.6238 0.9725 0 0 0 1113975 1113975 3147 
746 389 1 1.5 389 30.6238 0.9725 0 0 0 1118053 1118053 3149 
747 389 1 1.5 389 30.6238 0.9725 0 0 0 1122207 1122207 3151 
748 389 1 1.5 389 30.6238 0.9725 0 0 0 1126489 1126489 3155 
749 389 1 1.5 389 30.5474 0.9725 0 0 0 1130162 1130162 3156 
750 389 1 1.5 389 30.5474 0.9725 0 0 0 1134240 1134240 3158 
751 389 1 1.5 389 30.5474 0.9725 0 0 0 1137688 1137688 3160 
752 389 1 1.5 389 30.5474 0.9725 0 0 0 1141264 1141264 3163 
753 389 1 1.5 389 30.5474 0.9725 0 0 0 1145019 1145019 3167 
754 389 1 1.5 389 30.5474 0.9725 0 0 0 1148634 1148634 3169 
755 389 1 1.5 389 30.5474 0.9725 0 0 0 1152310 1152310 3171 
756 389 1 1.5 389 30.5474 0.9725 0 0 0 1156790 1156790 3173 
757 389 1 1.5 389 30.5474 0.9725 0 0 0 1161010 1161010 3174 
758 389 1 1.5 389 30.5474 0.9725 0 0 0 1165045 1165045 3177 
759 389 1 1.5 389 30.5474 0.9725 0 0 0 1167989 1167989 3187 
760 389 1 1.5 389 30.5474 0.9725 0 0 0 1173419 1173419 3195 
761 389 1 1.5 389 30.5474 0.9725 0 0 0 1178616 1178616 3198 
762 389 1 1.5 389 30.5474 0.9725 0 0 0 1185040 1185040 3205 
763 389 1 1.5 389 30.5474 0.9725 0 0 0 1192138 1192138 3208 
764 389 1 1.5 389 30.5474 0.9725 0 0 0 1196280 1196280 3213 
765 389 1 1.5 389 30.5474 0.9725 0 0 0 1201969 1201969 3220 
766 389 1 1.5 389 30.5474 0.9725 0 0 0 1209042 1209042 3225 
767 389 1 1.5 389 30.5474 0.9725 0 0 0 1213892 1213892 3226 
768 389 1 1.5 389 30.5474 0.9725 0 0 0 1227495 1227495 3234 
769 389 1 1.5 389 30.5474 0.9725 0 0 0 1233968 1233968 3235 
770 389 1 1.5 389 30.5474 0.9725 0 0 0 1237445 1237445 3240 
771 389 1 1.5 389 30.5474 0.9725 0 0 0 1242698 1242698 3248 
772 389 1 1.5 389 30.5474 0.9725 0 0 0 1247328 1247328 3252 
773 389 1 1.5 389 30.5474 0.9725 0 0 0 1250764 1250764 3255 
774 389 1 1.5 389 29.5246 0.9725 0 0 0 1260700 1260700 3260 
775 389 1 1.5 389 29.5246 0.9725 0 0 0 1264947 1264947 3262 
776 389 1 1.5 389 29.5246 0.9725 0 0 0 1269659 1269659 3264 
777 389 1 1.5 389 29.5246 0.9725 0 0 0 1273828 1273828 3268 
778 389 1 1.5 389 29.5246 0.9725 0 0 0 1279306 1279306 3270 
779 389 1 1.5 389 29.5246 0.9725 0 0 0 1284923 1284923 3274 
780 389 1 1.5 389 29.5246 0.9725 0 0 0 1288264 1288264 3276 
781 389 1 1.5 389 29.5246 0.9725 0 0 0 1293113 1293113 3279 
782 389 1 1.5 389 29.5246 0.9725 0 0 0 1299068 1299068 3285 
783 389 1 1.5 389 29.5246 0.9725 0 0 0 1302361 1302361 3287 
784 389 1 1.5 389 29.5246 0.9725 0 0 0 1307323 1307323 3290 
785 389 1 1.5 389 29.5246 0.9725 0 0 0 1312351 1312351 3292 
786 389 1 1.5 389 29.5246 0.9725 0 0 0 1316742 1316742 3294 
787 389 1 1.5 389 29.5246 0.9725 0 0 0 1321189 1321189 3296 
788 389 1 1.5 389 29.5246 0.9725 0 0 0 1326121 1326121 3300 
789 389 1 1.5 389 29.5246 0.9725 0 0 0 1331240 1331240 3306 
790 389 1 1.5 389 29.5246 0.9725 0 0 0 1335818 1335818 3308 
791 389 1 1.5 389 29.5246 0.9725 0 0 0 1341147 1341147 3309 
792 389 1 1.5 389 29.5246 0.9725 0 0 0 1346552 1346552 3315 
793 389 1 1.5 389 29.5246 0.9725 0 0 0 1350431 1350431 3319 
794 389 1 1.5 389 29.5246 0.9725 0 0 0 1354988 1354988 3322 
795 389 1 1.5 389 29.5246 0.9725 0 0 0 1361065 1361065 3324 
796 389 1 1.5 389 29.5246 0.9725 0 0 0 1366265 1366265 3328 
797 389 1 1.5 389 29.5246 0.9725 0 0 0 1370326 1370326 3333 
798 389 1 1.5 389 29.5246 0.9725 0 0 0 1375171 1375171 3344 
799 389 1 1.5 389 29.5246 0.9725 0 0 0 1379289 1379289 3352 
800 389 1 1.5 389 29.5246 0.9725 0 0 0 1383994 1383994 3354 
801 389 1 1.5 389 29.5246 0.9725 0 0 0 1391271 1391271 3357 
802 389 1 1.5 389 29.5246 0.9725 0 0 0 1396062 1396062 3361 
803 389 1 1.5 389 29.5246 0.9725 0 0 0 1403288 1403288 3363 
804 389 1 1.5 389 29.5246 0.9725 0 0 0 1408373 1408373 3365 
805 389 1 1.5 389 28.907 0.9725 0 0 0 1413184 1413184 3367 
806 389 1 1.5 389 28.907 0.9725 0 0 0 1420458 1420458 3371 
807 389 1 1.5 389 28.907 0.9725 0 0 0 1425153 1425153 3373 
808 389 1 1.5 389 28.7499 0.9725 0 0 0 1429861 1429861 3375 
809 389 1 1.5 389 28.7499 0.9725 0 0 0 1436655 1436655 3382 
810 389 1 1.5 389 28.7499 0.9725 0 0 0 1441020 1441020 3385 
811 389 1 1.5 389 28.7499 0.9725 0 0 0 1445686 1445686 3390 
812 389 1 1.5 389 28.7499 0.9725 0 0 0 1449249 1449249 3391 
813 389 1 1.5 389 28.7499 0.9725 0 0 0 1455080 1455080 3394 
814 389 1 1.5 389 28.7499 0.9725 0 0 0 1465769 1465769 3398 
815 389 1 1.5 389 28.7499 0.9725 0 0 0 1470586 1470586 3401 
816 389 1 1.5 389 28.7499 0.9725 0 0 0 1475498 1475498 3405 
817 389 1 1.5 389 28.7499 0.9725 0 0 0 1480415 1480415 3407 
818 389 1 1.5 389 28.7499 0.9725 0 0 0 1485858 1485858 3410 
819 389 1 1.5 389 28.7499 0.9725 0 0 0 1491322 1491322 3413 
820 389 1 1.5 389 28.7499 0.9725 0 0 0 1495779 1495779 3414 
821 389 1 1.5 389 28.7499 0.9725 0 0 0 1505923 1505923 3416 
822 389 1 1.5 389 28.7499 0.9725 0 0 0 1518884 1518884 3418 
823 392 1 1.5 392 29.8487 0.98 0 0 0 1528160 1528160 3423 
824 392 1 1.5 392 29.8487 0.98 0 0 0 1534590 1534590 3431 
825 392 1 1.5 392 29.5242 0.98 0 0 0 1542183 1542183 3436 
826 392 1 1.5 392 29.0925 0.98 0 0 0 1549829 1549829 3439 
827 392 1 1.5 392 29.0925 0.98 0 0 0 1558925 1558925 3444 
828 392 1 1.5 392 29.0925 0.98 0 0 0 1571687 1571687 3450 
829 392 1 1.5 392 29.0925 0.98 0 0 0 1585686 1585686 3453 
830 392 1 1.5 392 29.0925 0.98 0 0 0 1601217 1601217 3461 
831 392 1 1.5 392 29.0925 0.98 0 0 0 1625457 1625457 3466 
832 392 1 1.5 392 29.0925 0.98 0 0 0 1644816 1644816 3469 
833 392 1 1.5 392 28.8427 0.98 0 0 0 1653094 1653094 3471 
834 392 1 1.5 392 28.8427 0.98 0 0 0 1661548 1661548 3473 
835 392 1 1.5 392 28.8427 0.98 0 0 0 1675224 1675224 3479 
836 392 1 1.5 392 28.8427 0.98 0 0 0 1680734 1680734 3481 
837 392 1 1.5 392 28.8427 0.98 0 0 0 1693250 1693250 3487 
838 392 1 1.5 392 28.8427 0.98 0 0 0 1714559 1714559 3488 
839 392 1 1.5 392 28.8427 0.98 0 0 0 1732644 1732644 3491 
840 392 1 1.5 392 28.8427 0.98 0 0 0 1742735 1742735 3493 
841 392 1 1.5 392 28.8427 0.98 0 0 0 1769011 1769011 3495 
842 392 1 1.5 392 28.8427 0.98 0 0 0 1779234 1779234 3498 
