1 105 1 0 105 0 0.2625 0 0 0 0 0 0 
2 108 1 0 108 0.1 0.27 0 0 0 0 0 1 
3 110 1 0 110 0.195919 0.275 0 0 0 0 0 3 
4 112 1 0 112 0.295919 0.28 0 0 0 0 0 4 
5 114 1 0 114 0.395919 0.285 0 0 0 0 0 5 
6 115 1 0 115 0.488365 0.2875 0 0 0 0 0 7 
7 115 1 0 115 0.488365 0.2875 0 0 0 0 0 8 
8 122 1 0 122 0.62186 0.305 0 0 0 0 0 10 
9 122 1 0 122 0.62186 0.305 0 0 0 0 0 11 
10 122 1 0 122 0.62186 0.305 0 0 0 0 0 12 
11 131 1 0 131 0.72186 0.3275 0 0 0 1 1 13 
12 131 1 0 131 0.72186 0.3275 0 0 0 2 2 14 
13 132 1 0 132 1.02148 0.33 0 0 0 7 7 17 
14 133 1 0 133 1.14796 0.3325 0 0 0 17 17 20 
15 141 1 0 141 1.24621 0.3525 0 0 0 40 40 23 
16 141 1 0 141 1.24621 0.3525 0 0 0 66 66 24 
17 142 1 0 142 1.34338 0.355 0 0 0 124 124 27 
18 143 1 0 143 1.35693 0.3575 0 0 0 210 210 30 
19 145 1 0 145 1.43752 0.3625 0 0 0 385 385 33 
20 145 1 0 145 1.43752 0.3625 0 0 0 576 576 34 
21 145 1 0 145 1.43752 0.3625 0 0 0 767 767 35 
22 145 1 0 145 1.43752 0.3625 0 0 0 955 955 36 
23 146 1 0 146 1.57594 0.365 0 0 0 1289 1289 38 
24 146 1 0 146 1.57594 0.365 0 0 0 1639 1639 39 
25 147 1 0 147 1.67873 0.3675 0 0 0 2117 2117 41 
26 148 1 0 148 1.75776 0.37 0 0 0 2762 2762 43 
27 148 1 0 148 1.75776 0.37 0 0 0 3372 3372 44 
28 148 1 0 148 1.75776 0.37 0 0 0 4000 4000 45 
29 148 1 0 148 1.75776 0.37 0 0 0 4639 4639 46 
30 150 1 0 150 1.96952 0.375 0 0 0 5564 5564 48 
31 150 1 0 150 1.96952 0.375 0 0 0 6505 6505 49 
32 150 1 0 150 1.96952 0.375 0 0 0 7499 7499 50 
33 150 1 0 150 1.96952 0.375 0 0 0 8498 8498 51 
34 150 1 0 150 1.96952 0.375 0 0 0 9561 9561 52 
35 150 1 0 150 1.96952 0.375 0 0 0 10637 10637 53 
36 150 1 0 150 1.96952 0.375 0 0 0 11702 11702 54 
37 150 1 0 150 1.96952 0.375 0 0 0 12800 12800 55 
38 150 1 0 150 1.96952 0.375 0 0 0 13910 13910 56 
39 150 1 0 150 1.96952 0.375 0 0 0 15019 15019 57 
40 150 1 0 150 1.96952 0.375 0 0 0 16146 16146 58 
41 150 1 0 150 1.96952 0.375 0 0 0 17282 17282 59 
42 150 1 0 150 1.96952 0.375 0 0 0 18453 18453 60 
43 151 1 0 151 2.5235 0.3775 0 0 0 20158 20158 62 
44 152 1 0 152 2.58146 0.38 0 0 0 21962 21962 64 
45 152 1 0 152 2.58146 0.38 0 0 0 23792 23792 65 
46 152 1 0 152 2.58146 0.38 0 0 0 25641 25641 66 
47 152 1 0 152 2.58146 0.38 0 0 0 27509 27509 67 
48 152 1 0 152 2.58146 0.38 0 0 0 29388 29388 68 
49 152 1 0 152 2.58146 0.38 0 0 0 31290 31290 69 
50 152 1 0 152 2.58146 0.38 0 0 0 33194 33194 70 
51 152 1 0 152 2.58146 0.38 0 0 0 35113 35113 71 
52 152 1 0 152 2.58146 0.38 0 0 0 36802 36802 72 
53 152 1 0 152 2.58146 0.38 0 0 0 38531 38531 73 
54 152 1 0 152 2.58146 0.38 0 0 0 40268 40268 74 
55 159 1 0 159 2.74719 0.3975 0 0 0 42124 42124 79 
56 159 1 0 159 2.74719 0.3975 0 0 0 44004 44004 80 
57 165 1 0 165 2.78501 0.4125 0 0 0 46071 46071 87 
58 165 1 0 165 2.78501 0.4125 0 0 0 48261 48261 88 
59 165 1 0 165 2.78501 0.4125 0 0 0 50539 50539 89 
60 165 1 0 165 2.78501 0.4125 0 0 0 52807 52807 90 
61 165 1 0 165 2.78501 0.4125 0 0 0 55123 55123 91 
62 166 1 0 166 3.10233 0.415 0 0 0 59687 59687 94 
63 166 1 0 166 3.10233 0.415 0 0 0 64307 64307 95 
64 166 1 0 166 3.10233 0.415 0 0 0 69053 69053 96 
65 166 1 0 166 3.10233 0.415 0 0 0 73821 73821 97 
66 166 1 0 166 3.10233 0.415 0 0 0 78624 78624 98 
67 166 1 0 166 3.10233 0.415 0 0 0 83474 83474 99 
68 166 1 0 166 3.10233 0.415 0 0 0 88372 88372 100 
69 166 1 0 166 3.10233 0.415 0 0 0 93347 93347 101 
70 166 1 0 166 3.10233 0.415 0 0 0 98288 98288 102 
71 166 1 0 166 3.10233 0.415 0 0 0 103308 103308 103 
72 166 1 0 166 3.10233 0.415 0 0 0 108368 108368 104 
73 166 1 0 166 3.10233 0.415 0 0 0 113435 113435 105 
74 166 1 0 166 3.10233 0.415 0 0 0 118578 118578 106 
75 166 1 0 166 3.10233 0.415 0 0 0 123711 123711 107 
76 166 1 0 166 3.10233 0.415 0 0 0 128877 128877 108 
77 166 1 0 166 3.10233 0.415 0 0 0 134177 134177 109 
78 166 1 0 166 3.10233 0.415 0 0 0 139414 139414 110 
79 166 1 0 166 3.10233 0.415 0 0 0 144749 144749 111 
80 166 1 0 166 3.10233 0.415 0 0 0 150139 150139 112 
81 166 1 0 166 3.10233 0.415 0 0 0 155707 155707 113 
82 166 1 0 166 3.10233 0.415 0 0 0 161294 161294 114 
83 166 1 0 166 3.10233 0.415 0 0 0 167013 167013 115 
84 166 1 0 166 3.10233 0.415 0 0 0 172815 172815 116 
85 166 1 0 166 3.10233 0.415 0 0 0 178615 178615 117 
86 166 1 0 166 3.10233 0.415 0 0 0 184450 184450 118 
87 166 1 0 166 3.10233 0.415 0 0 0 190340 190340 119 
88 166 1 0 166 3.10233 0.415 0 0 0 199678 199678 120 
89 166 1 0 166 3.10233 0.415 0 0 0 208952 208952 121 
90 166 1 0 166 3.10233 0.415 0 0 0 218386 218386 122 
91 166 1 0 166 3.10233 0.415 0 0 0 227840 227840 123 
92 166 1 0 166 3.10233 0.415 0 0 0 237292 237292 124 
93 166 1 0 166 3.10233 0.415 0 0 0 246767 246767 125 
94 166 1 0 166 3.10233 0.415 0 0 0 256295 256295 126 
95 178 1 0 178 3.37967 0.445 0 0 0 277122 277122 129 
96 181 1 0 181 4.33123 0.4525 0 0 0 303353 303353 132 
97 182 1 0 182 4.37242 0.455 0 0 0 331349 331349 134 
98 182 1 0 182 4.37242 0.455 0 0 0 360240 360240 135 
99 182 1 0 182 4.37242 0.455 0 0 0 390275 390275 136 
100 187 1 0 187 4.92136 0.4675 0 0 0 459505 459505 141 
101 187 1 0 187 4.92136 0.4675 0 0 0 530402 530402 142 
102 187 1 0 187 4.92136 0.4675 0 0 0 606517 606517 143 
103 187 1 0 187 4.92136 0.4675 0 0 0 694661 694661 144 
104 187 1 0 187 4.92136 0.4675 0 0 0 768257 768257 145 
105 187 1 0 187 4.92136 0.4675 0 0 0 842814 842814 146 
106 187 1 0 187 4.92136 0.4675 0 0 0 918273 918273 147 
107 187 1 0 187 4.92136 0.4675 0 0 0 993792 993792 148 
108 187 1 0 187 4.92136 0.4675 0 0 0 1070256 1070256 149 
109 187 1 0 187 4.92136 0.4675 0 0 0 1146927 1146927 150 
110 187 1 0 187 4.92136 0.4675 0 0 0 1235580 1235580 151 
111 187 1 0 187 4.92136 0.4675 0 0 0 1318213 1318213 152 
112 187 1 0 187 4.92136 0.4675 0 0 0 1399207 1399207 153 
113 187 1 0 187 4.92136 0.4675 0 0 0 1483019 1483019 154 
114 187 1 0 187 4.92136 0.4675 0 0 0 1564910 1564910 155 
115 187 1 0 187 4.92136 0.4675 0 0 0 1650541 1650541 156 
116 187 1 0 187 4.92136 0.4675 0 0 0 1736520 1736520 157 
