1 105 1 2.5 105 0 0.2625 0 0 0 0 0 0 
2 108 1 2.5 108 0.1 0.27 0 0 0 0 0 1 
3 110 1 2.5 110 0.195919 0.275 0 0 0 0 0 3 
4 112 1 2.5 112 0.295919 0.28 0 0 0 0 0 4 
5 114 1 2.5 114 0.395919 0.285 0 0 0 0 0 5 
6 115 1 2.5 115 0.488365 0.2875 0 0 0 0 0 7 
7 115 1 2.5 115 0.488365 0.2875 0 0 0 0 0 8 
8 122 1 2.5 122 0.62186 0.305 0 0 0 0 0 10 
9 122 1 2.5 122 0.62186 0.305 0 0 0 0 0 11 
10 122 1 2.5 122 0.62186 0.305 0 0 0 0 0 12 
11 131 1 2.5 131 0.72186 0.3275 0 0 0 0 0 13 
12 131 1 2.5 131 0.72186 0.3275 0 0 0 0 0 14 
13 132 1 2.5 132 1.03084 0.33 0 0 0 0 0 16 
14 133 1 2.5 133 1.15732 0.3325 0 0 0 0 0 19 
15 141 1 2.5 141 1.25557 0.3525 0 0 0 0 0 22 
16 141 1 2.5 141 1.25557 0.3525 0 0 0 0 0 23 
17 142 1 2.5 142 1.40416 0.355 0 0 0 0 0 25 
18 143 1 2.5 143 1.50416 0.3575 0 0 0 0 0 26 
19 145 1 2.5 145 1.65811 0.3625 0 0 0 0 0 28 
20 145 1 2.5 145 1.65811 0.3625 0 0 0 0 0 29 
21 145 1 2.5 145 1.65811 0.3625 0 0 0 0 0 30 
22 145 1 2.5 145 1.65811 0.3625 0 0 0 0 0 31 
23 146 1 2.5 146 1.7409 0.365 0 0 0 0 0 33 
24 146 1 2.5 146 1.7409 0.365 0 0 0 0 0 34 
25 147 1 2.5 147 2.02836 0.3675 0 0 0 1 1 36 
26 148 1 2.5 148 2.08592 0.37 0 0 0 2 2 38 
27 148 1 2.5 148 2.08592 0.37 0 0 0 3 3 42 
28 148 1 2.5 148 2.08592 0.37 0 0 0 4 4 43 
29 148 1 2.5 148 2.08592 0.37 0 0 0 5 5 44 
30 150 1 2.5 150 2.51612 0.375 0 0 0 6 6 46 
31 150 1 2.5 150 2.51612 0.375 0 0 0 7 7 47 
32 150 1 2.5 150 2.51612 0.375 0 0 0 8 8 48 
33 150 1 2.5 150 2.51612 0.375 0 0 0 9 9 49 
34 150 1 2.5 150 2.51612 0.375 0 0 0 10 10 50 
35 150 1 2.5 150 2.51612 0.375 0 0 0 11 11 51 
36 150 1 2.5 150 2.51612 0.375 0 0 0 12 12 52 
37 150 1 2.5 150 2.51612 0.375 0 0 0 13 13 53 
38 150 1 2.5 150 2.51612 0.375 0 0 0 14 14 54 
39 150 1 2.5 150 2.51612 0.375 0 0 0 15 15 55 
40 150 1 2.5 150 2.51612 0.375 0 0 0 16 16 56 
41 150 1 2.5 150 2.51612 0.375 0 0 0 17 17 57 
42 150 1 2.5 150 2.51612 0.375 0 0 0 18 18 58 
43 151 1 2.5 151 3.0701 0.3775 0 0 0 19 19 60 
44 152 1 2.5 152 3.12806 0.38 0 0 0 20 20 62 
45 152 1 2.5 152 3.12806 0.38 0 0 0 21 21 63 
46 152 1 2.5 152 3.12806 0.38 0 0 0 22 22 64 
47 152 1 2.5 152 3.12806 0.38 0 0 0 24 24 65 
48 152 1 2.5 152 3.12806 0.38 0 0 0 25 25 66 
49 152 1 2.5 152 3.12806 0.38 0 0 0 26 26 67 
50 152 1 2.5 152 3.12806 0.38 0 0 0 28 28 68 
51 152 1 2.5 152 3.12806 0.38 0 0 0 30 30 69 
52 152 1 2.5 152 3.12806 0.38 0 0 0 31 31 70 
53 152 1 2.5 152 3.12806 0.38 0 0 0 32 32 71 
54 152 1 2.5 152 3.12806 0.38 0 0 0 34 34 72 
55 159 1 2.5 159 3.53263 0.3975 0 0 0 36 36 74 
56 159 1 2.5 159 3.53263 0.3975 0 0 0 38 38 75 
57 165 1 2.5 165 3.88679 0.4125 0 0 0 40 40 78 
58 165 1 2.5 165 3.88679 0.4125 0 0 0 42 42 79 
59 165 1 2.5 165 3.88679 0.4125 0 0 0 44 44 80 
60 165 1 2.5 165 3.88679 0.4125 0 0 0 46 46 81 
61 165 1 2.5 165 3.88679 0.4125 0 0 0 49 49 82 
62 166 1 2.5 166 4.53395 0.415 0 0 0 51 51 85 
63 166 1 2.5 166 4.53395 0.415 0 0 0 53 53 86 
64 166 1 2.5 166 4.53395 0.415 0 0 0 55 55 87 
65 166 1 2.5 166 4.53395 0.415 0 0 0 58 58 88 
66 166 1 2.5 166 4.53395 0.415 0 0 0 61 61 89 
67 166 1 2.5 166 4.53395 0.415 0 0 0 64 64 90 
68 166 1 2.5 166 4.53395 0.415 0 0 0 66 66 91 
69 166 1 2.5 166 4.53395 0.415 0 0 0 68 68 92 
70 166 1 2.5 166 4.53395 0.415 0 0 0 70 70 95 
71 166 1 2.5 166 4.53395 0.415 0 0 0 73 73 96 
72 166 1 2.5 166 4.53395 0.415 0 0 0 76 76 97 
73 166 1 2.5 166 4.53395 0.415 0 0 0 78 78 98 
74 166 1 2.5 166 4.53395 0.415 0 0 0 80 80 99 
75 166 1 2.5 166 4.53395 0.415 0 0 0 82 82 100 
76 166 1 2.5 166 4.53395 0.415 0 0 0 84 84 101 
77 166 1 2.5 166 4.53395 0.415 0 0 0 86 86 102 
78 166 1 2.5 166 4.53395 0.415 0 0 0 88 88 103 
79 166 1 2.5 166 4.53395 0.415 0 0 0 90 90 104 
80 166 1 2.5 166 4.53395 0.415 0 0 0 92 92 105 
81 166 1 2.5 166 4.53395 0.415 0 0 0 94 94 106 
82 166 1 2.5 166 4.53395 0.415 0 0 0 97 97 107 
83 166 1 2.5 166 4.53395 0.415 0 0 0 100 100 108 
84 166 1 2.5 166 4.53395 0.415 0 0 0 103 103 109 
85 166 1 2.5 166 4.53395 0.415 0 0 0 106 106 110 
86 166 1 2.5 166 4.53395 0.415 0 0 0 109 109 111 
87 166 1 2.5 166 4.53395 0.415 0 0 0 112 112 112 
88 166 1 2.5 166 4.53395 0.415 0 0 0 115 115 115 
89 166 1 2.5 166 4.53395 0.415 0 0 0 118 118 116 
90 166 1 2.5 166 4.53395 0.415 0 0 0 121 121 117 
91 166 1 2.5 166 4.53395 0.415 0 0 0 124 124 118 
92 166 1 2.5 166 4.53395 0.415 0 0 0 127 127 119 
93 166 1 2.5 166 4.53395 0.415 0 0 0 130 130 120 
94 166 1 2.5 166 4.53395 0.415 0 0 0 133 133 121 
95 178 1 2.5 178 4.97515 0.445 0 0 0 136 136 124 
96 181 1 2.5 181 5.93455 0.4525 0 0 0 140 140 127 
97 182 1 2.5 182 5.97261 0.455 0 0 0 144 144 129 
98 182 1 2.5 182 5.97261 0.455 0 0 0 148 148 130 
99 182 1 2.5 182 5.97261 0.455 0 0 0 152 152 131 
100 187 1 2.5 187 6.52124 0.4675 0 0 0 158 158 134 
101 187 1 2.5 187 6.52124 0.4675 0 0 0 162 162 135 
102 187 1 2.5 187 6.52124 0.4675 0 0 0 166 166 136 
103 187 1 2.5 187 6.52124 0.4675 0 0 0 171 171 137 
104 187 1 2.5 187 6.52124 0.4675 0 0 0 177 177 138 
105 187 1 2.5 187 6.52124 0.4675 0 0 0 181 181 139 
106 187 1 2.5 187 6.52124 0.4675 0 0 0 185 185 140 
107 187 1 2.5 187 6.52124 0.4675 0 0 0 190 190 141 
108 187 1 2.5 187 6.52124 0.4675 0 0 0 195 195 142 
109 187 1 2.5 187 6.52124 0.4675 0 0 0 200 200 143 
110 187 1 2.5 187 6.52124 0.4675 0 0 0 204 204 144 
111 187 1 2.5 187 6.52124 0.4675 0 0 0 209 209 145 
112 187 1 2.5 187 6.52124 0.4675 0 0 0 214 214 146 
113 187 1 2.5 187 6.52124 0.4675 0 0 0 218 218 147 
114 187 1 2.5 187 6.52124 0.4675 0 0 0 223 223 148 
115 187 1 2.5 187 6.52124 0.4675 0 0 0 228 228 149 
116 187 1 2.5 187 6.52124 0.4675 0 0 0 233 233 150 
117 187 1 2.5 187 6.52124 0.4675 0 0 0 238 238 151 
118 187 1 2.5 187 6.52124 0.4675 0 0 0 243 243 152 
119 187 1 2.5 187 6.52124 0.4675 0 0 0 248 248 153 
120 193 1 2.5 193 6.6961 0.4825 0 0 0 253 253 159 
121 193 1 2.5 193 6.6961 0.4825 0 0 0 258 258 160 
122 193 1 2.5 193 6.6961 0.4825 0 0 0 263 263 161 
123 196 1 2.5 196 8.88615 0.49 0 0 0 273 273 165 
124 196 1 2.5 196 8.88615 0.49 0 0 0 281 281 166 
125 196 1 2.5 196 8.88615 0.49 0 0 0 289 289 167 
126 196 1 2.5 196 8.88615 0.49 0 0 0 297 297 168 
127 196 1 2.5 196 8.88615 0.49 0 0 0 309 309 174 
128 211 1 2.5 211 10.7513 0.5275 0 0 0 323 323 181 
129 211 1 2.5 211 10.7513 0.5275 0 0 0 338 338 182 
130 211 1 2.5 211 10.7513 0.5275 0 0 0 353 353 183 
131 211 1 2.5 211 10.7513 0.5275 0 0 0 367 367 184 
132 211 1 2.5 211 10.7513 0.5275 0 0 0 381 381 185 
133 211 1 2.5 211 10.7513 0.5275 0 0 0 396 396 186 
134 211 1 2.5 211 10.7513 0.5275 0 0 0 410 410 187 
135 211 1 2.5 211 10.7513 0.5275 0 0 0 424 424 188 
136 211 1 2.5 211 10.7513 0.5275 0 0 0 438 438 189 
137 211 1 2.5 211 10.7513 0.5275 0 0 0 453 453 190 
138 211 1 2.5 211 10.7513 0.5275 0 0 0 468 468 191 
139 211 1 2.5 211 10.7513 0.5275 0 0 0 482 482 192 
140 211 1 2.5 211 10.7513 0.5275 0 0 0 497 497 193 
141 211 1 2.5 211 10.7513 0.5275 0 0 0 515 515 194 
142 213 1 2.5 213 11.0872 0.5325 0 0 0 527 527 201 
143 213 1 2.5 213 11.0872 0.5325 0 0 0 540 540 202 
144 231 1 2.5 231 11.2808 0.5775 0 0 0 553 553 207 
145 232 1 2.5 232 11.3054 0.58 0 0 0 566 566 211 
146 232 1 2.5 232 11.3054 0.58 0 0 0 578 578 212 
147 232 1 2.5 232 11.3054 0.58 0 0 0 591 591 213 
148 232 1 2.5 232 11.3054 0.58 0 0 0 609 609 214 
149 232 1 2.5 232 11.3054 0.58 0 0 0 625 625 215 
150 232 1 2.5 232 11.3054 0.58 0 0 0 639 639 216 
151 232 1 2.5 232 11.3054 0.58 0 0 0 657 657 217 
152 232 1 2.5 232 11.3054 0.58 0 0 0 670 670 218 
153 232 1 2.5 232 11.2184 0.58 0 0 0 686 686 220 
154 233 1 2.5 233 12.1383 0.5825 0 0 0 705 705 225 
155 233 1 2.5 233 12.1383 0.5825 0 0 0 723 723 226 
156 233 1 2.5 233 12.1383 0.5825 0 0 0 740 740 227 
157 233 1 2.5 233 12.1383 0.5825 0 0 0 756 756 228 
158 233 1 2.5 233 12.1383 0.5825 0 0 0 773 773 229 
159 233 1 2.5 233 12.1383 0.5825 0 0 0 790 790 230 
160 233 1 2.5 233 12.1383 0.5825 0 0 0 807 807 231 
161 233 1 2.5 233 12.1383 0.5825 0 0 0 824 824 232 
162 233 1 2.5 233 12.1383 0.5825 0 0 0 842 842 233 
163 233 1 2.5 233 12.1383 0.5825 0 0 0 859 859 234 
164 233 1 2.5 233 12.1383 0.5825 0 0 0 876 876 235 
165 233 1 2.5 233 12.1383 0.5825 0 0 0 893 893 236 
166 233 1 2.5 233 12.0547 0.5825 0 0 0 910 910 238 
167 233 1 2.5 233 12.0547 0.5825 0 0 0 927 927 239 
168 233 1 2.5 233 12.0547 0.5825 0 0 0 945 945 240 
169 233 1 2.5 233 12.0547 0.5825 0 0 0 962 962 241 
170 233 1 2.5 233 12.0547 0.5825 0 0 0 980 980 242 
171 236 1 2.5 236 14.9098 0.59 0 0 0 1015 1015 251 
172 236 1 2.5 236 14.9098 0.59 0 0 0 1049 1049 252 
173 237 1 2.5 237 12.2086 0.5925 0 0 0 1066 1066 258 
174 237 1 2.5 237 12.2086 0.5925 0 0 0 1084 1084 259 
175 237 1 2.5 237 12.2086 0.5925 0 0 0 1103 1103 260 
176 237 1 2.5 237 12.2086 0.5925 0 0 0 1121 1121 261 
177 237 1 2.5 237 12.2086 0.5925 0 0 0 1139 1139 262 
178 237 1 2.5 237 12.2086 0.5925 0 0 0 1157 1157 263 
179 237 1 2.5 237 9.73526 0.5925 0 0 0 1168 1168 265 
180 243 1 2.5 243 10.0228 0.6075 0 0 0 1185 1185 274 
181 245 1 2.5 245 10.0807 0.6125 0 0 0 1197 1197 276 
182 245 1 2.5 245 10.0807 0.6125 0 0 0 1210 1210 279 
183 253 1 2.5 253 10.7767 0.6325 0 0 0 1226 1226 288 
184 253 1 2.5 253 10.7767 0.6325 0 0 0 1242 1242 289 
185 253 1 2.5 253 10.3841 0.6325 0 0 0 1258 1258 295 
186 253 1 2.5 253 10.375 0.6325 0 0 0 1274 1274 298 
187 253 1 2.5 253 10.375 0.6325 0 0 0 1289 1289 299 
188 253 1 2.5 253 10.375 0.6325 0 0 0 1304 1304 300 
189 253 1 2.5 253 10.375 0.6325 0 0 0 1319 1319 306 
190 253 1 2.5 253 10.375 0.6325 0 0 0 1336 1336 307 
191 253 1 2.5 253 10.375 0.6325 0 0 0 1352 1352 308 
192 253 1 2.5 253 10.375 0.6325 0 0 0 1367 1367 309 
193 253 1 2.5 253 10.375 0.6325 0 0 0 1383 1383 310 
194 253 1 2.5 253 10.375 0.6325 0 0 0 1398 1398 311 
195 253 1 2.5 253 10.375 0.6325 0 0 0 1414 1414 312 
196 259 1 2.5 259 10.5632 0.6475 0 0 0 1429 1429 315 
197 259 1 2.5 259 10.5632 0.6475 0 0 0 1444 1444 316 
198 259 1 2.5 259 10.5632 0.6475 0 0 0 1460 1460 317 
199 259 1 2.5 259 10.5632 0.6475 0 0 0 1476 1476 318 
200 259 1 2.5 259 10.5632 0.6475 0 0 0 1492 1492 319 
201 259 1 2.5 259 10.5632 0.6475 0 0 0 1508 1508 320 
202 259 1 2.5 259 10.5632 0.6475 0 0 0 1525 1525 321 
203 259 1 2.5 259 10.5632 0.6475 0 0 0 1541 1541 322 
204 259 1 2.5 259 10.5632 0.6475 0 0 0 1558 1558 323 
205 259 1 2.5 259 10.5632 0.6475 0 0 0 1574 1574 324 
206 260 1 2.5 260 10.8994 0.65 0 0 0 1592 1592 334 
207 260 1 2.5 260 10.8994 0.65 0 0 0 1610 1610 335 
208 260 1 2.5 260 10.8994 0.65 0 0 0 1628 1628 338 
209 260 1 2.5 260 10.8993 0.65 0 0 0 1646 1646 339 
210 266 1 2.5 266 10.9736 0.665 0 0 0 1664 1664 341 
211 266 1 2.5 266 10.9736 0.665 0 0 0 1683 1683 349 
212 266 1 2.5 266 10.9736 0.665 0 0 0 1700 1700 350 
213 266 1 2.5 266 10.9736 0.665 0 0 0 1717 1717 351 
214 266 1 2.5 266 10.95 0.665 0 0 0 1734 1734 353 
215 266 1 2.5 266 10.95 0.665 0 0 0 1752 1752 355 
216 266 1 2.5 266 10.95 0.665 0 0 0 1769 1769 356 
217 266 1 2.5 266 10.95 0.665 0 0 0 1787 1787 357 
218 266 1 2.5 266 10.95 0.665 0 0 0 1804 1804 358 
219 266 1 2.5 266 10.95 0.665 0 0 0 1822 1822 359 
220 266 1 2.5 266 10.95 0.665 0 0 0 1841 1841 360 
221 266 1 2.5 266 10.95 0.665 0 0 0 1860 1860 361 
222 266 1 2.5 266 10.95 0.665 0 0 0 1877 1877 362 
223 266 1 2.5 266 10.95 0.665 0 0 0 1896 1896 363 
224 266 1 2.5 266 10.95 0.665 0 0 0 1914 1914 364 
225 266 1 2.5 266 10.95 0.665 0 0 0 1932 1932 365 
226 266 1 2.5 266 10.95 0.665 0 0 0 1950 1950 366 
227 266 1 2.5 266 10.95 0.665 0 0 0 1969 1969 367 
228 266 1 2.5 266 10.95 0.665 0 0 0 1988 1988 370 
229 266 1 2.5 266 10.95 0.665 0 0 0 2007 2007 371 
230 277 1 2.5 277 11.0112 0.6925 0 0 0 2025 2025 373 
231 277 1 2.5 277 11.0112 0.6925 0 0 0 2045 2045 374 
232 277 1 2.5 277 11.0112 0.6925 0 0 0 2065 2065 375 
233 277 1 2.5 277 11.0112 0.6925 0 0 0 2084 2084 376 
234 277 1 2.5 277 11.0112 0.6925 0 0 0 2102 2102 377 
235 277 1 2.5 277 11.0112 0.6925 0 0 0 2123 2123 379 
236 277 1 2.5 277 11.0112 0.6925 0 0 0 2141 2141 380 
237 277 1 2.5 277 11.0112 0.6925 0 0 0 2160 2160 381 
238 277 1 2.5 277 11.0112 0.6925 0 0 0 2181 2181 382 
239 277 1 2.5 277 11.0111 0.6925 0 0 0 2200 2200 383 
240 277 1 2.5 277 11.0111 0.6925 0 0 0 2219 2219 384 
241 277 1 2.5 277 11.0111 0.6925 0 0 0 2239 2239 385 
242 277 1 2.5 277 11.0111 0.6925 0 0 0 2258 2258 386 
243 277 1 2.5 277 11.0111 0.6925 0 0 0 2278 2278 387 
244 277 1 2.5 277 11.0111 0.6925 0 0 0 2298 2298 388 
245 283 1 2.5 283 11.2074 0.7075 0 0 0 2319 2319 390 
246 283 1 2.5 283 11.0927 0.7075 0 0 0 2339 2339 391 
247 283 1 2.5 283 11.0734 0.7075 0 0 0 2360 2360 392 
248 283 1 2.5 283 11.0734 0.7075 0 0 0 2381 2381 393 
249 283 1 2.5 283 11.0734 0.7075 0 0 0 2401 2401 397 
250 283 1 2.5 283 11.0734 0.7075 0 0 0 2421 2421 398 
251 284 1 2.5 284 15.2293 0.71 0 0 0 2444 2444 405 
252 284 1 2.5 284 15.1171 0.71 0 0 0 2468 2468 409 
253 284 1 2.5 284 15.1171 0.71 0 0 0 2495 2495 418 
254 284 1 2.5 284 15.1171 0.71 0 0 0 2522 2522 421 
255 284 1 2.5 284 15.1171 0.71 0 0 0 2549 2549 426 
256 284 1 2.5 284 15.1171 0.71 0 0 0 2576 2576 430 
257 284 1 2.5 284 15.1171 0.71 0 0 0 2604 2604 434 
258 284 1 2.5 284 15.1171 0.71 0 0 0 2628 2628 438 
259 284 1 2.5 284 15.1171 0.71 0 0 0 2653 2653 442 
260 284 1 2.5 284 15.1171 0.71 0 0 0 2678 2678 443 
261 284 1 2.5 284 15.1171 0.71 0 0 0 2703 2703 444 
262 284 1 2.5 284 15.1171 0.71 0 0 0 2728 2728 446 
263 284 1 2.5 284 15.1171 0.71 0 0 0 2753 2753 447 
264 284 1 2.5 284 15.1171 0.71 0 0 0 2778 2778 448 
265 284 1 2.5 284 15.1171 0.71 0 0 0 2803 2803 449 
266 284 1 2.5 284 15.1171 0.71 0 0 0 2828 2828 450 
267 284 1 2.5 284 15.1171 0.71 0 0 0 2852 2852 451 
268 284 1 2.5 284 15.1171 0.71 0 0 0 2877 2877 452 
269 284 1 2.5 284 15.1171 0.71 0 0 0 2901 2901 453 
270 284 1 2.5 284 15.1171 0.71 0 0 0 2926 2926 454 
271 284 1 2.5 284 15.1171 0.71 0 0 0 2952 2952 455 
272 284 1 2.5 284 15.1171 0.71 0 0 0 2980 2980 459 
273 284 1 2.5 284 15.1171 0.71 0 0 0 3006 3006 461 
274 284 1 2.5 284 15.1171 0.71 0 0 0 3033 3033 464 
275 284 1 2.5 284 15.1171 0.71 0 0 0 3059 3059 465 
276 284 1 2.5 284 15.1171 0.71 0 0 0 3086 3086 466 
277 284 1 2.5 284 15.1171 0.71 0 0 0 3115 3115 467 
278 284 1 2.5 284 15.1171 0.71 0 0 0 3142 3142 468 
279 284 1 2.5 284 15.1171 0.71 0 0 0 3169 3169 469 
280 287 1 2.5 287 18.9958 0.7175 0 0 0 3209 3209 476 
281 295 1 2.5 295 15.8088 0.7375 0 0 0 3239 3239 482 
282 295 1 2.5 295 15.4198 0.7375 0 0 0 3268 3268 483 
283 295 1 2.5 295 15.4198 0.7375 0 0 0 3296 3296 486 
284 295 1 2.5 295 15.4198 0.7375 0 0 0 3325 3325 487 
285 295 1 2.5 295 15.4198 0.7375 0 0 0 3354 3354 489 
286 295 1 2.5 295 15.4198 0.7375 0 0 0 3382 3382 490 
287 295 1 2.5 295 15.4198 0.7375 0 0 0 3410 3410 491 
288 298 1 2.5 298 15.5434 0.745 0 0 0 3447 3447 496 
289 298 1 2.5 298 15.0203 0.745 0 0 0 3497 3497 503 
290 300 1 2.5 300 16.2287 0.75 0 0 0 3540 3540 510 
291 300 1 2.5 300 15.7597 0.75 0 0 0 3595 3595 517 
292 300 1 2.5 300 15.7199 0.75 0 0 0 3647 3647 521 
293 300 1 2.5 300 15.6223 0.75 0 0 0 3698 3698 527 
294 300 1 2.5 300 15.6223 0.75 0 0 0 3750 3750 529 
295 300 1 2.5 300 15.6223 0.75 0 0 0 3801 3801 534 
296 300 1 2.5 300 15.6223 0.75 0 0 0 3853 3853 535 
297 300 1 2.5 300 15.6223 0.75 0 0 0 3894 3894 538 
298 304 1 2.5 304 19.4032 0.76 0 0 0 3941 3941 545 
299 304 1 2.5 304 19.0028 0.76 0 0 0 3993 3993 551 
300 304 1 2.5 304 19.0028 0.76 0 0 0 4048 4048 557 
301 304 1 2.5 304 19.0028 0.76 0 0 0 4140 4140 573 
302 304 1 2.5 304 19.0028 0.76 0 0 0 4189 4189 578 
303 304 1 2.5 304 19.0028 0.76 0 0 0 4236 4236 580 
304 304 1 2.5 304 19.0028 0.76 0 0 0 4282 4282 582 
305 304 1 2.5 304 18.9704 0.76 0 0 0 4334 4334 588 
306 304 1 2.5 304 18.9503 0.76 0 0 0 4394 4394 592 
307 304 1 2.5 304 18.9503 0.76 0 0 0 4445 4445 596 
308 304 1 2.5 304 18.9503 0.76 0 0 0 4508 4508 602 
309 304 1 2.5 304 18.9503 0.76 0 0 0 4580 4580 614 
310 304 1 2.5 304 18.9503 0.76 0 0 0 4636 4636 615 
311 304 1 2.5 304 18.9503 0.76 0 0 0 4699 4699 620 
312 304 1 2.5 304 18.9503 0.76 0 0 0 4747 4747 624 
313 304 1 2.5 304 18.9503 0.76 0 0 0 4809 4809 627 
314 304 1 2.5 304 18.9503 0.76 0 0 0 4857 4857 628 
315 305 1 2.5 305 19.5547 0.7625 0 0 0 4920 4920 640 
316 305 1 2.5 305 19.5547 0.7625 0 0 0 4979 4979 646 
317 305 1 2.5 305 19.47 0.7625 0 0 0 5042 5042 649 
318 305 1 2.5 305 19.47 0.7625 0 0 0 5093 5093 654 
319 305 1 2.5 305 19.47 0.7625 0 0 0 5150 5150 660 
320 305 1 2.5 305 19.47 0.7625 0 0 0 5205 5205 668 
321 305 1 2.5 305 19.47 0.7625 0 0 0 5268 5268 669 
322 305 1 2.5 305 19.47 0.7625 0 0 0 5340 5340 673 
323 305 1 2.5 305 19.47 0.7625 0 0 0 5410 5410 680 
324 305 1 2.5 305 19.47 0.7625 0 0 0 5475 5475 681 
325 305 1 2.5 305 19.47 0.7625 0 0 0 5545 5545 684 
326 305 1 2.5 305 19.47 0.7625 0 0 0 5606 5606 685 
327 305 1 2.5 305 19.47 0.7625 0 0 0 5663 5663 688 
328 305 1 2.5 305 19.47 0.7625 0 0 0 5728 5728 692 
329 305 1 2.5 305 19.47 0.7625 0 0 0 5795 5795 694 
330 305 1 2.5 305 19.47 0.7625 0 0 0 5873 5873 705 
331 305 1 2.5 305 19.47 0.7625 0 0 0 5922 5922 708 
332 305 1 2.5 305 19.47 0.7625 0 0 0 5975 5975 716 
333 305 1 2.5 305 19.47 0.7625 0 0 0 6039 6039 719 
334 305 1 2.5 305 19.47 0.7625 0 0 0 6098 6098 723 
335 305 1 2.5 305 19.47 0.7625 0 0 0 6163 6163 734 
336 305 1 2.5 305 19.47 0.7625 0 0 0 6231 6231 735 
337 305 1 2.5 305 19.47 0.7625 0 0 0 6296 6296 740 
338 305 1 2.5 305 19.47 0.7625 0 0 0 6353 6353 748 
339 305 1 2.5 305 19.47 0.7625 0 0 0 6403 6403 753 
340 305 1 2.5 305 19.47 0.7625 0 0 0 6467 6467 754 
341 305 1 2.5 305 19.4281 0.7625 0 0 0 6528 6528 758 
342 305 1 2.5 305 19.4281 0.7625 0 0 0 6585 6585 760 
343 305 1 2.5 305 19.4281 0.7625 0 0 0 6637 6637 765 
344 305 1 2.5 305 19.4281 0.7625 0 0 0 6695 6695 766 
345 305 1 2.5 305 19.4281 0.7625 0 0 0 6751 6751 767 
346 305 1 2.5 305 19.3563 0.7625 0 0 0 6816 6816 772 
347 305 1 2.5 305 19.3563 0.7625 0 0 0 6871 6871 773 
348 306 1 2.5 306 19.7958 0.765 0 0 0 6936 6936 780 
349 306 1 2.5 306 19.603 0.765 0 0 0 7014 7014 785 
350 306 1 2.5 306 19.603 0.765 0 0 0 7088 7088 792 
351 306 1 2.5 306 19.603 0.765 0 0 0 7151 7151 798 
352 306 1 2.5 306 19.4632 0.765 0 0 0 7224 7224 806 
353 306 1 2.5 306 19.4632 0.765 0 0 0 7286 7286 808 
354 306 1 2.5 306 19.4632 0.765 0 0 0 7356 7356 813 
355 306 1 2.5 306 19.4632 0.765 0 0 0 7424 7424 816 
356 306 1 2.5 306 19.4632 0.765 0 0 0 7491 7491 819 
357 306 1 2.5 306 19.4632 0.765 0 0 0 7561 7561 823 
358 312 1 2.5 312 24.3455 0.78 0 0 0 7731 7731 830 
359 312 1 2.5 312 20.3284 0.78 0 0 0 7834 7834 842 
360 312 1 2.5 312 20.3284 0.78 0 0 0 7914 7914 847 
361 312 1 2.5 312 20.3284 0.78 0 0 0 8005 8005 854 
362 312 1 2.5 312 20.3284 0.78 0 0 0 8087 8087 856 
363 312 1 2.5 312 20.3284 0.78 0 0 0 8184 8184 861 
364 312 1 2.5 312 20.3284 0.78 0 0 0 8280 8280 866 
365 312 1 2.5 312 20.3284 0.78 0 0 0 8376 8376 867 
366 312 1 2.5 312 20.3284 0.78 0 0 0 8470 8470 868 
367 312 1 2.5 312 20.2439 0.78 0 0 0 8567 8567 871 
368 312 1 2.5 312 20.2439 0.78 0 0 0 8665 8665 872 
369 312 1 2.5 312 20.2439 0.78 0 0 0 8763 8763 873 
370 312 1 2.5 312 20.2439 0.78 0 0 0 8862 8862 877 
371 312 1 2.5 312 20.2439 0.78 0 0 0 8994 8994 882 
372 312 1 2.5 312 20.2439 0.78 0 0 0 9059 9059 887 
373 312 1 2.5 312 20.2439 0.78 0 0 0 9124 9124 894 
374 312 1 2.5 312 20.2439 0.78 0 0 0 9192 9192 896 
375 312 1 2.5 312 20.2439 0.78 0 0 0 9258 9258 898 
376 312 1 2.5 312 20.2439 0.78 0 0 0 9327 9327 899 
377 312 1 2.5 312 20.2439 0.78 0 0 0 9413 9413 905 
378 312 1 2.5 312 20.2439 0.78 0 0 0 9497 9497 909 
379 312 1 2.5 312 20.2439 0.78 0 0 0 9563 9563 910 
380 312 1 2.5 312 20.2439 0.78 0 0 0 9647 9647 917 
381 312 1 2.5 312 20.2439 0.78 0 0 0 9713 9713 919 
382 312 1 2.5 312 20.2439 0.78 0 0 0 9804 9804 926 
383 314 1 2.5 314 21.8771 0.785 0 0 0 9877 9877 931 
384 314 1 2.5 314 21.7957 0.785 0 0 0 9946 9946 932 
385 314 1 2.5 314 21.7957 0.785 0 0 0 10013 10013 934 
386 314 1 2.5 314 21.5205 0.785 0 0 0 10102 10102 942 
387 314 1 2.5 314 21.5205 0.785 0 0 0 10181 10181 951 
388 314 1 2.5 314 21.5205 0.785 0 0 0 10257 10257 961 
389 314 1 2.5 314 21.5205 0.785 0 0 0 10328 10328 965 
390 314 1 2.5 314 21.3757 0.785 0 0 0 10412 10412 967 
391 314 1 2.5 314 21.3757 0.785 0 0 0 10478 10478 969 
392 314 1 2.5 314 21.3757 0.785 0 0 0 10643 10643 978 
393 314 1 2.5 314 21.3757 0.785 0 0 0 10711 10711 979 
394 314 1 2.5 314 21.3757 0.785 0 0 0 10787 10787 988 
395 318 1 2.5 318 23.6317 0.795 0 0 0 10909 10909 995 
396 321 1 2.5 321 21.6519 0.8025 0 0 0 11000 11000 998 
397 322 1 2.5 322 22.0658 0.805 0 0 0 11083 11083 1003 
398 322 1 2.5 322 22.0658 0.805 0 0 0 11248 11248 1008 
399 322 1 2.5 322 22.0549 0.805 0 0 0 11329 11329 1009 
400 322 1 2.5 322 22.0108 0.805 0 0 0 11425 11425 1010 
401 322 1 2.5 322 22.0027 0.805 0 0 0 11526 11526 1014 
402 322 1 2.5 322 22.0027 0.805 0 0 0 11626 11626 1015 
403 322 1 2.5 322 22.0027 0.805 0 0 0 11707 11707 1016 
404 322 1 2.5 322 21.9546 0.805 0 0 0 11803 11803 1018 
405 322 1 2.5 322 21.9546 0.805 0 0 0 11886 11886 1019 
406 323 1 2.5 323 22.103 0.8075 0 0 0 11970 11970 1021 
407 323 1 2.5 323 22.1004 0.8075 0 0 0 12051 12051 1022 
408 323 1 2.5 323 22.0465 0.8075 0 0 0 12149 12149 1025 
409 323 1 2.5 323 22.0465 0.8075 0 0 0 12224 12224 1031 
410 323 1 2.5 323 22.0465 0.8075 0 0 0 12324 12324 1037 
411 323 1 2.5 323 22.0465 0.8075 0 0 0 12423 12423 1044 
412 323 1 2.5 323 21.9698 0.8075 0 0 0 12515 12515 1045 
413 323 1 2.5 323 21.9698 0.8075 0 0 0 12601 12601 1053 
414 341 1 2.5 341 27.5771 0.8525 0 0 0 12725 12725 1064 
415 341 1 2.5 341 23.0458 0.8525 0 0 0 12825 12825 1068 
416 341 1 2.5 341 22.7751 0.8525 0 0 0 12924 12924 1069 
417 341 1 2.5 341 21.9288 0.8525 0 0 0 13019 13019 1070 
418 341 1 2.5 341 21.9288 0.8525 0 0 0 13119 13119 1072 
419 341 1 2.5 341 21.9288 0.8525 0 0 0 13220 13220 1073 
420 341 1 2.5 341 21.9288 0.8525 0 0 0 13300 13300 1074 
421 341 1 2.5 341 21.9288 0.8525 0 0 0 13378 13378 1077 
422 341 1 2.5 341 21.9288 0.8525 0 0 0 13476 13476 1078 
423 341 1 2.5 341 21.9095 0.8525 0 0 0 13573 13573 1079 
424 341 1 2.5 341 21.9095 0.8525 0 0 0 13669 13669 1080 
425 342 1 2.5 342 22.3972 0.855 0 0 0 13769 13769 1084 
426 342 1 2.5 342 22.3972 0.855 0 0 0 13930 13930 1093 
427 342 1 2.5 342 22.0571 0.855 0 0 0 14032 14032 1094 
428 342 1 2.5 342 22.0331 0.855 0 0 0 14136 14136 1096 
429 342 1 2.5 342 22.0331 0.855 0 0 0 14243 14243 1102 
430 342 1 2.5 342 22.0331 0.855 0 0 0 14328 14328 1106 
431 342 1 2.5 342 22.0331 0.855 0 0 0 14417 14417 1110 
432 353 1 2.5 353 22.1107 0.8825 0 0 0 14541 14541 1113 
433 355 1 2.5 355 27.6365 0.8875 0 0 0 14673 14673 1123 
434 355 1 2.5 355 27.3383 0.8875 0 0 0 14821 14821 1132 
435 355 1 2.5 355 27.224 0.8875 0 0 0 14957 14957 1136 
436 356 1 2.5 356 28.2221 0.89 0 0 0 15105 15105 1146 
437 356 1 2.5 356 27.535 0.89 0 0 0 15259 15259 1148 
438 356 1 2.5 356 27.535 0.89 0 0 0 15443 15443 1154 
439 356 1 2.5 356 27.0354 0.89 0 0 0 15584 15584 1156 
440 356 1 2.5 356 27.0354 0.89 0 0 0 15704 15704 1163 
441 356 1 2.5 356 27.0354 0.89 0 0 0 15834 15834 1173 
442 356 1 2.5 356 27.0354 0.89 0 0 0 15967 15967 1176 
443 356 1 2.5 356 27.0354 0.89 0 0 0 16135 16135 1182 
444 356 1 2.5 356 27.0354 0.89 0 0 0 16275 16275 1190 
445 357 1 2.5 357 32.7321 0.8925 0 0 0 16504 16504 1208 
446 358 1 2.5 358 26.6704 0.895 0 0 0 16646 16646 1221 
447 358 1 2.5 358 26.6704 0.895 0 0 0 16863 16863 1232 
448 358 1 2.5 358 26.4737 0.895 0 0 0 17044 17044 1236 
449 358 1 2.5 358 26.4737 0.895 0 0 0 17249 17249 1242 
450 358 1 2.5 358 24.8566 0.895 0 0 0 17543 17543 1249 
451 358 1 2.5 358 24.7873 0.895 0 0 0 17838 17838 1254 
452 358 1 2.5 358 24.7873 0.895 0 0 0 18130 18130 1255 
453 358 1 2.5 358 24.7873 0.895 0 0 0 18402 18402 1261 
454 358 1 2.5 358 24.7873 0.895 0 0 0 18633 18633 1271 
455 358 1 2.5 358 24.7873 0.895 0 0 0 18854 18854 1283 
456 358 1 2.5 358 24.7873 0.895 0 0 0 19086 19086 1292 
457 358 1 2.5 358 24.7873 0.895 0 0 0 19353 19353 1304 
458 358 1 2.5 358 24.7873 0.895 0 0 0 19556 19556 1319 
459 358 1 2.5 358 24.7873 0.895 0 0 0 19801 19801 1322 
460 358 1 2.5 358 24.773 0.895 0 0 0 20089 20089 1328 
461 358 1 2.5 358 24.773 0.895 0 0 0 20380 20380 1343 
462 358 1 2.5 358 24.773 0.895 0 0 0 20615 20615 1346 
463 358 1 2.5 358 24.773 0.895 0 0 0 20789 20789 1356 
464 358 1 2.5 358 24.773 0.895 0 0 0 21015 21015 1361 
465 358 1 2.5 358 24.773 0.895 0 0 0 21213 21213 1367 
466 358 1 2.5 358 24.773 0.895 0 0 0 21454 21454 1377 
467 358 1 2.5 358 24.773 0.895 0 0 0 21639 21639 1388 
468 358 1 2.5 358 24.773 0.895 0 0 0 21861 21861 1399 
469 358 1 2.5 358 24.773 0.895 0 0 0 22098 22098 1400 
470 358 1 2.5 358 24.773 0.895 0 0 0 22330 22330 1406 
471 358 1 2.5 358 24.773 0.895 0 0 0 22468 22468 1415 
472 358 1 2.5 358 24.773 0.895 0 0 0 22685 22685 1422 
473 358 1 2.5 358 23.7582 0.895 0 0 0 22940 22940 1427 
474 358 1 2.5 358 23.7582 0.895 0 0 0 23177 23177 1430 
475 358 1 2.5 358 23.7582 0.895 0 0 0 23413 23413 1434 
476 359 1 2.5 359 22.298 0.8975 0 0 0 23583 23583 1438 
477 359 1 2.5 359 22.298 0.8975 0 0 0 23789 23789 1443 
478 359 1 2.5 359 22.298 0.8975 0 0 0 23993 23993 1448 
479 359 1 2.5 359 22.298 0.8975 0 0 0 24182 24182 1456 
480 359 1 2.5 359 22.298 0.8975 0 0 0 24388 24388 1462 
481 359 1 2.5 359 22.298 0.8975 0 0 0 24538 24538 1467 
482 359 1 2.5 359 22.1051 0.8975 0 0 0 24661 24661 1474 
483 359 1 2.5 359 22.1051 0.8975 0 0 0 24840 24840 1477 
484 359 1 2.5 359 22.1051 0.8975 0 0 0 25017 25017 1482 
485 362 1 2.5 362 30.4244 0.905 0 0 0 25278 25278 1485 
486 362 1 2.5 362 25.4422 0.905 0 0 0 25577 25577 1486 
487 362 1 2.5 362 25.4422 0.905 0 0 0 25858 25858 1489 
488 362 1 2.5 362 25.4422 0.905 0 0 0 26108 26108 1494 
489 365 1 2.5 365 30.768 0.9125 0 0 0 26427 26427 1504 
490 365 1 2.5 365 28.1721 0.9125 0 0 0 26664 26664 1513 
491 365 1 2.5 365 25.8079 0.9125 0 0 0 26951 26951 1516 
492 365 1 2.5 365 25.8079 0.9125 0 0 0 27197 27197 1518 
493 365 1 2.5 365 25.8079 0.9125 0 0 0 27389 27389 1526 
494 365 1 2.5 365 25.552 0.9125 0 0 0 27637 27637 1527 
495 365 1 2.5 365 25.552 0.9125 0 0 0 27859 27859 1530 
496 365 1 2.5 365 25.552 0.9125 0 0 0 28087 28087 1538 
497 365 1 2.5 365 25.552 0.9125 0 0 0 28313 28313 1539 
498 365 1 2.5 365 25.552 0.9125 0 0 0 28550 28550 1540 
499 365 1 2.5 365 25.552 0.9125 0 0 0 28764 28764 1553 
500 366 1 2.5 366 26.2654 0.915 0 0 0 29060 29060 1557 
501 366 1 2.5 366 26.2654 0.915 0 0 0 29326 29326 1568 
502 366 1 2.5 366 25.9986 0.915 0 0 0 29614 29614 1573 
503 366 1 2.5 366 25.9986 0.915 0 0 0 29913 29913 1576 
504 366 1 2.5 366 25.9986 0.915 0 0 0 30473 30473 1590 
505 366 1 2.5 366 25.9986 0.915 0 0 0 30767 30767 1592 
506 366 1 2.5 366 25.9986 0.915 0 0 0 31060 31060 1593 
507 367 1 2.5 367 28.2713 0.9175 0 0 0 31311 31311 1598 
508 367 1 2.5 367 27.0529 0.9175 0 0 0 31536 31536 1602 
509 367 1 2.5 367 26.5487 0.9175 0 0 0 31835 31835 1604 
510 367 1 2.5 367 26.5487 0.9175 0 0 0 32120 32120 1611 
511 367 1 2.5 367 26.4655 0.9175 0 0 0 32422 32422 1612 
512 367 1 2.5 367 26.126 0.9175 0 0 0 32694 32694 1613 
513 367 1 2.5 367 26.126 0.9175 0 0 0 32967 32967 1615 
514 367 1 2.5 367 26.126 0.9175 0 0 0 33380 33380 1623 
515 367 1 2.5 367 26.126 0.9175 0 0 0 33682 33682 1626 
516 367 1 2.5 367 26.126 0.9175 0 0 0 33972 33972 1628 
517 367 1 2.5 367 26.126 0.9175 0 0 0 34271 34271 1629 
518 367 1 2.5 367 26.126 0.9175 0 0 0 34581 34581 1630 
519 368 1 2.5 368 25.7059 0.92 0 0 0 34787 34787 1635 
520 368 1 2.5 368 25.7059 0.92 0 0 0 35052 35052 1637 
521 368 1 2.5 368 25.7059 0.92 0 0 0 35385 35385 1640 
522 368 1 2.5 368 25.7059 0.92 0 0 0 35725 35725 1641 
523 368 1 2.5 368 25.7059 0.92 0 0 0 36030 36030 1642 
524 368 1 2.5 368 25.7059 0.92 0 0 0 36359 36359 1643 
525 368 1 2.5 368 25.7059 0.92 0 0 0 36639 36639 1648 
526 368 1 2.5 368 25.7059 0.92 0 0 0 36997 36997 1649 
527 368 1 2.5 368 25.7059 0.92 0 0 0 37343 37343 1652 
528 368 1 2.5 368 25.7059 0.92 0 0 0 37655 37655 1653 
529 369 1 2.5 369 29.6329 0.9225 0 0 0 37867 37867 1662 
530 369 1 2.5 369 29.5177 0.9225 0 0 0 38071 38071 1665 
531 370 1 2.5 370 35.7445 0.925 0 0 0 38514 38514 1678 
532 370 1 2.5 370 34.7265 0.925 0 0 0 39029 39029 1686 
533 370 1 2.5 370 34.7265 0.925 0 0 0 39438 39438 1701 
534 370 1 2.5 370 34.7265 0.925 0 0 0 39960 39960 1702 
535 370 1 2.5 370 34.7265 0.925 0 0 0 40473 40473 1719 
536 370 1 2.5 370 34.7265 0.925 0 0 0 40856 40856 1725 
537 370 1 2.5 370 34.7265 0.925 0 0 0 41188 41188 1735 
538 370 1 2.5 370 34.7265 0.925 0 0 0 41540 41540 1740 
539 370 1 2.5 370 32.7217 0.925 0 0 0 41998 41998 1751 
540 370 1 2.5 370 32.7217 0.925 0 0 0 42602 42602 1767 
541 370 1 2.5 370 32.7217 0.925 0 0 0 43284 43284 1782 
542 370 1 2.5 370 32.7217 0.925 0 0 0 44120 44120 1803 
543 370 1 2.5 370 32.7217 0.925 0 0 0 44982 44982 1818 
544 370 1 2.5 370 32.7217 0.925 0 0 0 45584 45584 1828 
545 370 1 2.5 370 32.7217 0.925 0 0 0 46643 46643 1847 
546 370 1 2.5 370 31.2957 0.925 0 0 0 47402 47402 1854 
547 370 1 2.5 370 31.2957 0.925 0 0 0 47860 47860 1865 
548 371 1 2.5 371 39.2266 0.9275 0 0 0 48641 48641 1881 
549 371 1 2.5 371 39.2266 0.9275 0 0 0 49154 49154 1895 
550 371 1 2.5 371 35.1873 0.9275 0 0 0 49822 49822 1908 
551 371 1 2.5 371 34.9109 0.9275 0 0 0 50495 50495 1922 
552 371 1 2.5 371 32.9546 0.9275 0 0 0 51179 51179 1926 
553 371 1 2.5 371 32.9546 0.9275 0 0 0 51596 51596 1940 
554 371 1 2.5 371 32.9546 0.9275 0 0 0 52082 52082 1948 
555 371 1 2.5 371 32.9546 0.9275 0 0 0 52627 52627 1955 
556 371 1 2.5 371 32.9546 0.9275 0 0 0 53385 53385 1958 
557 371 1 2.5 371 32.9546 0.9275 0 0 0 54250 54250 1969 
558 371 1 2.5 371 32.9546 0.9275 0 0 0 54972 54972 1977 
559 371 1 2.5 371 32.9546 0.9275 0 0 0 55661 55661 1985 
560 371 1 2.5 371 32.9546 0.9275 0 0 0 56236 56236 1988 
561 371 1 2.5 371 32.9546 0.9275 0 0 0 56905 56905 1993 
562 371 1 2.5 371 32.9546 0.9275 0 0 0 57656 57656 2004 
563 371 1 2.5 371 32.9546 0.9275 0 0 0 58122 58122 2009 
564 371 1 2.5 371 32.9546 0.9275 0 0 0 58728 58728 2015 
565 371 1 2.5 371 32.9546 0.9275 0 0 0 59651 59651 2028 
566 371 1 2.5 371 32.5639 0.9275 0 0 0 60432 60432 2032 
567 371 1 2.5 371 32.5639 0.9275 0 0 0 61146 61146 2041 
568 371 1 2.5 371 32.5639 0.9275 0 0 0 62007 62007 2051 
569 371 1 2.5 371 32.5639 0.9275 0 0 0 62670 62670 2055 
570 371 1 2.5 371 32.5639 0.9275 0 0 0 63525 63525 2065 
571 371 1 2.5 371 32.5639 0.9275 0 0 0 64325 64325 2069 
572 371 1 2.5 371 32.4431 0.9275 0 0 0 64945 64945 2074 
573 371 1 2.5 371 32.4431 0.9275 0 0 0 65477 65477 2084 
574 371 1 2.5 371 32.4431 0.9275 0 0 0 66289 66289 2092 
575 371 1 2.5 371 32.4431 0.9275 0 0 0 67048 67048 2104 
576 371 1 2.5 371 32.4431 0.9275 0 0 0 67548 67548 2117 
577 372 1 2.5 372 39.3499 0.93 0 0 0 68361 68361 2123 
578 372 1 2.5 372 38.2472 0.93 0 0 0 68981 68981 2129 
579 372 1 2.5 372 37.1072 0.93 0 0 0 69727 69727 2142 
580 372 1 2.5 372 37.1072 0.93 0 0 0 70218 70218 2156 
581 372 1 2.5 372 36.8466 0.93 0 0 0 70915 70915 2161 
582 372 1 2.5 372 36.8466 0.93 0 0 0 71519 71519 2168 
583 372 1 2.5 372 36.6541 0.93 0 0 0 72200 72200 2174 
584 372 1 2.5 372 36.6541 0.93 0 0 0 72752 72752 2184 
585 372 1 2.5 372 36.6541 0.93 0 0 0 73129 73129 2198 
586 372 1 2.5 372 36.6541 0.93 0 0 0 73816 73816 2207 
587 372 1 2.5 372 36.6541 0.93 0 0 0 74599 74599 2223 
588 372 1 2.5 372 36.6541 0.93 0 0 0 75326 75326 2229 
589 372 1 2.5 372 36.6541 0.93 0 0 0 75977 75977 2239 
590 372 1 2.5 372 36.6541 0.93 0 0 0 76693 76693 2253 
591 372 1 2.5 372 36.6541 0.93 0 0 0 77481 77481 2266 
592 372 1 2.5 372 35.3629 0.93 0 0 0 78122 78122 2273 
593 372 1 2.5 372 35.3629 0.93 0 0 0 78910 78910 2277 
594 372 1 2.5 372 35.3629 0.93 0 0 0 79542 79542 2281 
595 372 1 2.5 372 35.3629 0.93 0 0 0 80101 80101 2284 
596 372 1 2.5 372 35.3629 0.93 0 0 0 80655 80655 2292 
597 372 1 2.5 372 34.8022 0.93 0 0 0 81331 81331 2301 
598 372 1 2.5 372 34.8022 0.93 0 0 0 82058 82058 2309 
599 372 1 2.5 372 34.8022 0.93 0 0 0 82587 82587 2313 
600 372 1 2.5 372 34.8022 0.93 0 0 0 83048 83048 2316 
601 372 1 2.5 372 34.8022 0.93 0 0 0 83755 83755 2324 
602 372 1 2.5 372 34.8022 0.93 0 0 0 84610 84610 2329 
603 372 1 2.5 372 34.8022 0.93 0 0 0 85275 85275 2333 
604 372 1 2.5 372 34.8022 0.93 0 0 0 86124 86124 2337 
605 372 1 2.5 372 34.8022 0.93 0 0 0 86835 86835 2351 
606 372 1 2.5 372 34.8022 0.93 0 0 0 87535 87535 2353 
607 372 1 2.5 372 34.8022 0.93 0 0 0 88372 88372 2359 
608 372 1 2.5 372 34.8022 0.93 0 0 0 89229 89229 2361 
609 372 1 2.5 372 34.8022 0.93 0 0 0 89997 89997 2365 
610 372 1 2.5 372 34.8022 0.93 0 0 0 90807 90807 2371 
611 372 1 2.5 372 34.8022 0.93 0 0 0 91386 91386 2381 
612 372 1 2.5 372 34.8022 0.93 0 0 0 92271 92271 2386 
613 372 1 2.5 372 34.8022 0.93 0 0 0 92957 92957 2395 
614 372 1 2.5 372 34.8022 0.93 0 0 0 93716 93716 2401 
615 372 1 2.5 372 34.5573 0.93 0 0 0 94248 94248 2402 
616 372 1 2.5 372 34.5573 0.93 0 0 0 95033 95033 2407 
617 372 1 2.5 372 34.5573 0.93 0 0 0 95852 95852 2413 
618 372 1 2.5 372 34.5573 0.93 0 0 0 96662 96662 2419 
619 372 1 2.5 372 34.5573 0.93 0 0 0 97674 97674 2421 
620 372 1 2.5 372 33.738 0.93 0 0 0 98144 98144 2427 
621 372 1 2.5 372 33.738 0.93 0 0 0 98735 98735 2434 
622 372 1 2.5 372 33.738 0.93 0 0 0 99464 99464 2440 
623 372 1 2.5 372 33.738 0.93 0 0 0 100370 100370 2445 
624 372 1 2.5 372 33.738 0.93 0 0 0 101160 101160 2446 
625 373 1 2.5 373 38.312 0.9325 0 0 0 101769 101769 2453 
626 373 1 2.5 373 38.312 0.9325 0 0 0 102495 102495 2465 
627 373 1 2.5 373 36.4883 0.9325 0 0 0 103156 103156 2469 
628 373 1 2.5 373 36.4883 0.9325 0 0 0 104002 104002 2474 
629 376 1 2.5 376 36.128 0.94 0 0 0 105150 105150 2480 
630 376 1 2.5 376 36.128 0.94 0 0 0 105902 105902 2488 
631 376 1 2.5 376 36.128 0.94 0 0 0 106850 106850 2490 
632 376 1 2.5 376 36.128 0.94 0 0 0 108012 108012 2498 
633 376 1 2.5 376 36.128 0.94 0 0 0 108508 108508 2508 
634 379 1 2.5 379 37.9306 0.9475 0 0 0 109670 109670 2517 
635 379 1 2.5 379 37.9306 0.9475 0 0 0 111223 111223 2523 
636 379 1 2.5 379 37.9306 0.9475 0 0 0 112423 112423 2539 
637 379 1 2.5 379 37.9306 0.9475 0 0 0 113947 113947 2548 
638 379 1 2.5 379 37.8249 0.9475 0 0 0 114573 114573 2553 
639 379 1 2.5 379 37.8249 0.9475 0 0 0 115294 115294 2567 
640 379 1 2.5 379 37.8249 0.9475 0 0 0 117674 117674 2578 
641 379 1 2.5 379 37.8249 0.9475 0 0 0 118851 118851 2588 
642 382 1 2.5 382 38.7903 0.955 0 0 0 119813 119813 2600 
643 385 1 2.5 385 38.7712 0.9625 0 0 0 120324 120324 2610 
644 385 1 2.5 385 38.7712 0.9625 0 0 0 121337 121337 2622 
645 388 1 2.5 388 41.2866 0.97 0 0 0 122456 122456 2632 
646 388 1 2.5 388 39.2042 0.97 0 0 0 123259 123259 2637 
647 388 1 2.5 388 39.2042 0.97 0 0 0 124393 124393 2643 
648 388 1 2.5 388 39.2042 0.97 0 0 0 125155 125155 2648 
649 388 1 2.5 388 35.6394 0.97 0 0 0 125868 125868 2652 
650 388 1 2.5 388 35.6394 0.97 0 0 0 127100 127100 2661 
651 388 1 2.5 388 35.6394 0.97 0 0 0 128101 128101 2664 
652 388 1 2.5 388 35.6394 0.97 0 0 0 128840 128840 2679 
653 388 1 2.5 388 35.6394 0.97 0 0 0 130106 130106 2689 
654 388 1 2.5 388 35.6394 0.97 0 0 0 130846 130846 2691 
655 388 1 2.5 388 35.6394 0.97 0 0 0 132039 132039 2698 
656 388 1 2.5 388 35.6394 0.97 0 0 0 132917 132917 2703 
657 388 1 2.5 388 35.6394 0.97 0 0 0 133504 133504 2711 
658 388 1 2.5 388 35.6394 0.97 0 0 0 134392 134392 2724 
659 388 1 2.5 388 35.6394 0.97 0 0 0 135081 135081 2731 
660 388 1 2.5 388 35.6394 0.97 0 0 0 136446 136446 2737 
661 388 1 2.5 388 35.6394 0.97 0 0 0 137139 137139 2749 
662 388 1 2.5 388 35.6394 0.97 0 0 0 137879 137879 2754 
663 388 1 2.5 388 35.6394 0.97 0 0 0 138712 138712 2759 
664 388 1 2.5 388 35.6394 0.97 0 0 0 139564 139564 2766 
665 388 1 2.5 388 35.6394 0.97 0 0 0 140481 140481 2775 
666 388 1 2.5 388 35.6394 0.97 0 0 0 141499 141499 2781 
667 388 1 2.5 388 35.6394 0.97 0 0 0 143234 143234 2786 
668 388 1 2.5 388 35.6394 0.97 0 0 0 144310 144310 2787 
669 388 1 2.5 388 35.6394 0.97 0 0 0 144928 144928 2790 
670 388 1 2.5 388 35.6394 0.97 0 0 0 146729 146729 2797 
671 388 1 2.5 388 35.6394 0.97 0 0 0 147514 147514 2800 
672 389 1 2.5 389 37.0485 0.9725 0 0 0 148981 148981 2803 
673 389 1 2.5 389 36.118 0.9725 0 0 0 149745 149745 2808 
674 389 1 2.5 389 36.118 0.9725 0 0 0 150904 150904 2816 
675 389 1 2.5 389 36.118 0.9725 0 0 0 151665 151665 2823 
676 389 1 2.5 389 36.118 0.9725 0 0 0 153150 153150 2828 
677 389 1 2.5 389 36.118 0.9725 0 0 0 154025 154025 2836 
678 389 1 2.5 389 36.118 0.9725 0 0 0 154706 154706 2840 
679 389 1 2.5 389 36.118 0.9725 0 0 0 156597 156597 2856 
680 389 1 2.5 389 36.118 0.9725 0 0 0 157412 157412 2867 
681 389 1 2.5 389 36.118 0.9725 0 0 0 158310 158310 2875 
682 389 1 2.5 389 36.118 0.9725 0 0 0 159151 159151 2884 
683 389 1 2.5 389 36.118 0.9725 0 0 0 159944 159944 2892 
684 389 1 2.5 389 36.118 0.9725 0 0 0 161068 161068 2903 
685 389 1 2.5 389 36.118 0.9725 0 0 0 162059 162059 2914 
686 389 1 2.5 389 36.118 0.9725 0 0 0 163160 163160 2925 
687 389 1 2.5 389 36.118 0.9725 0 0 0 164842 164842 2937 
688 389 1 2.5 389 36.118 0.9725 0 0 0 165992 165992 2947 
689 389 1 2.5 389 36.118 0.9725 0 0 0 166868 166868 2949 
690 389 1 2.5 389 36.118 0.9725 0 0 0 168429 168429 2956 
691 389 1 2.5 389 36.118 0.9725 0 0 0 170271 170271 2965 
692 389 1 2.5 389 36.118 0.9725 0 0 0 171081 171081 2968 
693 389 1 2.5 389 35.4036 0.9725 0 0 0 173206 173206 2971 
694 389 1 2.5 389 35.4036 0.9725 0 0 0 174154 174154 2976 
695 389 1 2.5 389 35.4036 0.9725 0 0 0 176161 176161 2982 
696 389 1 2.5 389 35.4036 0.9725 0 0 0 177001 177001 2990 
697 389 1 2.5 389 35.4036 0.9725 0 0 0 178785 178785 2994 
698 389 1 2.5 389 35.4036 0.9725 0 0 0 179578 179578 3007 
699 389 1 2.5 389 35.4036 0.9725 0 0 0 180997 180997 3010 
700 389 1 2.5 389 35.4036 0.9725 0 0 0 182283 182283 3014 
701 389 1 2.5 389 35.4036 0.9725 0 0 0 184543 184543 3026 
702 389 1 2.5 389 35.4036 0.9725 0 0 0 185795 185795 3033 
703 389 1 2.5 389 35.4036 0.9725 0 0 0 187058 187058 3041 
704 389 1 2.5 389 35.4036 0.9725 0 0 0 188398 188398 3045 
705 389 1 2.5 389 35.4036 0.9725 0 0 0 189376 189376 3050 
706 389 1 2.5 389 35.4036 0.9725 0 0 0 190662 190662 3056 
707 389 1 2.5 389 35.4036 0.9725 0 0 0 191634 191634 3068 
708 389 1 2.5 389 35.4036 0.9725 0 0 0 192357 192357 3077 
709 389 1 2.5 389 35.4036 0.9725 0 0 0 193581 193581 3085 
710 389 1 2.5 389 35.4036 0.9725 0 0 0 194512 194512 3094 
711 389 1 2.5 389 35.4036 0.9725 0 0 0 195629 195629 3100 
712 389 1 2.5 389 35.4036 0.9725 0 0 0 196774 196774 3104 
713 389 1 2.5 389 35.4036 0.9725 0 0 0 198432 198432 3116 
714 389 1 2.5 389 35.4036 0.9725 0 0 0 200387 200387 3124 
715 389 1 2.5 389 35.4036 0.9725 0 0 0 202456 202456 3126 
716 389 1 2.5 389 35.4036 0.9725 0 0 0 203548 203548 3131 
717 389 1 2.5 389 35.4036 0.9725 0 0 0 204836 204836 3135 
718 389 1 2.5 389 35.4036 0.9725 0 0 0 206399 206399 3140 
719 389 1 2.5 389 35.2028 0.9725 0 0 0 207583 207583 3145 
720 389 1 2.5 389 35.2028 0.9725 0 0 0 209204 209204 3152 
721 389 1 2.5 389 35.2028 0.9725 0 0 0 210385 210385 3158 
722 389 1 2.5 389 35.2028 0.9725 0 0 0 211951 211951 3164 
723 389 1 2.5 389 35.2028 0.9725 0 0 0 213146 213146 3172 
724 389 1 2.5 389 35.2028 0.9725 0 0 0 214580 214580 3179 
725 389 1 2.5 389 35.2028 0.9725 0 0 0 215256 215256 3185 
726 389 1 2.5 389 35.2028 0.9725 0 0 0 217009 217009 3189 
727 389 1 2.5 389 35.2028 0.9725 0 0 0 219140 219140 3196 
728 389 1 2.5 389 35.2028 0.9725 0 0 0 222201 222201 3204 
729 389 1 2.5 389 35.2028 0.9725 0 0 0 223641 223641 3210 
730 389 1 2.5 389 35.2028 0.9725 0 0 0 225009 225009 3216 
731 389 1 2.5 389 35.2028 0.9725 0 0 0 226789 226789 3224 
732 389 1 2.5 389 35.2028 0.9725 0 0 0 228451 228451 3228 
733 389 1 2.5 389 35.2028 0.9725 0 0 0 229833 229833 3233 
734 389 1 2.5 389 35.2028 0.9725 0 0 0 230736 230736 3239 
735 389 1 2.5 389 35.2028 0.9725 0 0 0 232202 232202 3245 
736 389 1 2.5 389 35.2028 0.9725 0 0 0 233082 233082 3250 
737 389 1 2.5 389 35.2028 0.9725 0 0 0 234300 234300 3256 
738 389 1 2.5 389 35.2028 0.9725 0 0 0 235431 235431 3262 
739 389 1 2.5 389 35.2028 0.9725 0 0 0 236403 236403 3266 
740 389 1 2.5 389 35.2028 0.9725 0 0 0 237506 237506 3270 
741 389 1 2.5 389 35.2028 0.9725 0 0 0 238484 238484 3283 
742 389 1 2.5 389 35.2028 0.9725 0 0 0 239519 239519 3289 
743 389 1 2.5 389 35.2028 0.9725 0 0 0 240756 240756 3293 
744 389 1 2.5 389 35.2028 0.9725 0 0 0 242052 242052 3295 
745 389 1 2.5 389 35.2028 0.9725 0 0 0 243375 243375 3304 
746 389 1 2.5 389 35.2028 0.9725 0 0 0 244973 244973 3312 
747 389 1 2.5 389 35.2028 0.9725 0 0 0 246100 246100 3315 
748 389 1 2.5 389 35.2028 0.9725 0 0 0 247656 247656 3322 
749 389 1 2.5 389 35.2028 0.9725 0 0 0 248553 248553 3327 
750 389 1 2.5 389 35.2028 0.9725 0 0 0 249684 249684 3333 
751 389 1 2.5 389 35.2028 0.9725 0 0 0 251157 251157 3339 
752 389 1 2.5 389 35.2028 0.9725 0 0 0 252971 252971 3344 
753 389 1 2.5 389 35.2028 0.9725 0 0 0 254283 254283 3350 
754 389 1 2.5 389 35.2028 0.9725 0 0 0 255624 255624 3354 
755 389 1 2.5 389 35.2028 0.9725 0 0 0 256449 256449 3356 
756 389 1 2.5 389 35.2028 0.9725 0 0 0 257678 257678 3362 
757 389 1 2.5 389 35.2028 0.9725 0 0 0 258878 258878 3369 
758 389 1 2.5 389 35.2028 0.9725 0 0 0 259953 259953 3371 
759 389 1 2.5 389 35.2028 0.9725 0 0 0 261101 261101 3378 
760 389 1 2.5 389 35.2028 0.9725 0 0 0 261801 261801 3382 
761 389 1 2.5 389 35.2028 0.9725 0 0 0 262970 262970 3389 
762 389 1 2.5 389 35.2028 0.9725 0 0 0 264131 264131 3395 
763 389 1 2.5 389 35.2028 0.9725 0 0 0 265560 265560 3401 
764 389 1 2.5 389 35.2028 0.9725 0 0 0 267056 267056 3405 
765 389 1 2.5 389 35.2028 0.9725 0 0 0 268771 268771 3416 
766 389 1 2.5 389 35.2028 0.9725 0 0 0 270295 270295 3423 
767 389 1 2.5 389 35.2028 0.9725 0 0 0 272052 272052 3427 
768 389 1 2.5 389 35.2028 0.9725 0 0 0 273992 273992 3431 
769 389 1 2.5 389 35.2028 0.9725 0 0 0 274773 274773 3437 
770 389 1 2.5 389 35.2028 0.9725 0 0 0 276171 276171 3445 
771 389 1 2.5 389 35.2028 0.9725 0 0 0 278077 278077 3451 
772 389 1 2.5 389 35.2028 0.9725 0 0 0 279220 279220 3453 
773 389 1 2.5 389 35.2028 0.9725 0 0 0 281797 281797 3465 
774 389 1 2.5 389 35.2028 0.9725 0 0 0 283045 283045 3473 
775 389 1 2.5 389 35.2028 0.9725 0 0 0 284407 284407 3479 
776 389 1 2.5 389 35.2028 0.9725 0 0 0 286124 286124 3481 
777 389 1 2.5 389 35.2028 0.9725 0 0 0 288396 288396 3491 
778 389 1 2.5 389 35.2028 0.9725 0 0 0 290088 290088 3492 
779 389 1 2.5 389 35.2028 0.9725 0 0 0 291878 291878 3499 
780 389 1 2.5 389 35.2028 0.9725 0 0 0 293701 293701 3509 
781 389 1 2.5 389 35.2028 0.9725 0 0 0 295275 295275 3517 
782 389 1 2.5 389 35.2028 0.9725 0 0 0 296600 296600 3524 
783 389 1 2.5 389 35.2028 0.9725 0 0 0 298248 298248 3531 
784 389 1 2.5 389 35.2028 0.9725 0 0 0 299201 299201 3534 
785 389 1 2.5 389 35.2028 0.9725 0 0 0 300544 300544 3538 
786 389 1 2.5 389 35.2028 0.9725 0 0 0 301781 301781 3541 
787 389 1 2.5 389 35.2028 0.9725 0 0 0 303673 303673 3547 
788 389 1 2.5 389 35.2028 0.9725 0 0 0 305171 305171 3554 
789 389 1 2.5 389 35.2028 0.9725 0 0 0 306141 306141 3556 
790 389 1 2.5 389 35.2028 0.9725 0 0 0 307611 307611 3563 
791 389 1 2.5 389 35.2028 0.9725 0 0 0 308786 308786 3566 
792 389 1 2.5 389 35.2028 0.9725 0 0 0 310034 310034 3570 
793 389 1 2.5 389 35.2028 0.9725 0 0 0 311500 311500 3576 
794 389 1 2.5 389 35.2028 0.9725 0 0 0 312557 312557 3579 
795 389 1 2.5 389 35.2028 0.9725 0 0 0 314318 314318 3586 
796 389 1 2.5 389 35.2028 0.9725 0 0 0 315172 315172 3593 
797 389 1 2.5 389 35.2028 0.9725 0 0 0 316209 316209 3596 
798 389 1 2.5 389 35.2028 0.9725 0 0 0 317728 317728 3599 
799 389 1 2.5 389 35.2028 0.9725 0 0 0 318865 318865 3601 
800 389 1 2.5 389 35.2028 0.9725 0 0 0 320694 320694 3606 
801 389 1 2.5 389 35.2028 0.9725 0 0 0 322067 322067 3608 
802 389 1 2.5 389 35.2028 0.9725 0 0 0 324222 324222 3612 
803 389 1 2.5 389 35.2028 0.9725 0 0 0 325609 325609 3617 
804 389 1 2.5 389 35.2028 0.9725 0 0 0 326510 326510 3620 
805 389 1 2.5 389 35.2028 0.9725 0 0 0 327691 327691 3623 
806 389 1 2.5 389 35.2028 0.9725 0 0 0 328955 328955 3627 
807 389 1 2.5 389 35.2028 0.9725 0 0 0 330677 330677 3631 
808 389 1 2.5 389 35.2028 0.9725 0 0 0 332119 332119 3632 
809 389 1 2.5 389 35.2028 0.9725 0 0 0 333444 333444 3638 
810 389 1 2.5 389 35.2028 0.9725 0 0 0 334500 334500 3648 
811 389 1 2.5 389 35.2028 0.9725 0 0 0 336187 336187 3658 
812 389 1 2.5 389 35.2028 0.9725 0 0 0 337235 337235 3663 
813 389 1 2.5 389 35.2028 0.9725 0 0 0 337994 337994 3666 
814 389 1 2.5 389 35.2028 0.9725 0 0 0 339408 339408 3677 
815 389 1 2.5 389 35.2028 0.9725 0 0 0 340694 340694 3688 
816 389 1 2.5 389 35.2028 0.9725 0 0 0 341626 341626 3696 
817 389 1 2.5 389 35.2028 0.9725 0 0 0 342612 342612 3699 
818 389 1 2.5 389 35.2028 0.9725 0 0 0 343964 343964 3701 
819 389 1 2.5 389 35.2028 0.9725 0 0 0 344963 344963 3706 
820 389 1 2.5 389 35.2028 0.9725 0 0 0 346369 346369 3714 
821 389 1 2.5 389 35.2028 0.9725 0 0 0 347738 347738 3716 
822 389 1 2.5 389 35.2028 0.9725 0 0 0 349266 349266 3722 
823 392 1 2.5 392 42.1999 0.98 0 0 0 350995 350995 3729 
824 392 1 2.5 392 42.1999 0.98 0 0 0 353186 353186 3739 
825 392 1 2.5 392 42.1999 0.98 0 0 0 355719 355719 3746 
826 392 1 2.5 392 42.1999 0.98 0 0 0 358006 358006 3757 
827 392 1 2.5 392 38.1531 0.98 0 0 0 359325 359325 3763 
828 392 1 2.5 392 38.1531 0.98 0 0 0 361093 361093 3770 
829 392 1 2.5 392 38.1531 0.98 0 0 0 362100 362100 3774 
830 392 1 2.5 392 38.1531 0.98 0 0 0 364104 364104 3782 
831 392 1 2.5 392 38.1531 0.98 0 0 0 366510 366510 3789 
832 392 1 2.5 392 38.1531 0.98 0 0 0 367774 367774 3797 
833 392 1 2.5 392 38.1531 0.98 0 0 0 369579 369579 3805 
834 392 1 2.5 392 38.1531 0.98 0 0 0 371135 371135 3813 
835 392 1 2.5 392 38.1531 0.98 0 0 0 372591 372591 3817 
836 392 1 2.5 392 38.1531 0.98 0 0 0 373800 373800 3819 
837 392 1 2.5 392 37.1728 0.98 0 0 0 374509 374509 3826 
838 392 1 2.5 392 37.1728 0.98 0 0 0 376453 376453 3829 
839 392 1 2.5 392 37.1728 0.98 0 0 0 378118 378118 3831 
840 392 1 2.5 392 37.1728 0.98 0 0 0 380072 380072 3838 
841 392 1 2.5 392 37.1728 0.98 0 0 0 381981 381981 3842 
842 392 1 2.5 392 37.1728 0.98 0 0 0 383400 383400 3845 
843 392 1 2.5 392 37.1728 0.98 0 0 0 385390 385390 3850 
844 392 1 2.5 392 37.1728 0.98 0 0 0 386525 386525 3854 
845 392 1 2.5 392 37.1728 0.98 0 0 0 389251 389251 3858 
846 392 1 2.5 392 37.1728 0.98 0 0 0 391136 391136 3865 
847 392 1 2.5 392 37.1728 0.98 0 0 0 392325 392325 3871 
848 392 1 2.5 392 37.1728 0.98 0 0 0 394191 394191 3877 
849 392 1 2.5 392 37.1728 0.98 0 0 0 396357 396357 3882 
850 392 1 2.5 392 37.1728 0.98 0 0 0 398522 398522 3888 
851 392 1 2.5 392 36.8578 0.98 0 0 0 399789 399789 3891 
852 392 1 2.5 392 36.8578 0.98 0 0 0 401235 401235 3896 
853 392 1 2.5 392 36.8578 0.98 0 0 0 404277 404277 3904 
854 392 1 2.5 392 36.8578 0.98 0 0 0 405637 405637 3910 
855 392 1 2.5 392 36.8578 0.98 0 0 0 407637 407637 3913 
856 392 1 2.5 392 36.8578 0.98 0 0 0 409692 409692 3919 
857 392 1 2.5 392 36.8578 0.98 0 0 0 411036 411036 3925 
858 392 1 2.5 392 36.8578 0.98 0 0 0 412653 412653 3929 
859 392 1 2.5 392 36.8578 0.98 0 0 0 414195 414195 3932 
860 392 1 2.5 392 36.8578 0.98 0 0 0 416061 416061 3947 
861 394 1 2.5 394 44.472 0.985 0 0 0 417568 417568 3961 
862 394 1 2.5 394 44.472 0.985 0 0 0 419012 419012 3968 
863 394 1 2.5 394 44.472 0.985 0 0 0 420895 420895 3973 
864 394 1 2.5 394 41.9019 0.985 0 0 0 422402 422402 3976 
865 394 1 2.5 394 36.3967 0.985 0 0 0 423799 423799 3977 
866 394 1 2.5 394 36.3967 0.985 0 0 0 425500 425500 3983 
867 394 1 2.5 394 36.3967 0.985 0 0 0 427195 427195 3989 
868 394 1 2.5 394 36.3967 0.985 0 0 0 428529 428529 3993 
869 394 1 2.5 394 36.3967 0.985 0 0 0 429677 429677 3997 
870 394 1 2.5 394 36.3967 0.985 0 0 0 430612 430612 4003 
871 394 1 2.5 394 36.3967 0.985 0 0 0 432571 432571 4012 
872 394 1 2.5 394 36.3967 0.985 0 0 0 434357 434357 4014 
873 394 1 2.5 394 36.3967 0.985 0 0 0 436005 436005 4021 
874 394 1 2.5 394 36.3967 0.985 0 0 0 437791 437791 4029 
875 394 1 2.5 394 36.3967 0.985 0 0 0 439098 439098 4031 
876 394 1 2.5 394 36.3967 0.985 0 0 0 440321 440321 4039 
877 394 1 2.5 394 36.3967 0.985 0 0 0 441697 441697 4042 
878 394 1 2.5 394 36.3967 0.985 0 0 0 442873 442873 4049 
879 394 1 2.5 394 36.3967 0.985 0 0 0 444013 444013 4051 
880 394 1 2.5 394 36.3967 0.985 0 0 0 447284 447284 4054 
881 394 1 2.5 394 36.2892 0.985 0 0 0 448833 448833 4056 
882 394 1 2.5 394 36.2892 0.985 0 0 0 450135 450135 4062 
883 394 1 2.5 394 36.2892 0.985 0 0 0 452485 452485 4068 
884 394 1 2.5 394 36.2892 0.985 0 0 0 453953 453953 4076 
885 394 1 2.5 394 36.2892 0.985 0 0 0 455170 455170 4080 
886 394 1 2.5 394 36.2892 0.985 0 0 0 456964 456964 4087 
887 394 1 2.5 394 36.2892 0.985 0 0 0 458390 458390 4090 
888 394 1 2.5 394 36.2892 0.985 0 0 0 459863 459863 4094 
889 394 1 2.5 394 36.2892 0.985 0 0 0 460955 460955 4100 
890 394 1 2.5 394 36.2892 0.985 0 0 0 463276 463276 4104 
891 394 1 2.5 394 36.2892 0.985 0 0 0 464718 464718 4107 
892 394 1 2.5 394 36.2892 0.985 0 0 0 466679 466679 4113 
893 394 1 2.5 394 36.2892 0.985 0 0 0 469161 469161 4117 
894 394 1 2.5 394 36.2892 0.985 0 0 0 470462 470462 4120 
895 394 1 2.5 394 36.2892 0.985 0 0 0 471797 471797 4126 
896 394 1 2.5 394 36.2892 0.985 0 0 0 473387 473387 4128 
897 394 1 2.5 394 36.2892 0.985 0 0 0 475615 475615 4132 
898 394 1 2.5 394 36.2892 0.985 0 0 0 477359 477359 4137 
899 394 1 2.5 394 36.2892 0.985 0 0 0 478597 478597 4143 
900 394 1 2.5 394 35.6745 0.985 0 0 0 479778 479778 4145 
901 394 1 2.5 394 35.6745 0.985 0 0 0 480718 480718 4147 
902 394 1 2.5 394 35.6745 0.985 0 0 0 482631 482631 4152 
903 394 1 2.5 394 35.6745 0.985 0 0 0 484313 484313 4157 
904 394 1 2.5 394 35.6745 0.985 0 0 0 486910 486910 4159 
905 394 1 2.5 394 35.6745 0.985 0 0 0 488635 488635 4163 
906 394 1 2.5 394 35.6745 0.985 0 0 0 490462 490462 4166 
907 394 1 2.5 394 35.6745 0.985 0 0 0 491401 491401 4173 
908 394 1 2.5 394 35.6745 0.985 0 0 0 493334 493334 4175 
909 394 1 2.5 394 35.6745 0.985 0 0 0 494918 494918 4178 
910 394 1 2.5 394 35.6745 0.985 0 0 0 496302 496302 4181 
911 394 1 2.5 394 35.6745 0.985 0 0 0 497435 497435 4182 
912 395 1 2.5 395 41.2597 0.9875 0 0 0 498259 498259 4189 
913 395 1 2.5 395 41.2597 0.9875 0 0 0 501477 501477 4198 
914 395 1 2.5 395 41.2597 0.9875 0 0 0 503408 503408 4206 
915 395 1 2.5 395 37.915 0.9875 0 0 0 505120 505120 4211 
916 395 1 2.5 395 37.915 0.9875 0 0 0 506430 506430 4218 
917 395 1 2.5 395 37.915 0.9875 0 0 0 509484 509484 4223 
918 395 1 2.5 395 37.915 0.9875 0 0 0 512155 512155 4225 
919 395 1 2.5 395 37.915 0.9875 0 0 0 513620 513620 4231 
920 395 1 2.5 395 37.915 0.9875 0 0 0 515543 515543 4236 
921 395 1 2.5 395 37.915 0.9875 0 0 0 517801 517801 4245 
922 395 1 2.5 395 37.915 0.9875 0 0 0 519421 519421 4253 
923 395 1 2.5 395 37.915 0.9875 0 0 0 523024 523024 4258 
924 395 1 2.5 395 37.915 0.9875 0 0 0 524862 524862 4263 
925 395 1 2.5 395 37.915 0.9875 0 0 0 528059 528059 4273 
926 395 1 2.5 395 37.915 0.9875 0 0 0 529348 529348 4274 
927 395 1 2.5 395 37.915 0.9875 0 0 0 531213 531213 4282 
928 395 1 2.5 395 37.915 0.9875 0 0 0 533483 533483 4284 
929 395 1 2.5 395 37.915 0.9875 0 0 0 536718 536718 4292 
930 395 1 2.5 395 37.915 0.9875 0 0 0 538248 538248 4297 
931 395 1 2.5 395 37.915 0.9875 0 0 0 541602 541602 4298 
932 395 1 2.5 395 37.915 0.9875 0 0 0 543323 543323 4305 
933 395 1 2.5 395 36.8115 0.9875 0 0 0 544933 544933 4314 
934 395 1 2.5 395 36.8115 0.9875 0 0 0 546264 546264 4320 
935 395 1 2.5 395 36.8115 0.9875 0 0 0 550250 550250 4330 
936 395 1 2.5 395 36.8115 0.9875 0 0 0 552219 552219 4337 
937 395 1 2.5 395 35.3028 0.9875 0 0 0 553579 553579 4338 
938 395 1 2.5 395 35.3028 0.9875 0 0 0 554922 554922 4342 
939 395 1 2.5 395 35.3028 0.9875 0 0 0 556567 556567 4347 
940 395 1 2.5 395 35.3028 0.9875 0 0 0 557710 557710 4353 
941 395 1 2.5 395 35.3028 0.9875 0 0 0 560578 560578 4358 
942 395 1 2.5 395 35.3028 0.9875 0 0 0 563042 563042 4368 
943 395 1 2.5 395 35.3028 0.9875 0 0 0 564603 564603 4370 
944 395 1 2.5 395 35.3028 0.9875 0 0 0 565694 565694 4379 
945 395 1 2.5 395 35.3028 0.9875 0 0 0 567298 567298 4382 
946 395 1 2.5 395 35.3028 0.9875 0 0 0 570066 570066 4389 
947 395 1 2.5 395 35.3028 0.9875 0 0 0 573568 573568 4395 
948 395 1 2.5 395 35.3028 0.9875 0 0 0 575837 575837 4402 
949 395 1 2.5 395 35.3028 0.9875 0 0 0 577496 577496 4404 
950 395 1 2.5 395 35.3028 0.9875 0 0 0 580730 580730 4408 
951 395 1 2.5 395 35.3028 0.9875 0 0 0 581984 581984 4411 
952 395 1 2.5 395 35.3028 0.9875 0 0 0 583041 583041 4413 
953 395 1 2.5 395 35.3028 0.9875 0 0 0 585797 585797 4420 
954 395 1 2.5 395 35.3028 0.9875 0 0 0 588341 588341 4425 
955 395 1 2.5 395 35.3028 0.9875 0 0 0 590861 590861 4430 
956 395 1 2.5 395 35.3028 0.9875 0 0 0 593268 593268 4434 
957 395 1 2.5 395 35.3028 0.9875 0 0 0 596107 596107 4436 
958 395 1 2.5 395 35.3028 0.9875 0 0 0 597798 597798 4440 
959 395 1 2.5 395 35.3028 0.9875 0 0 0 599889 599889 4443 
960 395 1 2.5 395 35.3028 0.9875 0 0 0 602064 602064 4445 
961 395 1 2.5 395 35.3028 0.9875 0 0 0 603816 603816 4452 
962 395 1 2.5 395 35.3028 0.9875 0 0 0 605928 605928 4459 
963 395 1 2.5 395 35.3028 0.9875 0 0 0 607450 607450 4464 
964 395 1 2.5 395 35.3028 0.9875 0 0 0 610259 610259 4467 
965 395 1 2.5 395 35.3028 0.9875 0 0 0 612667 612667 4469 
966 395 1 2.5 395 35.3028 0.9875 0 0 0 614287 614287 4470 
967 395 1 2.5 395 35.3028 0.9875 0 0 0 618482 618482 4475 
968 395 1 2.5 395 35.3028 0.9875 0 0 0 620258 620258 4483 
969 395 1 2.5 395 35.3028 0.9875 0 0 0 624310 624310 4486 
970 395 1 2.5 395 35.3028 0.9875 0 0 0 628496 628496 4495 
971 395 1 2.5 395 35.3028 0.9875 0 0 0 630270 630270 4497 
972 395 1 2.5 395 35.3028 0.9875 0 0 0 633281 633281 4500 
973 395 1 2.5 395 35.3028 0.9875 0 0 0 634931 634931 4501 
974 395 1 2.5 395 35.3028 0.9875 0 0 0 636898 636898 4506 
975 395 1 2.5 395 35.3028 0.9875 0 0 0 638207 638207 4509 
976 395 1 2.5 395 35.3028 0.9875 0 0 0 639176 639176 4512 
977 395 1 2.5 395 35.1533 0.9875 0 0 0 641390 641390 4514 
978 395 1 2.5 395 35.1533 0.9875 0 0 0 643568 643568 4523 
979 395 1 2.5 395 35.1533 0.9875 0 0 0 645760 645760 4529 
980 395 1 2.5 395 35.1533 0.9875 0 0 0 647750 647750 4540 
981 395 1 2.5 395 35.1533 0.9875 0 0 0 651945 651945 4543 
982 395 1 2.5 395 35.1533 0.9875 0 0 0 653680 653680 4557 
983 395 1 2.5 395 34.8206 0.9875 0 0 0 655173 655173 4559 
984 395 1 2.5 395 34.8206 0.9875 0 0 0 656399 656399 4564 
985 395 1 2.5 395 34.8206 0.9875 0 0 0 658176 658176 4570 
986 395 1 2.5 395 34.8206 0.9875 0 0 0 660265 660265 4576 
987 395 1 2.5 395 34.8206 0.9875 0 0 0 662022 662022 4580 
988 395 1 2.5 395 34.8206 0.9875 0 0 0 664857 664857 4584 
989 395 1 2.5 395 34.8206 0.9875 0 0 0 666995 666995 4589 
990 395 1 2.5 395 34.8206 0.9875 0 0 0 668029 668029 4595 
991 395 1 2.5 395 34.8206 0.9875 0 0 0 669242 669242 4599 
992 395 1 2.5 395 34.8206 0.9875 0 0 0 673249 673249 4608 
993 395 1 2.5 395 34.8206 0.9875 0 0 0 677853 677853 4613 
994 395 1 2.5 395 34.8206 0.9875 0 0 0 679507 679507 4614 
995 395 1 2.5 395 34.8206 0.9875 0 0 0 681291 681291 4615 
996 395 1 2.5 395 34.8206 0.9875 0 0 0 682991 682991 4619 
997 395 1 2.5 395 34.8206 0.9875 0 0 0 684595 684595 4622 
998 395 1 2.5 395 34.8206 0.9875 0 0 0 686486 686486 4624 
999 395 1 2.5 395 34.8206 0.9875 0 0 0 687937 687937 4636 
1000 395 1 2.5 395 34.8206 0.9875 0 0 0 689149 689149 4642 
1001 398 1 2.5 398 39.0258 0.995 0 0 0 691186 691186 4649 
1002 398 1 2.5 398 39.0258 0.995 0 0 0 693157 693157 4654 
1003 398 1 2.5 398 39.0258 0.995 0 0 0 694653 694653 4659 
1004 398 1 2.5 398 39.0258 0.995 0 0 0 697113 697113 4663 
1005 398 1 2.5 398 39.0258 0.995 0 0 0 700277 700277 4668 
1006 398 1 2.5 398 39.0258 0.995 0 0 0 704158 704158 4676 
1007 398 1 2.5 398 39.0258 0.995 0 0 0 705954 705954 4681 
1008 398 1 2.5 398 39.0258 0.995 0 0 0 708140 708140 4687 
1009 398 1 2.5 398 39.0258 0.995 0 0 0 710735 710735 4690 
1010 398 1 2.5 398 38.7115 0.995 0 0 0 712212 712212 4693 
1011 398 1 2.5 398 38.7115 0.995 0 0 0 714423 714423 4699 
