1 105 1 1.98 105 0 0.2625 0 0 0 0 0 0 
2 108 1 1.9602 108 0.1 0.27 0 0 0 0 0 1 
3 110 1 1.9406 110 0.195919 0.275 0 0 0 0 0 3 
4 112 1 1.92119 112 0.295919 0.28 0 0 0 0 0 4 
5 114 1 1.90198 114 0.395919 0.285 0 0 0 0 0 5 
6 115 1 1.88296 115 0.488365 0.2875 0 0 0 0 0 7 
7 115 1 1.86413 115 0.488365 0.2875 0 0 0 0 0 8 
8 122 1 1.84549 122 0.62186 0.305 0 0 0 0 0 10 
9 122 1 1.82703 122 0.62186 0.305 0 0 0 0 0 11 
10 122 1 1.80876 122 0.62186 0.305 0 0 0 0 0 12 
11 131 1 1.79068 131 0.72186 0.3275 0 0 0 0 0 13 
12 131 1 1.77277 131 0.72186 0.3275 0 0 0 0 0 14 
13 132 1 1.75504 132 1.03084 0.33 0 0 0 0 0 16 
14 133 1 1.73749 133 1.15732 0.3325 0 0 0 0 0 19 
15 141 1 1.72012 141 1.25557 0.3525 0 0 0 0 0 22 
16 141 1 1.70292 141 1.25557 0.3525 0 0 0 0 0 23 
17 142 1 1.68589 142 1.40416 0.355 0 0 0 0 0 25 
18 143 1 1.66903 143 1.50416 0.3575 0 0 0 0 0 26 
19 145 1 1.65234 145 1.65811 0.3625 0 0 0 0 0 28 
20 145 1 1.63581 145 1.65811 0.3625 0 0 0 0 0 29 
21 145 1 1.61946 145 1.65811 0.3625 0 0 0 0 0 30 
22 145 1 1.60326 145 1.65811 0.3625 0 0 0 0 0 31 
23 146 1 1.58723 146 1.7409 0.365 0 0 0 0 0 33 
24 146 1 1.57136 146 1.7409 0.365 0 0 0 0 0 34 
25 147 1 1.55564 147 2.02836 0.3675 0 0 0 0 0 36 
26 148 1 1.54009 148 2.08592 0.37 0 0 0 0 0 38 
27 148 1 1.52469 148 2.08592 0.37 0 0 0 0 0 42 
28 148 1 1.50944 148 2.08592 0.37 0 0 0 0 0 43 
29 148 1 1.49434 148 2.08592 0.37 0 0 0 1 1 44 
30 150 1 1.4794 150 2.51612 0.375 0 0 0 2 2 46 
31 150 1 1.46461 150 2.51612 0.375 0 0 0 3 3 47 
32 150 1 1.44996 150 2.51612 0.375 0 0 0 4 4 48 
33 150 1 1.43546 150 2.51612 0.375 0 0 0 5 5 49 
34 150 1 1.42111 150 2.51612 0.375 0 0 0 6 6 50 
35 150 1 1.4069 150 2.51612 0.375 0 0 0 7 7 51 
36 150 1 1.39283 150 2.51612 0.375 0 0 0 8 8 52 
37 150 1 1.3789 150 2.51612 0.375 0 0 0 9 9 53 
38 150 1 1.36511 150 2.51612 0.375 0 0 0 10 10 54 
39 150 1 1.35146 150 2.51612 0.375 0 0 0 11 11 55 
40 150 1 1.33794 150 2.51612 0.375 0 0 0 12 12 56 
41 150 1 1.32456 150 2.51612 0.375 0 0 0 13 13 57 
42 150 1 1.31132 150 2.51612 0.375 0 0 0 14 14 58 
43 151 1 1.29821 151 3.0701 0.3775 0 0 0 15 15 60 
44 152 1 1.28522 152 3.12806 0.38 0 0 0 16 16 62 
45 152 1 1.27237 152 3.12806 0.38 0 0 0 17 17 63 
46 152 1 1.25965 152 3.12806 0.38 0 0 0 18 18 64 
47 152 1 1.24705 152 3.12806 0.38 0 0 0 19 19 65 
48 152 1 1.23458 152 3.12806 0.38 0 0 0 20 20 66 
49 152 1 1.22223 152 3.12806 0.38 0 0 0 21 21 67 
50 152 1 1.21001 152 3.12806 0.38 0 0 0 22 22 68 
51 152 1 1.19791 152 3.12806 0.38 0 0 0 23 23 69 
52 152 1 1.18593 152 3.12806 0.38 0 0 0 24 24 70 
53 152 1 1.17407 152 3.12806 0.38 0 0 0 25 25 71 
54 152 1 1.16233 152 3.12806 0.38 0 0 0 26 26 72 
55 159 1 1.15071 159 3.53263 0.3975 0 0 0 27 27 74 
56 159 1 1.1392 159 3.53263 0.3975 0 0 0 29 29 75 
57 165 1 1.12781 165 3.88679 0.4125 0 0 0 31 31 78 
58 165 1 1.11653 165 3.72882 0.4125 0 0 0 33 33 81 
59 165 1 1.10537 165 3.72882 0.4125 0 0 0 36 36 84 
60 165 1 1.09431 165 3.72882 0.4125 0 0 0 38 38 85 
61 165 1 1.08337 165 3.72882 0.4125 0 0 0 40 40 86 
62 166 1 1.07254 166 4.1305 0.415 0 0 0 47 47 90 
63 166 1 1.06181 166 4.1305 0.415 0 0 0 53 53 91 
64 166 1 1.05119 166 4.1305 0.415 0 0 0 60 60 92 
65 166 1 1.04068 166 4.1305 0.415 0 0 0 67 67 93 
66 166 1 1.03027 166 4.1305 0.415 0 0 0 76 76 94 
67 166 1 1.01997 166 4.1305 0.415 0 0 0 82 82 95 
68 166 1 1.00977 166 4.1305 0.415 0 0 0 91 91 96 
69 166 1 0.999674 166 4.1305 0.415 0 0 0 99 99 97 
70 166 1 0.989677 166 4.07731 0.415 0 0 0 107 107 101 
71 166 1 0.97978 166 4.04346 0.415 0 0 0 114 114 103 
72 166 1 0.969983 166 4.04346 0.415 0 0 0 121 121 104 
73 166 1 0.960283 166 4.04346 0.415 0 0 0 129 129 105 
74 166 1 0.95068 166 4.04346 0.415 0 0 0 139 139 109 
75 166 1 0.941173 166 4.04346 0.415 0 0 0 149 149 111 
76 166 1 0.931761 166 4.04346 0.415 0 0 0 157 157 116 
77 166 1 0.922444 166 4.04346 0.415 0 0 0 165 165 117 
78 166 1 0.913219 166 4.04346 0.415 0 0 0 172 172 118 
79 166 1 0.904087 166 4.04346 0.415 0 0 0 180 180 119 
80 166 1 0.895046 166 4.04346 0.415 0 0 0 188 188 120 
81 166 1 0.886096 166 4.04346 0.415 0 0 0 196 196 121 
82 166 1 0.877235 166 4.04346 0.415 0 0 0 204 204 124 
83 166 1 0.868463 166 4.04346 0.415 0 0 0 213 213 125 
84 166 1 0.859778 166 4.04346 0.415 0 0 0 222 222 126 
85 166 1 0.85118 166 4.04346 0.415 0 0 0 230 230 130 
86 166 1 0.842668 166 4.04346 0.415 0 0 0 238 238 131 
87 166 1 0.834242 166 4.04346 0.415 0 0 0 247 247 134 
88 166 1 0.825899 166 4.04346 0.415 0 0 0 259 259 138 
89 166 1 0.81764 166 4.04346 0.415 0 0 0 271 271 139 
90 166 1 0.809464 166 4.04346 0.415 0 0 0 284 284 140 
91 166 1 0.801369 166 4.04346 0.415 0 0 0 297 297 141 
92 166 1 0.793356 166 4.04346 0.415 0 0 0 313 313 142 
93 166 1 0.785422 166 4.04346 0.415 0 0 0 330 330 143 
94 166 1 0.777568 166 4.04346 0.415 0 0 0 349 349 144 
95 178 1 0.769792 178 4.17438 0.445 0 0 0 367 367 148 
96 181 1 0.762094 181 5.13378 0.4525 0 0 0 385 385 151 
97 182 1 0.754473 182 5.17184 0.455 0 0 0 407 407 153 
98 182 1 0.746928 182 5.17184 0.455 0 0 0 429 429 154 
99 182 1 0.739459 182 5.17184 0.455 0 0 0 451 451 155 
100 187 1 0.732065 187 5.63764 0.4675 0 0 0 475 475 161 
101 187 1 0.724744 187 5.63764 0.4675 0 0 0 502 502 163 
102 187 1 0.717496 187 5.63764 0.4675 0 0 0 530 530 164 
103 187 1 0.710321 187 5.63764 0.4675 0 0 0 561 561 168 
104 187 1 0.703218 187 5.63764 0.4675 0 0 0 592 592 169 
105 187 1 0.696186 187 5.63764 0.4675 0 0 0 624 624 174 
106 187 1 0.689224 187 5.63764 0.4675 0 0 0 661 661 179 
107 187 1 0.682332 187 5.63764 0.4675 0 0 0 697 697 180 
108 187 1 0.675509 187 5.63764 0.4675 0 0 0 731 731 181 
109 187 1 0.668754 187 5.63764 0.4675 0 0 0 762 762 182 
110 187 1 0.662066 187 5.63764 0.4675 0 0 0 792 792 183 
111 187 1 0.655445 187 5.63764 0.4675 0 0 0 821 821 188 
112 187 1 0.648891 187 5.63764 0.4675 0 0 0 847 847 189 
113 187 1 0.642402 187 5.63764 0.4675 0 0 0 877 877 190 
114 187 1 0.635978 187 5.63764 0.4675 0 0 0 907 907 191 
115 187 1 0.629618 187 5.63764 0.4675 0 0 0 1011 1011 195 
116 187 1 0.623322 187 5.63764 0.4675 0 0 0 1137 1137 196 
117 187 1 0.617089 187 5.63764 0.4675 0 0 0 1267 1267 199 
118 187 1 0.610918 187 5.63764 0.4675 0 0 0 1392 1392 201 
119 187 1 0.604809 187 5.63764 0.4675 0 0 0 1537 1537 202 
120 193 1 0.598761 193 5.70686 0.4825 0 0 0 1771 1771 206 
121 193 1 0.592773 193 5.70686 0.4825 0 0 0 1951 1951 208 
122 193 1 0.586845 193 5.70686 0.4825 0 0 0 2181 2181 209 
123 196 1 0.580977 196 7.79821 0.49 0 0 0 2407 2407 214 
124 196 1 0.575167 196 7.79821 0.49 0 0 0 2681 2681 217 
125 196 1 0.569416 196 7.79821 0.49 0 0 0 2986 2986 220 
126 196 1 0.563721 196 7.65902 0.49 0 0 0 3194 3194 222 
127 196 1 0.558084 196 7.65902 0.49 0 0 0 3454 3454 226 
128 211 1 0.552503 211 8.02538 0.5275 0 0 0 3855 3855 231 
129 211 1 0.546978 211 8.02538 0.5275 0 0 0 4113 4113 232 
130 211 1 0.541508 211 8.02538 0.5275 0 0 0 4389 4389 233 
131 211 1 0.536093 211 7.98417 0.5275 0 0 0 4681 4681 235 
132 211 1 0.530732 211 7.98417 0.5275 0 0 0 4931 4931 236 
133 211 1 0.525425 211 7.98417 0.5275 0 0 0 5202 5202 240 
134 211 1 0.520171 211 7.98417 0.5275 0 0 0 5494 5494 244 
135 211 1 0.514969 211 7.98417 0.5275 0 0 0 5885 5885 245 
136 211 1 0.50982 211 7.93928 0.5275 0 0 0 6167 6167 247 
137 211 1 0.504721 211 7.93928 0.5275 0 0 0 6519 6519 248 
138 211 1 0.499674 211 7.93928 0.5275 0 0 0 6917 6917 251 
139 211 1 0.494677 211 7.91972 0.5275 0 0 0 7224 7224 252 
140 211 1 0.489731 211 7.91972 0.5275 0 0 0 7473 7473 259 
141 211 1 0.484833 211 7.91972 0.5275 0 0 0 7841 7841 260 
142 213 1 0.479985 213 8.34506 0.5325 0 0 0 8278 8278 268 
143 213 1 0.475185 213 8.34506 0.5325 0 0 0 8790 8790 271 
144 231 1 0.470433 231 8.34327 0.5775 0 0 0 9103 9103 278 
145 232 1 0.465729 232 8.29314 0.58 0 0 0 9480 9480 284 
146 232 1 0.461072 232 8.29314 0.58 0 0 0 10112 10112 287 
147 232 1 0.456461 232 8.29314 0.58 0 0 0 10569 10569 291 
148 232 1 0.451896 232 8.29314 0.58 0 0 0 11099 11099 297 
149 232 1 0.447377 232 8.29314 0.58 0 0 0 11604 11604 298 
150 232 1 0.442904 232 8.29314 0.58 0 0 0 12086 12086 302 
151 232 1 0.438475 232 8.29314 0.58 0 0 0 12558 12558 304 
152 232 1 0.43409 232 8.26405 0.58 0 0 0 13051 13051 308 
153 232 1 0.429749 232 8.26405 0.58 0 0 0 13762 13762 309 
154 233 1 0.425451 233 8.98958 0.5825 0 0 0 14392 14392 311 
155 233 1 0.421197 233 8.96072 0.5825 0 0 0 15021 15021 313 
156 233 1 0.416985 233 8.96072 0.5825 0 0 0 15784 15784 319 
157 233 1 0.412815 233 8.96072 0.5825 0 0 0 16591 16591 323 
158 233 1 0.408687 233 8.96072 0.5825 0 0 0 17228 17228 325 
159 233 1 0.4046 233 8.96072 0.5825 0 0 0 18301 18301 326 
160 233 1 0.400554 233 8.96072 0.5825 0 0 0 19394 19394 329 
161 233 1 0.396548 233 8.96072 0.5825 0 0 0 20642 20642 335 
162 233 1 0.392583 233 8.96072 0.5825 0 0 0 21881 21881 339 
163 233 1 0.388657 233 8.91607 0.5825 0 0 0 22995 22995 341 
164 233 1 0.384771 233 8.82444 0.5825 0 0 0 24086 24086 342 
165 233 1 0.380923 233 8.82444 0.5825 0 0 0 26244 26244 344 
166 233 1 0.377114 233 8.82444 0.5825 0 0 0 27832 27832 346 
167 233 1 0.373342 233 8.82444 0.5825 0 0 0 29744 29744 347 
168 233 1 0.369609 233 8.82444 0.5825 0 0 0 31239 31239 348 
169 233 1 0.365913 233 8.82444 0.5825 0 0 0 33296 33296 349 
170 233 1 0.362254 233 8.82444 0.5825 0 0 0 34958 34958 350 
171 236 1 0.358631 236 10.6465 0.59 0 0 0 37576 37576 357 
172 236 1 0.355045 236 10.5181 0.59 0 0 0 41520 41520 360 
173 237 1 0.351495 237 9.00844 0.5925 0 0 0 46554 46554 363 
174 237 1 0.34798 237 9.00844 0.5925 0 0 0 51040 51040 365 
175 237 1 0.3445 237 9.00844 0.5925 0 0 0 57890 57890 366 
176 237 1 0.341055 237 9.00844 0.5925 0 0 0 65717 65717 367 
177 237 1 0.337644 237 9.00844 0.5925 0 0 0 71597 71597 370 
178 237 1 0.334268 237 9.00844 0.5925 0 0 0 77167 77167 372 
179 237 1 0.330925 237 6.85213 0.5925 0 0 0 80901 80901 374 
180 243 1 0.327616 243 7.11514 0.6075 0 0 0 88184 88184 377 
181 245 1 0.32434 245 6.74921 0.6125 0 0 0 93452 93452 381 
182 245 1 0.321096 245 6.62556 0.6125 0 0 0 99275 99275 382 
183 253 1 0.317885 253 6.95354 0.6325 0 0 0 116214 116214 384 
184 253 1 0.314706 253 6.95354 0.6325 0 0 0 134125 134125 386 
185 253 1 0.311559 253 6.95354 0.6325 0 0 0 154462 154462 387 
186 253 1 0.308444 253 6.95354 0.6325 0 0 0 174214 174214 388 
187 253 1 0.305359 253 6.95354 0.6325 0 0 0 190964 190964 389 
188 253 1 0.302306 253 6.95354 0.6325 0 0 0 211296 211296 390 
189 253 1 0.299283 253 6.95354 0.6325 0 0 0 234846 234846 391 
190 253 1 0.29629 253 6.95354 0.6325 0 0 0 259028 259028 392 
191 253 1 0.293327 253 6.95354 0.6325 0 0 0 278517 278517 393 
192 253 1 0.290394 253 6.84493 0.6325 0 0 0 299664 299664 396 
193 253 1 0.28749 253 6.84493 0.6325 0 0 0 329429 329429 397 
194 253 1 0.284615 253 6.84493 0.6325 0 0 0 359116 359116 398 
195 253 1 0.281769 253 6.84493 0.6325 0 0 0 386095 386095 399 
196 259 1 0.278951 259 6.68723 0.6475 0 0 0 413644 413644 405 
197 259 1 0.276162 259 6.68723 0.6475 0 0 0 449039 449039 408 
198 259 1 0.2734 259 6.68723 0.6475 0 0 0 489052 489052 409 
199 259 1 0.270666 259 6.68723 0.6475 0 0 0 541514 541514 410 
200 259 1 0.267959 259 6.68723 0.6475 0 0 0 586575 586575 413 
201 259 1 0.26528 259 6.68723 0.6475 0 0 0 632131 632131 415 
202 259 1 0.262627 259 6.66418 0.6475 0 0 0 669794 669794 417 
203 259 1 0.260001 259 6.66418 0.6475 0 0 0 700419 700419 418 
204 259 1 0.257401 259 6.66418 0.6475 0 0 0 744366 744366 420 
205 259 1 0.254827 259 6.66418 0.6475 0 0 0 782428 782428 423 
206 260 1 0.252278 260 7.15252 0.65 0 0 0 856129 856129 426 
207 260 1 0.249756 260 7.15252 0.65 0 0 0 950977 950977 430 
208 260 1 0.247258 260 7.15252 0.65 0 0 0 1095553 1095553 432 
209 260 1 0.244785 260 7.15252 0.65 0 0 0 1207746 1207746 433 
210 266 1 0.242338 266 7.29896 0.665 0 0 0 1320767 1320767 435 
211 266 1 0.239914 266 7.27944 0.665 0 0 0 1463217 1463217 437 
212 266 1 0.237515 266 7.27944 0.665 0 0 0 1602572 1602572 438 
213 266 1 0.23514 266 7.27944 0.665 0 0 0 1722941 1722941 439 
