1 105 1 0.99 105 0 0.2625 0 0 0 0 0 0 
2 108 1 0.9801 108 0.1 0.27 0 0 0 0 0 1 
3 110 1 0.970299 110 0.195919 0.275 0 0 0 0 0 3 
4 112 1 0.960596 112 0.295919 0.28 0 0 0 0 0 4 
5 114 1 0.95099 114 0.395919 0.285 0 0 0 0 0 5 
6 115 1 0.94148 115 0.488365 0.2875 0 0 0 0 0 7 
7 115 1 0.932065 115 0.488365 0.2875 0 0 0 0 0 8 
8 122 1 0.922745 122 0.62186 0.305 0 0 0 0 0 10 
9 122 1 0.913517 122 0.62186 0.305 0 0 0 0 0 11 
10 122 1 0.904382 122 0.62186 0.305 0 0 0 0 0 12 
11 131 1 0.895338 131 0.72186 0.3275 0 0 0 0 0 13 
12 131 1 0.886385 131 0.72186 0.3275 0 0 0 1 1 14 
13 132 1 0.877521 132 1.03084 0.33 0 0 0 3 3 16 
14 133 1 0.868746 133 1.15732 0.3325 0 0 0 3 3 19 
15 141 1 0.860058 141 1.25557 0.3525 0 0 0 3 3 22 
16 141 1 0.851458 141 1.25557 0.3525 0 0 0 3 3 23 
17 142 1 0.842943 142 1.40416 0.355 0 0 0 3 3 25 
18 143 1 0.834514 143 1.50416 0.3575 0 0 0 3 3 26 
19 145 1 0.826169 145 1.65811 0.3625 0 0 0 3 3 28 
20 145 1 0.817907 145 1.65811 0.3625 0 0 0 3 3 29 
21 145 1 0.809728 145 1.65811 0.3625 0 0 0 3 3 30 
22 145 1 0.801631 145 1.65811 0.3625 0 0 0 3 3 31 
23 146 1 0.793614 146 1.7409 0.365 0 0 0 3 3 33 
24 146 1 0.785678 146 1.7409 0.365 0 0 0 4 4 34 
25 147 1 0.777821 147 2.02836 0.3675 0 0 0 5 5 36 
26 148 1 0.770043 148 2.08592 0.37 0 0 0 8 8 38 
27 148 1 0.762343 148 2.08592 0.37 0 0 0 9 9 41 
28 148 1 0.754719 148 2.08592 0.37 0 0 0 10 10 42 
29 148 1 0.747172 148 2.08592 0.37 0 0 0 11 11 43 
30 150 1 0.7397 150 2.39737 0.375 0 0 0 12 12 45 
31 150 1 0.732303 150 2.39737 0.375 0 0 0 13 13 46 
32 150 1 0.72498 150 2.39737 0.375 0 0 0 15 15 47 
33 150 1 0.71773 150 2.39737 0.375 0 0 0 17 17 48 
34 150 1 0.710553 150 2.39737 0.375 0 0 0 18 18 49 
35 150 1 0.703448 150 2.1707 0.375 0 0 0 19 19 51 
36 150 1 0.696413 150 2.1707 0.375 0 0 0 20 20 52 
37 150 1 0.689449 150 2.1707 0.375 0 0 0 22 22 53 
38 150 1 0.682555 150 2.1707 0.375 0 0 0 24 24 54 
39 150 1 0.675729 150 2.1707 0.375 0 0 0 27 27 55 
40 150 1 0.668972 150 2.1707 0.375 0 0 0 28 28 56 
41 150 1 0.662282 150 2.1707 0.375 0 0 0 30 30 57 
42 150 1 0.655659 150 2.1707 0.375 0 0 0 32 32 58 
43 151 1 0.649103 151 2.79784 0.3775 0 0 0 38 38 60 
44 152 1 0.642612 152 2.8558 0.38 0 0 0 40 40 62 
45 152 1 0.636185 152 2.8558 0.38 0 0 0 43 43 63 
46 152 1 0.629824 152 2.8558 0.38 0 0 0 47 47 66 
47 152 1 0.623525 152 2.8558 0.38 0 0 0 52 52 67 
48 152 1 0.61729 152 2.8558 0.38 0 0 0 56 56 68 
49 152 1 0.611117 152 2.8558 0.38 0 0 0 60 60 69 
50 152 1 0.605006 152 2.8558 0.38 0 0 0 66 66 71 
51 152 1 0.598956 152 2.8558 0.38 0 0 0 70 70 72 
52 152 1 0.592966 152 2.8558 0.38 0 0 0 75 75 73 
53 152 1 0.587037 152 2.8558 0.38 0 0 0 81 81 74 
54 152 1 0.581167 152 2.8558 0.38 0 0 0 85 85 75 
55 159 1 0.575355 159 3.33751 0.3975 0 0 0 89 89 77 
56 159 1 0.569601 159 3.33751 0.3975 0 0 0 93 93 78 
57 165 1 0.563905 165 3.47691 0.4125 0 0 0 98 98 82 
58 165 1 0.558266 165 3.47691 0.4125 0 0 0 108 108 83 
59 165 1 0.552683 165 3.43017 0.4125 0 0 0 115 115 85 
60 165 1 0.547157 165 3.43017 0.4125 0 0 0 124 124 86 
61 165 1 0.541685 165 3.43017 0.4125 0 0 0 138 138 87 
62 166 1 0.536268 166 4.02947 0.415 0 0 0 180 180 92 
63 166 1 0.530905 166 3.80055 0.415 0 0 0 205 205 93 
64 166 1 0.525596 166 3.80055 0.415 0 0 0 228 228 94 
65 166 1 0.520341 166 3.80055 0.415 0 0 0 254 254 95 
66 166 1 0.515137 166 3.80055 0.415 0 0 0 277 277 96 
67 166 1 0.509986 166 3.80055 0.415 0 0 0 302 302 99 
68 166 1 0.504886 166 3.80055 0.415 0 0 0 329 329 100 
69 166 1 0.499837 166 3.80055 0.415 0 0 0 353 353 101 
70 166 1 0.494839 166 3.80055 0.415 0 0 0 379 379 105 
71 166 1 0.48989 166 3.7873 0.415 0 0 0 408 408 107 
72 166 1 0.484991 166 3.7873 0.415 0 0 0 450 450 108 
73 166 1 0.480141 166 3.76728 0.415 0 0 0 475 475 110 
74 166 1 0.47534 166 3.76728 0.415 0 0 0 505 505 113 
75 166 1 0.470587 166 3.76728 0.415 0 0 0 535 535 115 
76 166 1 0.465881 166 3.76728 0.415 0 0 0 563 563 116 
77 166 1 0.461222 166 3.76728 0.415 0 0 0 591 591 117 
78 166 1 0.45661 166 3.76728 0.415 0 0 0 620 620 118 
79 166 1 0.452044 166 3.76728 0.415 0 0 0 649 649 119 
80 166 1 0.447523 166 3.76728 0.415 0 0 0 680 680 122 
81 166 1 0.443048 166 3.76728 0.415 0 0 0 712 712 123 
82 166 1 0.438617 166 3.76728 0.415 0 0 0 745 745 124 
83 166 1 0.434231 166 3.76728 0.415 0 0 0 781 781 125 
84 166 1 0.429889 166 3.76728 0.415 0 0 0 821 821 126 
85 166 1 0.42559 166 3.76728 0.415 0 0 0 860 860 127 
86 166 1 0.421334 166 3.76728 0.415 0 0 0 898 898 128 
87 166 1 0.417121 166 3.76728 0.415 0 0 0 938 938 129 
88 166 1 0.41295 166 3.72054 0.415 0 0 0 1006 1006 130 
89 166 1 0.40882 166 3.72054 0.415 0 0 0 1099 1099 131 
90 166 1 0.404732 166 3.66703 0.415 0 0 0 1175 1175 136 
91 166 1 0.400685 166 3.66703 0.415 0 0 0 1257 1257 138 
92 166 1 0.396678 166 3.65888 0.415 0 0 0 1330 1330 139 
93 166 1 0.392711 166 3.62075 0.415 0 0 0 1416 1416 141 
94 166 1 0.388784 166 3.55512 0.415 0 0 0 1519 1519 144 
95 178 1 0.384896 178 3.82094 0.445 0 0 0 1786 1786 147 
96 181 1 0.381047 181 4.70901 0.4525 0 0 0 2090 2090 154 
97 182 1 0.377237 182 4.68556 0.455 0 0 0 2449 2449 158 
98 182 1 0.373464 182 4.68556 0.455 0 0 0 2735 2735 163 
99 182 1 0.36973 182 4.64928 0.455 0 0 0 3044 3044 167 
100 187 1 0.366032 187 5.3426 0.4675 0 0 0 3469 3469 172 
101 187 1 0.362372 187 5.33268 0.4675 0 0 0 3992 3992 173 
102 187 1 0.358748 187 5.33268 0.4675 0 0 0 4417 4417 174 
103 187 1 0.355161 187 5.33268 0.4675 0 0 0 4858 4858 176 
104 187 1 0.351609 187 5.33268 0.4675 0 0 0 5239 5239 177 
105 187 1 0.348093 187 5.33268 0.4675 0 0 0 5558 5558 178 
106 187 1 0.344612 187 5.33268 0.4675 0 0 0 5880 5880 179 
107 187 1 0.341166 187 5.31013 0.4675 0 0 0 6203 6203 180 
108 187 1 0.337754 187 5.23234 0.4675 0 0 0 6533 6533 183 
109 187 1 0.334377 187 5.19154 0.4675 0 0 0 6860 6860 184 
110 187 1 0.331033 187 5.19154 0.4675 0 0 0 7293 7293 185 
111 187 1 0.327723 187 5.19154 0.4675 0 0 0 7663 7663 187 
112 187 1 0.324445 187 5.19154 0.4675 0 0 0 8072 8072 188 
113 187 1 0.321201 187 5.08739 0.4675 0 0 0 8448 8448 189 
114 187 1 0.317989 187 5.08739 0.4675 0 0 0 8838 8838 190 
115 187 1 0.314809 187 5.08739 0.4675 0 0 0 9336 9336 191 
116 187 1 0.311661 187 5.08739 0.4675 0 0 0 9770 9770 192 
117 187 1 0.308544 187 5.08739 0.4675 0 0 0 10241 10241 193 
118 187 1 0.305459 187 5.08739 0.4675 0 0 0 10733 10733 194 
119 187 1 0.302404 187 5.08739 0.4675 0 0 0 11184 11184 195 
120 193 1 0.29938 193 5.43019 0.4825 0 0 0 11845 11845 199 
121 193 1 0.296387 193 5.43019 0.4825 0 0 0 12543 12543 200 
122 193 1 0.293423 193 5.43019 0.4825 0 0 0 13221 13221 201 
123 196 1 0.290489 196 7.59673 0.49 0 0 0 14098 14098 208 
124 196 1 0.287584 196 7.59209 0.49 0 0 0 14952 14952 212 
125 196 1 0.284708 196 7.59209 0.49 0 0 0 15723 15723 216 
126 196 1 0.281861 196 7.59054 0.49 0 0 0 16508 16508 219 
127 196 1 0.279042 196 7.59054 0.49 0 0 0 17499 17499 223 
128 211 1 0.276252 211 7.80187 0.5275 0 0 0 19263 19263 228 
129 211 1 0.273489 211 7.80187 0.5275 0 0 0 21010 21010 229 
130 211 1 0.270754 211 7.77738 0.5275 0 0 0 24194 24194 232 
131 211 1 0.268047 211 7.77738 0.5275 0 0 0 26936 26936 233 
132 211 1 0.265366 211 7.77002 0.5275 0 0 0 29954 29954 236 
133 211 1 0.262713 211 7.74553 0.5275 0 0 0 32165 32165 237 
134 211 1 0.260085 211 7.74553 0.5275 0 0 0 34373 34373 238 
135 211 1 0.257485 211 7.74553 0.5275 0 0 0 36184 36184 240 
136 211 1 0.25491 211 7.74553 0.5275 0 0 0 37965 37965 243 
137 211 1 0.252361 211 7.72392 0.5275 0 0 0 39981 39981 245 
138 211 1 0.249837 211 7.72392 0.5275 0 0 0 42203 42203 248 
139 211 1 0.247339 211 7.72392 0.5275 0 0 0 44792 44792 249 
140 211 1 0.244865 211 7.72392 0.5275 0 0 0 46958 46958 250 
141 211 1 0.242417 211 7.72392 0.5275 0 0 0 49753 49753 251 
142 213 1 0.239992 213 8.00172 0.5325 0 0 0 53120 53120 256 
143 213 1 0.237593 213 8.00172 0.5325 0 0 0 56295 56295 259 
144 231 1 0.235217 231 8.10349 0.5775 0 0 0 60648 60648 262 
145 232 1 0.232864 232 8.15372 0.58 0 0 0 71168 71168 267 
146 232 1 0.230536 232 8.15372 0.58 0 0 0 81864 81864 269 
147 232 1 0.22823 232 8.15372 0.58 0 0 0 89848 89848 272 
148 232 1 0.225948 232 8.15372 0.58 0 0 0 98062 98062 277 
149 232 1 0.223689 232 8.15085 0.58 0 0 0 106556 106556 280 
150 232 1 0.221452 232 8.15085 0.58 0 0 0 117862 117862 283 
151 232 1 0.219237 232 8.15085 0.58 0 0 0 130978 130978 284 
152 232 1 0.217045 232 8.15085 0.58 0 0 0 147861 147861 286 
153 232 1 0.214874 232 8.15085 0.58 0 0 0 161724 161724 287 
154 233 1 0.212726 233 8.93174 0.5825 0 0 0 181986 181986 289 
155 233 1 0.210598 233 8.92636 0.5825 0 0 0 200985 200985 292 
156 233 1 0.208492 233 8.92636 0.5825 0 0 0 227484 227484 295 
157 233 1 0.206408 233 8.92636 0.5825 0 0 0 251580 251580 296 
158 233 1 0.204343 233 8.91952 0.5825 0 0 0 274888 274888 297 
159 233 1 0.2023 233 8.86795 0.5825 0 0 0 296968 296968 298 
160 233 1 0.200277 233 8.85012 0.5825 0 0 0 318725 318725 299 
161 233 1 0.198274 233 8.85012 0.5825 0 0 0 332513 332513 302 
162 233 1 0.196291 233 8.85012 0.5825 0 0 0 348740 348740 303 
163 233 1 0.194329 233 8.85012 0.5825 0 0 0 366816 366816 304 
164 233 1 0.192385 233 8.85012 0.5825 0 0 0 389107 389107 305 
165 233 1 0.190461 233 8.85012 0.5825 0 0 0 416562 416562 306 
166 233 1 0.188557 233 8.85012 0.5825 0 0 0 444040 444040 308 
167 233 1 0.186671 233 8.85012 0.5825 0 0 0 483968 483968 309 
168 233 1 0.184805 233 8.84205 0.5825 0 0 0 524550 524550 310 
169 233 1 0.182956 233 8.84205 0.5825 0 0 0 558674 558674 311 
170 233 1 0.181127 233 8.84205 0.5825 0 0 0 586900 586900 312 
171 236 1 0.179316 236 10.3241 0.59 0 0 0 626559 626559 320 
172 236 1 0.177522 236 10.3164 0.59 0 0 0 677340 677340 322 
173 237 1 0.175747 237 9.01201 0.5925 0 0 0 736494 736494 325 
174 237 1 0.17399 237 9.01201 0.5925 0 0 0 796683 796683 326 
175 237 1 0.17225 237 9.01201 0.5925 0 0 0 863399 863399 327 
176 237 1 0.170527 237 9.01201 0.5925 0 0 0 924264 924264 328 
177 237 1 0.168822 237 9.01201 0.5925 0 0 0 986878 986878 329 
178 237 1 0.167134 237 9.01201 0.5925 0 0 0 1052754 1052754 330 
179 237 1 0.165463 237 6.87432 0.5925 0 0 0 1088649 1088649 333 
180 243 1 0.163808 243 7.25988 0.6075 0 0 0 1148718 1148718 338 
181 245 1 0.16217 245 6.77109 0.6125 0 0 0 1188058 1188058 341 
182 245 1 0.160548 245 6.77109 0.6125 0 0 0 1240104 1240104 343 
183 253 1 0.158943 253 6.915 0.6325 0 0 0 1336505 1336505 347 
184 253 1 0.157353 253 6.8954 0.6325 0 0 0 1456170 1456170 351 
185 253 1 0.15578 253 6.8954 0.6325 0 0 0 1576032 1576032 352 
186 253 1 0.154222 253 6.8954 0.6325 0 0 0 1709605 1709605 357 
