1 105 0.01 1.98 105 0 0.2625 0 0 0 0 0 0 
95 178 0.615104 0.769792 167 4.00467 0.4175 0 0 0 8 8 107 
144 231 0.764783 0.470433 215 4.73446 0.5375 0 0 0 30 30 168 
189 253 0.850359 0.299283 233 5.35523 0.5825 0 0 0 106 106 225 
210 266 0.878831 0.242338 244 5.58257 0.61 0 0 0 275 275 254 
230 277 0.900895 0.19821 254 5.63819 0.635 0 0 0 615 615 281 
245 283 0.914764 0.170472 260 5.83446 0.65 0 0 0 1160 1160 308 
250 283 0.918941 0.162117 261 5.70752 0.6525 0 0 0 1841 1841 318 
251 284 0.919752 0.160496 264 5.90253 0.66 0 0 0 2503 2503 329 
264 284 0.929581 0.140838 265 6.02832 0.6625 0 0 0 4087 4087 347 
270 284 0.933702 0.132597 266 6.03225 0.665 0 0 0 5826 5826 360 
275 284 0.936951 0.126098 272 6.19118 0.68 0 0 0 8353 8353 370 
281 295 0.940641 0.118719 285 6.14236 0.7125 0 0 0 11550 11550 381 
298 304 0.949963 0.100073 293 7.40555 0.7325 0 0 0 40824 40824 409 
322 305 0.960687 0.0786253 295 7.11815 0.7375 0 0 0 126749 126749 442 
341 305 0.967521 0.0649578 296 7.3696 0.74 0 0 0 327347 327347 471 
348 306 0.969728 0.0605449 297 7.58571 0.7425 0 0 0 686659 686659 490 
351 306 0.970627 0.0587466 298 8.10186 0.745 0 0 0 989747 989747 507 
358 312 0.972622 0.0547557 304 8.13083 0.76 0 0 0 1477061 1477061 520 
