1 105 1 8 105 0 0.2625 0 0 0 0 0 0 
2 108 1 8 108 0.1 0.27 0 0 0 0 0 1 
3 110 1 8 110 0.195919 0.275 0 0 0 0 0 3 
4 112 1 8 112 0.295919 0.28 0 0 0 0 0 4 
5 114 1 8 114 0.395919 0.285 0 0 0 0 0 5 
6 115 1 8 115 0.488365 0.2875 0 0 0 0 0 7 
7 115 1 8 115 0.488365 0.2875 0 0 0 0 0 8 
8 122 1 8 122 0.62186 0.305 0 0 0 0 0 10 
9 122 1 8 122 0.62186 0.305 0 0 0 0 0 11 
10 122 1 8 122 0.62186 0.305 0 0 0 0 0 12 
11 131 1 8 131 0.72186 0.3275 0 0 0 0 0 13 
12 131 1 8 131 0.72186 0.3275 0 0 0 0 0 14 
13 132 1 8 132 1.03084 0.33 0 0 0 0 0 16 
14 133 1 8 133 1.15732 0.3325 0 0 0 0 0 19 
15 141 1 8 141 1.25557 0.3525 0 0 0 0 0 22 
16 141 1 8 141 1.25557 0.3525 0 0 0 0 0 23 
17 142 1 8 142 1.40416 0.355 0 0 0 0 0 25 
18 143 1 8 143 1.50416 0.3575 0 0 0 0 0 26 
19 145 1 8 145 1.65811 0.3625 0 0 0 0 0 28 
20 145 1 8 145 1.65811 0.3625 0 0 0 0 0 29 
21 145 1 8 145 1.65811 0.3625 0 0 0 0 0 30 
22 145 1 8 145 1.65811 0.3625 0 0 0 0 0 31 
23 146 1 8 146 1.7409 0.365 0 0 0 0 0 33 
24 146 1 8 146 1.7409 0.365 0 0 0 0 0 34 
25 147 1 8 147 2.02836 0.3675 0 0 0 0 0 36 
26 148 1 8 148 2.08592 0.37 0 0 0 1 1 38 
27 148 1 8 148 2.08592 0.37 0 0 0 2 2 42 
28 148 1 8 148 2.08592 0.37 0 0 0 2 2 43 
29 148 1 8 148 2.08592 0.37 0 0 0 2 2 44 
30 150 1 8 150 2.51612 0.375 0 0 0 3 3 46 
31 150 1 8 150 2.51612 0.375 0 0 0 4 4 47 
32 150 1 8 150 2.51612 0.375 0 0 0 5 5 48 
33 150 1 8 150 2.51612 0.375 0 0 0 6 6 49 
34 150 1 8 150 2.51612 0.375 0 0 0 7 7 50 
35 150 1 8 150 2.51612 0.375 0 0 0 8 8 51 
36 150 1 8 150 2.51612 0.375 0 0 0 9 9 52 
37 150 1 8 150 2.51612 0.375 0 0 0 10 10 53 
38 150 1 8 150 2.51612 0.375 0 0 0 11 11 54 
39 150 1 8 150 2.51612 0.375 0 0 0 12 12 55 
40 150 1 8 150 2.51612 0.375 0 0 0 14 14 56 
41 150 1 8 150 2.51612 0.375 0 0 0 15 15 57 
42 150 1 8 150 2.51612 0.375 0 0 0 16 16 58 
43 151 1 8 151 3.0701 0.3775 0 0 0 17 17 60 
44 152 1 8 152 3.12806 0.38 0 0 0 18 18 62 
45 152 1 8 152 3.12806 0.38 0 0 0 19 19 63 
46 152 1 8 152 3.12806 0.38 0 0 0 20 20 64 
47 152 1 8 152 3.12806 0.38 0 0 0 22 22 65 
48 152 1 8 152 3.12806 0.38 0 0 0 23 23 66 
49 152 1 8 152 3.12806 0.38 0 0 0 24 24 67 
50 152 1 8 152 3.12806 0.38 0 0 0 25 25 68 
51 152 1 8 152 3.12806 0.38 0 0 0 26 26 69 
52 152 1 8 152 3.12806 0.38 0 0 0 27 27 70 
53 152 1 8 152 3.12806 0.38 0 0 0 28 28 71 
54 152 1 8 152 3.12806 0.38 0 0 0 29 29 72 
55 159 1 8 159 3.53263 0.3975 0 0 0 31 31 74 
56 159 1 8 159 3.53263 0.3975 0 0 0 32 32 75 
57 165 1 8 165 3.88679 0.4125 0 0 0 34 34 78 
58 165 1 8 165 3.88679 0.4125 0 0 0 36 36 79 
59 165 1 8 165 3.88679 0.4125 0 0 0 38 38 80 
60 165 1 8 165 3.88679 0.4125 0 0 0 40 40 81 
61 165 1 8 165 3.88679 0.4125 0 0 0 42 42 82 
62 166 1 8 166 4.53395 0.415 0 0 0 44 44 85 
63 166 1 8 166 4.53395 0.415 0 0 0 46 46 86 
64 166 1 8 166 4.53395 0.415 0 0 0 48 48 87 
65 166 1 8 166 4.53395 0.415 0 0 0 50 50 88 
66 166 1 8 166 4.53395 0.415 0 0 0 52 52 89 
67 166 1 8 166 4.53395 0.415 0 0 0 54 54 90 
68 166 1 8 166 4.53395 0.415 0 0 0 56 56 91 
69 166 1 8 166 4.53395 0.415 0 0 0 58 58 92 
70 166 1 8 166 4.53395 0.415 0 0 0 60 60 95 
71 166 1 8 166 4.53395 0.415 0 0 0 62 62 96 
72 166 1 8 166 4.53395 0.415 0 0 0 64 64 97 
73 166 1 8 166 4.53395 0.415 0 0 0 66 66 98 
74 166 1 8 166 4.53395 0.415 0 0 0 69 69 99 
75 166 1 8 166 4.53395 0.415 0 0 0 72 72 100 
76 166 1 8 166 4.53395 0.415 0 0 0 75 75 101 
77 166 1 8 166 4.53395 0.415 0 0 0 77 77 102 
78 166 1 8 166 4.53395 0.415 0 0 0 79 79 103 
79 166 1 8 166 4.53395 0.415 0 0 0 81 81 104 
80 166 1 8 166 4.53395 0.415 0 0 0 83 83 105 
81 166 1 8 166 4.53395 0.415 0 0 0 85 85 106 
82 166 1 8 166 4.53395 0.415 0 0 0 87 87 107 
83 166 1 8 166 4.53395 0.415 0 0 0 89 89 108 
84 166 1 8 166 4.53395 0.415 0 0 0 91 91 109 
85 166 1 8 166 4.53395 0.415 0 0 0 93 93 110 
86 166 1 8 166 4.53395 0.415 0 0 0 96 96 111 
87 166 1 8 166 4.53395 0.415 0 0 0 98 98 112 
88 166 1 8 166 4.53395 0.415 0 0 0 100 100 115 
89 166 1 8 166 4.53395 0.415 0 0 0 103 103 116 
90 166 1 8 166 4.53395 0.415 0 0 0 105 105 117 
91 166 1 8 166 4.53395 0.415 0 0 0 107 107 118 
92 166 1 8 166 4.53395 0.415 0 0 0 109 109 119 
93 166 1 8 166 4.53395 0.415 0 0 0 112 112 120 
94 166 1 8 166 4.53395 0.415 0 0 0 114 114 121 
95 178 1 8 178 5.95551 0.445 0 0 0 117 117 125 
96 181 1 8 181 6.91491 0.4525 0 0 0 120 120 128 
97 182 1 8 182 6.95297 0.455 0 0 0 124 124 130 
98 182 1 8 182 6.95297 0.455 0 0 0 128 128 131 
99 182 1 8 182 6.95297 0.455 0 0 0 132 132 132 
100 187 1 8 187 7.50161 0.4675 0 0 0 135 135 135 
101 187 1 8 187 7.50161 0.4675 0 0 0 139 139 136 
102 187 1 8 187 7.50161 0.4675 0 0 0 143 143 137 
103 187 1 8 187 7.50161 0.4675 0 0 0 147 147 138 
104 187 1 8 187 7.50161 0.4675 0 0 0 151 151 139 
105 187 1 8 187 7.50161 0.4675 0 0 0 155 155 140 
106 187 1 8 187 7.50161 0.4675 0 0 0 160 160 141 
107 187 1 8 187 7.50161 0.4675 0 0 0 164 164 142 
108 187 1 8 187 7.50161 0.4675 0 0 0 168 168 143 
109 187 1 8 187 7.50161 0.4675 0 0 0 174 174 144 
110 187 1 8 187 7.50161 0.4675 0 0 0 178 178 145 
111 187 1 8 187 7.50161 0.4675 0 0 0 182 182 146 
112 187 1 8 187 7.50161 0.4675 0 0 0 186 186 147 
113 187 1 8 187 7.50161 0.4675 0 0 0 190 190 148 
114 187 1 8 187 7.50161 0.4675 0 0 0 194 194 149 
115 187 1 8 187 7.50161 0.4675 0 0 0 199 199 150 
116 187 1 8 187 7.50161 0.4675 0 0 0 203 203 151 
117 187 1 8 187 7.50161 0.4675 0 0 0 207 207 152 
118 187 1 8 187 7.50161 0.4675 0 0 0 213 213 153 
119 187 1 8 187 7.50161 0.4675 0 0 0 217 217 154 
120 193 1 8 193 7.82983 0.4825 0 0 0 221 221 160 
121 193 1 8 193 7.82983 0.4825 0 0 0 225 225 161 
122 193 1 8 193 7.82983 0.4825 0 0 0 229 229 162 
123 196 1 8 196 10.0199 0.49 0 0 0 235 235 166 
124 196 1 8 196 10.0199 0.49 0 0 0 242 242 167 
125 196 1 8 196 10.0199 0.49 0 0 0 248 248 168 
126 196 1 8 196 10.0199 0.49 0 0 0 256 256 169 
127 196 1 8 196 10.0199 0.49 0 0 0 266 266 175 
128 211 1 8 211 11.6161 0.5275 0 0 0 276 276 182 
129 211 1 8 211 11.6161 0.5275 0 0 0 286 286 183 
130 211 1 8 211 11.6161 0.5275 0 0 0 296 296 184 
131 211 1 8 211 11.6161 0.5275 0 0 0 306 306 185 
132 211 1 8 211 11.6161 0.5275 0 0 0 316 316 186 
133 211 1 8 211 11.6161 0.5275 0 0 0 327 327 187 
134 211 1 8 211 11.6161 0.5275 0 0 0 337 337 188 
135 211 1 8 211 11.6161 0.5275 0 0 0 347 347 189 
136 211 1 8 211 11.6161 0.5275 0 0 0 357 357 190 
137 211 1 8 211 11.6161 0.5275 0 0 0 368 368 191 
138 211 1 8 211 11.6161 0.5275 0 0 0 378 378 192 
139 211 1 8 211 11.6161 0.5275 0 0 0 388 388 193 
140 211 1 8 211 11.6161 0.5275 0 0 0 399 399 194 
141 211 1 8 211 11.6161 0.5275 0 0 0 410 410 195 
142 213 1 8 213 11.952 0.5325 0 0 0 417 417 202 
143 213 1 8 213 11.952 0.5325 0 0 0 425 425 203 
144 231 1 8 231 13.8042 0.5775 0 0 0 433 433 210 
145 232 1 8 232 13.7522 0.58 0 0 0 441 441 215 
146 232 1 8 232 13.7522 0.58 0 0 0 448 448 216 
147 232 1 8 232 13.7522 0.58 0 0 0 456 456 218 
148 232 1 8 232 13.7522 0.58 0 0 0 465 465 219 
149 232 1 8 232 13.7522 0.58 0 0 0 473 473 220 
150 232 1 8 232 13.7522 0.58 0 0 0 481 481 221 
151 232 1 8 232 13.7522 0.58 0 0 0 489 489 222 
152 232 1 8 232 13.7522 0.58 0 0 0 497 497 223 
153 232 1 8 232 13.7522 0.58 0 0 0 506 506 224 
154 233 1 8 233 14.6616 0.5825 0 0 0 518 518 229 
155 233 1 8 233 14.6616 0.5825 0 0 0 530 530 230 
156 233 1 8 233 14.6616 0.5825 0 0 0 545 545 231 
157 233 1 8 233 14.6616 0.5825 0 0 0 558 558 232 
158 233 1 8 233 14.6616 0.5825 0 0 0 570 570 233 
159 233 1 8 233 14.6616 0.5825 0 0 0 583 583 234 
160 233 1 8 233 14.6616 0.5825 0 0 0 597 597 235 
161 233 1 8 233 14.6616 0.5825 0 0 0 609 609 236 
162 233 1 8 233 14.6616 0.5825 0 0 0 623 623 237 
163 233 1 8 233 14.6616 0.5825 0 0 0 636 636 238 
164 233 1 8 233 14.6616 0.5825 0 0 0 649 649 239 
165 233 1 8 233 14.6616 0.5825 0 0 0 662 662 240 
166 233 1 8 233 14.6616 0.5825 0 0 0 675 675 241 
167 233 1 8 233 14.6616 0.5825 0 0 0 688 688 242 
168 233 1 8 233 14.6616 0.5825 0 0 0 701 701 243 
169 233 1 8 233 14.6616 0.5825 0 0 0 714 714 244 
170 233 1 8 233 14.6616 0.5825 0 0 0 727 727 245 
171 236 1 8 236 17.1797 0.59 0 0 0 777 777 252 
172 236 1 8 236 17.1797 0.59 0 0 0 824 824 253 
173 237 1 8 237 14.6815 0.5925 0 0 0 837 837 257 
174 237 1 8 237 14.6815 0.5925 0 0 0 850 850 258 
175 237 1 8 237 14.6815 0.5925 0 0 0 863 863 259 
176 237 1 8 237 14.6815 0.5925 0 0 0 876 876 260 
177 237 1 8 237 14.6815 0.5925 0 0 0 889 889 261 
178 237 1 8 237 14.6815 0.5925 0 0 0 903 903 262 
179 237 1 8 237 12.2081 0.5925 0 0 0 910 910 264 
180 243 1 8 243 16.0934 0.6075 0 0 0 920 920 273 
181 245 1 8 245 16.1513 0.6125 0 0 0 930 930 275 
182 245 1 8 245 16.1513 0.6125 0 0 0 941 941 276 
183 253 1 8 253 15.4799 0.6325 0 0 0 950 950 285 
184 253 1 8 253 15.4799 0.6325 0 0 0 958 958 286 
185 253 1 8 253 15.4799 0.6325 0 0 0 966 966 287 
186 253 1 8 253 15.4799 0.6325 0 0 0 975 975 288 
187 253 1 8 253 15.4799 0.6325 0 0 0 983 983 289 
188 253 1 8 253 15.4799 0.6325 0 0 0 991 991 290 
189 253 1 8 253 15.4799 0.6325 0 0 0 999 999 291 
190 253 1 8 253 15.4799 0.6325 0 0 0 1009 1009 292 
191 253 1 8 253 15.4799 0.6325 0 0 0 1017 1017 293 
192 253 1 8 253 15.4799 0.6325 0 0 0 1026 1026 294 
193 253 1 8 253 15.4799 0.6325 0 0 0 1035 1035 295 
194 253 1 8 253 15.4799 0.6325 0 0 0 1044 1044 296 
195 253 1 8 253 15.4799 0.6325 0 0 0 1053 1053 297 
196 259 1 8 259 15.6667 0.6475 0 0 0 1062 1062 299 
197 259 1 8 259 15.6667 0.6475 0 0 0 1072 1072 300 
198 259 1 8 259 15.6667 0.6475 0 0 0 1082 1082 301 
199 259 1 8 259 15.6667 0.6475 0 0 0 1091 1091 302 
200 259 1 8 259 15.6667 0.6475 0 0 0 1100 1100 303 
201 259 1 8 259 15.6667 0.6475 0 0 0 1110 1110 304 
202 259 1 8 259 15.6667 0.6475 0 0 0 1119 1119 305 
203 259 1 8 259 15.6667 0.6475 0 0 0 1129 1129 306 
204 259 1 8 259 15.6667 0.6475 0 0 0 1139 1139 307 
205 259 1 8 259 12.6273 0.6475 0 0 0 1154 1154 308 
206 260 1 8 260 16.0304 0.65 0 0 0 1180 1180 316 
207 260 1 8 260 16.0304 0.65 0 0 0 1205 1205 317 
208 260 1 8 260 16.0304 0.65 0 0 0 1230 1230 318 
209 260 1 8 260 16.0304 0.65 0 0 0 1255 1255 319 
210 266 1 8 266 16.0852 0.665 0 0 0 1281 1281 321 
211 266 1 8 266 16.0852 0.665 0 0 0 1305 1305 322 
212 266 1 8 266 16.0852 0.665 0 0 0 1328 1328 323 
213 266 1 8 266 16.0852 0.665 0 0 0 1352 1352 324 
214 266 1 8 266 16.0852 0.665 0 0 0 1376 1376 325 
215 266 1 8 266 16.0852 0.665 0 0 0 1400 1400 326 
216 266 1 8 266 16.0852 0.665 0 0 0 1425 1425 327 
217 266 1 8 266 16.0852 0.665 0 0 0 1449 1449 328 
218 266 1 8 266 16.0852 0.665 0 0 0 1474 1474 329 
219 266 1 8 266 16.0852 0.665 0 0 0 1499 1499 330 
220 266 1 8 266 16.0852 0.665 0 0 0 1526 1526 331 
221 266 1 8 266 16.0852 0.665 0 0 0 1553 1553 332 
222 266 1 8 266 16.0852 0.665 0 0 0 1579 1579 333 
223 266 1 8 266 16.0852 0.665 0 0 0 1605 1605 334 
224 266 1 8 266 16.0852 0.665 0 0 0 1632 1632 335 
225 266 1 8 266 16.0852 0.665 0 0 0 1658 1658 336 
226 266 1 8 266 16.0852 0.665 0 0 0 1685 1685 337 
227 266 1 8 266 16.0852 0.665 0 0 0 1713 1713 338 
228 266 1 8 266 16.0852 0.665 0 0 0 1740 1740 339 
229 266 1 8 266 16.0852 0.665 0 0 0 1769 1769 340 
230 277 1 8 277 16.1421 0.6925 0 0 0 1796 1796 342 
231 277 1 8 277 16.1421 0.6925 0 0 0 1824 1824 343 
232 277 1 8 277 16.1421 0.6925 0 0 0 1852 1852 344 
233 277 1 8 277 16.1421 0.6925 0 0 0 1879 1879 345 
234 277 1 8 277 16.1421 0.6925 0 0 0 1906 1906 346 
235 277 1 8 277 16.1421 0.6925 0 0 0 1933 1933 347 
236 277 1 8 277 16.1421 0.6925 0 0 0 1961 1961 348 
237 277 1 8 277 16.1421 0.6925 0 0 0 1989 1989 349 
238 277 1 8 277 16.1421 0.6925 0 0 0 2017 2017 350 
239 277 1 8 277 16.1421 0.6925 0 0 0 2047 2047 351 
240 277 1 8 277 16.1421 0.6925 0 0 0 2077 2077 352 
241 277 1 8 277 16.1421 0.6925 0 0 0 2106 2106 353 
242 277 1 8 277 16.1421 0.6925 0 0 0 2135 2135 354 
243 277 1 8 277 16.1421 0.6925 0 0 0 2165 2165 355 
244 277 1 8 277 16.1421 0.6925 0 0 0 2194 2194 356 
245 283 1 8 283 16.2043 0.7075 0 0 0 2224 2224 358 
246 283 1 8 283 16.2043 0.7075 0 0 0 2254 2254 359 
247 283 1 8 283 16.2043 0.7075 0 0 0 2286 2286 360 
248 283 1 8 283 16.2043 0.7075 0 0 0 2316 2316 361 
249 283 1 8 283 16.2043 0.7075 0 0 0 2347 2347 362 
250 283 1 8 283 16.2043 0.7075 0 0 0 2378 2378 363 
251 284 1 8 284 18.9038 0.71 0 0 0 2414 2414 371 
252 284 1 8 284 18.9038 0.71 0 0 0 2451 2451 372 
253 284 1 8 284 18.9038 0.71 0 0 0 2488 2488 376 
254 284 1 8 284 18.9038 0.71 0 0 0 2527 2527 377 
255 284 1 8 284 18.9038 0.71 0 0 0 2567 2567 378 
256 284 1 8 284 18.9038 0.71 0 0 0 2606 2606 379 
257 284 1 8 284 18.9038 0.71 0 0 0 2645 2645 380 
258 284 1 8 284 18.9038 0.71 0 0 0 2677 2677 381 
259 284 1 8 284 18.9038 0.71 0 0 0 2711 2711 382 
260 284 1 8 284 18.9038 0.71 0 0 0 2744 2744 383 
261 284 1 8 284 18.9038 0.71 0 0 0 2778 2778 384 
262 284 1 8 284 18.9038 0.71 0 0 0 2811 2811 395 
263 284 1 8 284 18.9038 0.71 0 0 0 2843 2843 396 
264 284 1 8 284 18.9038 0.71 0 0 0 2875 2875 397 
265 284 1 8 284 18.9038 0.71 0 0 0 2908 2908 398 
266 284 1 8 284 18.9038 0.71 0 0 0 2941 2941 399 
267 284 1 8 284 18.9038 0.71 0 0 0 2973 2973 400 
268 284 1 8 284 18.9038 0.71 0 0 0 3006 3006 401 
269 284 1 8 284 18.9038 0.71 0 0 0 3040 3040 402 
270 284 1 8 284 18.9038 0.71 0 0 0 3058 3058 413 
271 284 1 8 284 18.9038 0.71 0 0 0 3076 3076 414 
272 284 1 8 284 18.9038 0.71 0 0 0 3094 3094 417 
273 284 1 8 284 18.9038 0.71 0 0 0 3112 3112 420 
274 284 1 8 284 18.9038 0.71 0 0 0 3130 3130 421 
275 284 1 8 284 18.9038 0.71 0 0 0 3149 3149 422 
276 284 1 8 284 18.9038 0.71 0 0 0 3168 3168 423 
277 284 1 8 284 18.9038 0.71 0 0 0 3187 3187 424 
278 284 1 8 284 18.9038 0.71 0 0 0 3206 3206 427 
279 284 1 8 284 18.9038 0.71 0 0 0 3229 3229 428 
280 287 1 8 287 23.4459 0.7175 0 0 0 3259 3259 434 
281 295 1 8 295 20.2589 0.7375 0 0 0 3281 3281 441 
282 295 1 8 295 20.2233 0.7375 0 0 0 3301 3301 443 
283 295 1 8 295 20.2233 0.7375 0 0 0 3322 3322 447 
284 295 1 8 295 20.2233 0.7375 0 0 0 3344 3344 448 
285 295 1 8 295 20.2233 0.7375 0 0 0 3368 3368 449 
286 295 1 8 295 20.2233 0.7375 0 0 0 3389 3389 450 
287 295 1 8 295 20.2233 0.7375 0 0 0 3410 3410 451 
288 298 1 8 298 21.5287 0.745 0 0 0 3433 3433 457 
289 298 1 8 298 21.5287 0.745 0 0 0 3457 3457 458 
290 300 1 8 300 21.8872 0.75 0 0 0 3482 3482 464 
291 300 1 8 300 21.7165 0.75 0 0 0 3507 3507 466 
292 300 1 8 300 21.7165 0.75 0 0 0 3531 3531 467 
293 300 1 8 300 21.7165 0.75 0 0 0 3556 3556 468 
294 300 1 8 300 21.7165 0.75 0 0 0 3581 3581 469 
295 300 1 8 300 21.7165 0.75 0 0 0 3605 3605 472 
296 300 1 8 300 21.7165 0.75 0 0 0 3631 3631 474 
297 300 1 8 300 21.7165 0.75 0 0 0 3656 3656 475 
298 304 1 8 304 25.3797 0.76 0 0 0 3685 3685 479 
299 304 1 8 304 25.3537 0.76 0 0 0 3714 3714 480 
300 304 1 8 304 25.3537 0.76 0 0 0 3743 3743 489 
301 304 1 8 304 25.3537 0.76 0 0 0 3771 3771 492 
302 304 1 8 304 25.3537 0.76 0 0 0 3800 3800 495 
303 304 1 8 304 25.3537 0.76 0 0 0 3828 3828 500 
304 304 1 8 304 25.3537 0.76 0 0 0 3857 3857 501 
305 304 1 8 304 25.3537 0.76 0 0 0 3888 3888 502 
306 304 1 8 304 25.3537 0.76 0 0 0 3916 3916 504 
307 304 1 8 304 25.3537 0.76 0 0 0 3950 3950 505 
308 304 1 8 304 25.3537 0.76 0 0 0 3980 3980 506 
309 304 1 8 304 25.3537 0.76 0 0 0 4009 4009 507 
310 304 1 8 304 25.3537 0.76 0 0 0 4038 4038 508 
311 304 1 8 304 25.3537 0.76 0 0 0 4066 4066 509 
312 304 1 8 304 25.3537 0.76 0 0 0 4101 4101 515 
313 304 1 8 304 25.3102 0.76 0 0 0 4134 4134 519 
314 304 1 8 304 25.3102 0.76 0 0 0 4168 4168 521 
315 305 1 8 305 26.0586 0.7625 0 0 0 4211 4211 531 
316 305 1 8 305 26.0586 0.7625 0 0 0 4253 4253 532 
317 305 1 8 305 26.0586 0.7625 0 0 0 4282 4282 543 
318 305 1 8 305 26.0411 0.7625 0 0 0 4321 4321 551 
319 305 1 8 305 26.0411 0.7625 0 0 0 4363 4363 552 
320 305 1 8 305 26.0411 0.7625 0 0 0 4405 4405 553 
321 305 1 8 305 25.9061 0.7625 0 0 0 4448 4448 556 
322 305 1 8 305 25.9061 0.7625 0 0 0 4485 4485 558 
323 305 1 8 305 25.9061 0.7625 0 0 0 4523 4523 559 
324 305 1 8 305 25.9061 0.7625 0 0 0 4561 4561 560 
325 305 1 8 305 25.9061 0.7625 0 0 0 4598 4598 561 
326 305 1 8 305 25.9061 0.7625 0 0 0 4640 4640 564 
327 305 1 8 305 25.8551 0.7625 0 0 0 4678 4678 567 
328 305 1 8 305 25.8551 0.7625 0 0 0 4721 4721 568 
329 305 1 8 305 25.8551 0.7625 0 0 0 4759 4759 569 
330 305 1 8 305 25.8551 0.7625 0 0 0 4802 4802 570 
331 305 1 8 305 25.8551 0.7625 0 0 0 4845 4845 571 
332 305 1 8 305 25.8551 0.7625 0 0 0 4889 4889 574 
333 305 1 8 305 25.8551 0.7625 0 0 0 4930 4930 577 
334 305 1 8 305 25.8551 0.7625 0 0 0 4969 4969 578 
335 305 1 8 305 25.8551 0.7625 0 0 0 5007 5007 579 
336 305 1 8 305 25.8551 0.7625 0 0 0 5050 5050 587 
337 305 1 8 305 25.8551 0.7625 0 0 0 5087 5087 588 
338 305 1 8 305 25.8551 0.7625 0 0 0 5126 5126 589 
339 305 1 8 305 25.8551 0.7625 0 0 0 5164 5164 590 
340 305 1 8 305 25.8551 0.7625 0 0 0 5202 5202 591 
341 305 1 8 305 25.8551 0.7625 0 0 0 5240 5240 592 
342 305 1 8 305 25.7818 0.7625 0 0 0 5278 5278 596 
343 305 1 8 305 25.7818 0.7625 0 0 0 5307 5307 599 
344 305 1 8 305 25.7818 0.7625 0 0 0 5346 5346 600 
345 305 1 8 305 25.7818 0.7625 0 0 0 5391 5391 601 
346 305 1 8 305 25.7818 0.7625 0 0 0 5430 5430 602 
347 305 1 8 305 25.7818 0.7625 0 0 0 5468 5468 603 
348 306 1 8 306 26.287 0.765 0 0 0 5510 5510 606 
349 306 1 8 306 26.287 0.765 0 0 0 5555 5555 610 
350 306 1 8 306 26.287 0.765 0 0 0 5593 5593 611 
351 306 1 8 306 26.2398 0.765 0 0 0 5632 5632 613 
352 306 1 8 306 26.0866 0.765 0 0 0 5673 5673 614 
353 306 1 8 306 26.0866 0.765 0 0 0 5704 5704 620 
354 306 1 8 306 26.0866 0.765 0 0 0 5749 5749 628 
355 306 1 8 306 26.0866 0.765 0 0 0 5793 5793 629 
356 306 1 8 306 26.0866 0.765 0 0 0 5833 5833 630 
357 306 1 8 306 26.0866 0.765 0 0 0 5873 5873 631 
358 312 1 8 312 31.4719 0.78 0 0 0 6004 6004 639 
359 312 1 8 312 27.8273 0.78 0 0 0 6074 6074 651 
360 312 1 8 312 27.8273 0.78 0 0 0 6144 6144 654 
361 312 1 8 312 27.8273 0.78 0 0 0 6213 6213 655 
362 312 1 8 312 27.8273 0.78 0 0 0 6282 6282 656 
363 312 1 8 312 27.8273 0.78 0 0 0 6352 6352 657 
364 312 1 8 312 27.8273 0.78 0 0 0 6421 6421 658 
365 312 1 8 312 27.7653 0.78 0 0 0 6491 6491 661 
366 312 1 8 312 27.7653 0.78 0 0 0 6628 6628 676 
367 312 1 8 312 27.7653 0.78 0 0 0 6697 6697 677 
368 312 1 8 312 27.6244 0.78 0 0 0 6766 6766 680 
369 312 1 8 312 27.6244 0.78 0 0 0 6836 6836 681 
370 312 1 8 312 27.6244 0.78 0 0 0 6915 6915 687 
371 312 1 8 312 27.6244 0.78 0 0 0 6996 6996 688 
372 312 1 8 312 27.6244 0.78 0 0 0 7038 7038 697 
373 312 1 8 312 27.6244 0.78 0 0 0 7080 7080 698 
374 312 1 8 312 27.6244 0.78 0 0 0 7122 7122 699 
375 312 1 8 312 27.6244 0.78 0 0 0 7164 7164 700 
376 312 1 8 312 27.6244 0.78 0 0 0 7206 7206 701 
377 312 1 8 312 27.6244 0.78 0 0 0 7249 7249 702 
378 312 1 8 312 27.6244 0.78 0 0 0 7292 7292 703 
379 312 1 8 312 27.6244 0.78 0 0 0 7335 7335 706 
380 312 1 8 312 27.6244 0.78 0 0 0 7377 7377 707 
381 312 1 8 312 27.6244 0.78 0 0 0 7420 7420 708 
382 312 1 8 312 27.6244 0.78 0 0 0 7463 7463 710 
383 314 1 8 314 29.6944 0.785 0 0 0 7506 7506 720 
384 314 1 8 314 29.6944 0.785 0 0 0 7547 7547 723 
385 314 1 8 314 29.4199 0.785 0 0 0 7593 7593 726 
386 314 1 8 314 29.4199 0.785 0 0 0 7636 7636 727 
387 314 1 8 314 29.4199 0.785 0 0 0 7679 7679 728 
388 314 1 8 314 29.4199 0.785 0 0 0 7722 7722 729 
389 314 1 8 314 29.4199 0.785 0 0 0 7766 7766 730 
390 314 1 8 314 29.4199 0.785 0 0 0 7810 7810 731 
391 314 1 8 314 29.4199 0.785 0 0 0 7854 7854 732 
392 314 1 8 314 29.4199 0.785 0 0 0 7898 7898 733 
393 314 1 8 314 29.4199 0.785 0 0 0 7944 7944 734 
394 314 1 8 314 29.4199 0.785 0 0 0 7987 7987 735 
395 318 1 8 318 30.0057 0.795 0 0 0 8061 8061 742 
396 321 1 8 321 30.047 0.8025 0 0 0 8129 8129 747 
397 322 1 8 322 30.3025 0.805 0 0 0 8177 8177 751 
398 322 1 8 322 30.0014 0.805 0 0 0 8251 8251 761 
399 322 1 8 322 30.0014 0.805 0 0 0 8322 8322 762 
400 322 1 8 322 30.0014 0.805 0 0 0 8394 8394 763 
401 322 1 8 322 30.0014 0.805 0 0 0 8465 8465 764 
402 322 1 8 322 30.0014 0.805 0 0 0 8536 8536 765 
403 322 1 8 322 30.0014 0.805 0 0 0 8608 8608 766 
404 322 1 8 322 30.0014 0.805 0 0 0 8679 8679 767 
405 322 1 8 322 30.0014 0.805 0 0 0 8749 8749 768 
406 323 1 8 323 30.307 0.8075 0 0 0 8820 8820 774 
407 323 1 8 323 30.307 0.8075 0 0 0 8888 8888 775 
408 323 1 8 323 30.307 0.8075 0 0 0 8958 8958 776 
409 323 1 8 323 30.307 0.8075 0 0 0 9027 9027 777 
410 323 1 8 323 30.307 0.8075 0 0 0 9096 9096 778 
411 323 1 8 323 30.307 0.8075 0 0 0 9166 9166 779 
412 323 1 8 323 30.307 0.8075 0 0 0 9236 9236 780 
413 323 1 8 323 30.307 0.8075 0 0 0 9305 9305 781 
414 341 1 8 341 29.9762 0.8525 0 0 0 9365 9365 785 
415 341 1 8 341 29.9762 0.8525 0 0 0 9437 9437 790 
416 341 1 8 341 29.9762 0.8525 0 0 0 9507 9507 791 
417 341 1 8 341 29.9762 0.8525 0 0 0 9579 9579 792 
418 341 1 8 341 29.9762 0.8525 0 0 0 9639 9639 793 
419 341 1 8 341 29.9762 0.8525 0 0 0 9710 9710 794 
420 341 1 8 341 29.9762 0.8525 0 0 0 9780 9780 795 
421 341 1 8 341 29.9762 0.8525 0 0 0 9851 9851 796 
422 341 1 8 341 29.9762 0.8525 0 0 0 9922 9922 797 
423 341 1 8 341 29.9762 0.8525 0 0 0 9993 9993 798 
424 341 1 8 341 29.9762 0.8525 0 0 0 10064 10064 799 
425 342 1 8 342 29.5944 0.855 0 0 0 10127 10127 805 
426 342 1 8 342 29.5944 0.855 0 0 0 10203 10203 807 
427 342 1 8 342 29.5944 0.855 0 0 0 10278 10278 808 
428 342 1 8 342 29.5944 0.855 0 0 0 10354 10354 809 
429 342 1 8 342 29.5944 0.855 0 0 0 10433 10433 810 
430 342 1 8 342 29.5944 0.855 0 0 0 10510 10510 811 
431 342 1 8 342 29.5944 0.855 0 0 0 10588 10588 812 
432 353 1 8 353 30.4152 0.8825 0 0 0 10666 10666 816 
433 355 1 8 355 34.5704 0.8875 0 0 0 10765 10765 830 
434 355 1 8 355 34.5704 0.8875 0 0 0 10861 10861 832 
435 355 1 8 355 34.5095 0.8875 0 0 0 10955 10955 836 
436 356 1 8 356 35.2469 0.89 0 0 0 11055 11055 840 
437 356 1 8 356 34.936 0.89 0 0 0 11152 11152 842 
438 356 1 8 356 34.936 0.89 0 0 0 11252 11252 843 
439 356 1 8 356 34.936 0.89 0 0 0 11348 11348 844 
440 356 1 8 356 34.936 0.89 0 0 0 11446 11446 845 
441 356 1 8 356 34.936 0.89 0 0 0 11544 11544 846 
442 356 1 8 356 34.936 0.89 0 0 0 11641 11641 847 
443 356 1 8 356 34.6308 0.89 0 0 0 11739 11739 849 
444 356 1 8 356 34.6308 0.89 0 0 0 11837 11837 853 
445 357 1 8 357 35.5382 0.8925 0 0 0 11955 11955 871 
446 358 1 8 358 35.6945 0.895 0 0 0 12074 12074 880 
447 358 1 8 358 35.1304 0.895 0 0 0 12208 12208 888 
448 358 1 8 358 35.1304 0.895 0 0 0 12340 12340 892 
449 358 1 8 358 35.1304 0.895 0 0 0 12484 12484 900 
450 358 1 8 358 35.1304 0.895 0 0 0 12626 12626 901 
451 358 1 8 358 35.1304 0.895 0 0 0 12768 12768 902 
452 358 1 8 358 35.1304 0.895 0 0 0 12912 12912 903 
453 358 1 8 358 35.1304 0.895 0 0 0 13057 13057 911 
454 358 1 8 358 35.1304 0.895 0 0 0 13213 13213 927 
455 358 1 8 358 35.1304 0.895 0 0 0 13369 13369 928 
456 358 1 8 358 35.1304 0.895 0 0 0 13526 13526 934 
457 358 1 8 358 35.1304 0.895 0 0 0 13717 13717 944 
458 358 1 8 358 34.5634 0.895 0 0 0 13808 13808 954 
459 358 1 8 358 34.5634 0.895 0 0 0 13924 13924 979 
460 358 1 8 358 34.5634 0.895 0 0 0 14083 14083 983 
461 358 1 8 358 34.5634 0.895 0 0 0 14365 14365 995 
462 358 1 8 358 34.5634 0.895 0 0 0 14648 14648 998 
463 358 1 8 358 34.5634 0.895 0 0 0 14921 14921 1014 
464 358 1 8 358 34.5634 0.895 0 0 0 15143 15143 1027 
465 358 1 8 358 34.5634 0.895 0 0 0 15303 15303 1028 
466 358 1 8 358 34.5634 0.895 0 0 0 15584 15584 1031 
467 358 1 8 358 34.5634 0.895 0 0 0 15743 15743 1035 
468 358 1 8 358 34.5634 0.895 0 0 0 15963 15963 1046 
469 358 1 8 358 34.5634 0.895 0 0 0 16169 16169 1053 
470 358 1 8 358 34.5634 0.895 0 0 0 16382 16382 1061 
471 358 1 8 358 34.5634 0.895 0 0 0 16635 16635 1078 
472 358 1 8 358 34.5634 0.895 0 0 0 16858 16858 1083 
473 358 1 8 358 34.5634 0.895 0 0 0 17147 17147 1084 
474 358 1 8 358 34.5634 0.895 0 0 0 17438 17438 1092 
475 358 1 8 358 34.5634 0.895 0 0 0 17598 17598 1097 
476 359 1 8 359 33.7596 0.8975 0 0 0 17847 17847 1107 
477 359 1 8 359 32.9622 0.8975 0 0 0 18021 18021 1119 
478 359 1 8 359 32.9622 0.8975 0 0 0 18236 18236 1126 
479 359 1 8 359 32.9622 0.8975 0 0 0 18403 18403 1136 
480 359 1 8 359 32.9622 0.8975 0 0 0 18651 18651 1146 
481 359 1 8 359 32.9622 0.8975 0 0 0 18907 18907 1157 
482 359 1 8 359 32.5495 0.8975 0 0 0 19100 19100 1162 
483 359 1 8 359 32.5495 0.8975 0 0 0 19324 19324 1169 
484 359 1 8 359 32.5495 0.8975 0 0 0 19560 19560 1192 
485 362 1 8 362 40.0378 0.905 0 0 0 19888 19888 1204 
486 362 1 8 362 40.0378 0.905 0 0 0 20243 20243 1219 
487 362 1 8 362 40.0378 0.905 0 0 0 20513 20513 1227 
488 362 1 8 362 36.2215 0.905 0 0 0 20790 20790 1240 
489 365 1 8 365 33.6533 0.9125 0 0 0 21043 21043 1245 
490 365 1 8 365 33.6533 0.9125 0 0 0 21257 21257 1261 
491 365 1 8 365 33.6533 0.9125 0 0 0 21487 21487 1271 
492 365 1 8 365 32.931 0.9125 0 0 0 21703 21703 1277 
493 365 1 8 365 32.7202 0.9125 0 0 0 21903 21903 1283 
494 365 1 8 365 32.7202 0.9125 0 0 0 22070 22070 1305 
495 365 1 8 365 32.7202 0.9125 0 0 0 22308 22308 1308 
496 365 1 8 365 32.7202 0.9125 0 0 0 22540 22540 1314 
497 365 1 8 365 32.7202 0.9125 0 0 0 22881 22881 1325 
498 365 1 8 365 32.7202 0.9125 0 0 0 23114 23114 1327 
499 365 1 8 365 32.7202 0.9125 0 0 0 23348 23348 1329 
500 366 1 8 366 46.5647 0.915 0 0 0 23708 23708 1338 
501 366 1 8 366 43.7829 0.915 0 0 0 23950 23950 1351 
502 366 1 8 366 33.733 0.915 0 0 0 24195 24195 1356 
503 366 1 8 366 32.856 0.915 0 0 0 24504 24504 1361 
504 366 1 8 366 32.856 0.915 0 0 0 24783 24783 1365 
505 366 1 8 366 32.856 0.915 0 0 0 25133 25133 1368 
506 366 1 8 366 32.856 0.915 0 0 0 25415 25415 1378 
507 367 1 8 367 40.9172 0.9175 0 0 0 25609 25609 1389 
508 367 1 8 367 33.2017 0.9175 0 0 0 25862 25862 1395 
509 367 1 8 367 33.2017 0.9175 0 0 0 26227 26227 1402 
510 367 1 8 367 32.9994 0.9175 0 0 0 26478 26478 1405 
511 367 1 8 367 32.9994 0.9175 0 0 0 26847 26847 1409 
512 367 1 8 367 32.9994 0.9175 0 0 0 27277 27277 1413 
513 367 1 8 367 32.9994 0.9175 0 0 0 27557 27557 1414 
514 367 1 8 367 32.9994 0.9175 0 0 0 27975 27975 1418 
515 367 1 8 367 32.9994 0.9175 0 0 0 28283 28283 1421 
516 367 1 8 367 32.9994 0.9175 0 0 0 28588 28588 1424 
517 367 1 8 367 32.9994 0.9175 0 0 0 28882 28882 1430 
518 367 1 8 367 32.9994 0.9175 0 0 0 29250 29250 1433 
519 368 1 8 368 33.049 0.92 0 0 0 29610 29610 1441 
520 368 1 8 368 33.049 0.92 0 0 0 29904 29904 1443 
521 368 1 8 368 33.049 0.92 0 0 0 30177 30177 1444 
522 368 1 8 368 33.049 0.92 0 0 0 30608 30608 1448 
523 368 1 8 368 33.049 0.92 0 0 0 30890 30890 1455 
524 368 1 8 368 33.049 0.92 0 0 0 31157 31157 1461 
525 368 1 8 368 33.049 0.92 0 0 0 31433 31433 1468 
526 368 1 8 368 33.049 0.92 0 0 0 31706 31706 1469 
527 368 1 8 368 33.049 0.92 0 0 0 32080 32080 1473 
528 368 1 8 368 33.049 0.92 0 0 0 32363 32363 1480 
529 369 1 8 369 33.308 0.9225 0 0 0 32678 32678 1487 
530 369 1 8 369 33.308 0.9225 0 0 0 33030 33030 1494 
531 370 1 8 370 43.6637 0.925 0 0 0 33417 33417 1511 
532 370 1 8 370 39.6158 0.925 0 0 0 33824 33824 1523 
533 370 1 8 370 39.6158 0.925 0 0 0 34179 34179 1538 
534 370 1 8 370 39.6158 0.925 0 0 0 34578 34578 1544 
535 370 1 8 370 39.6158 0.925 0 0 0 34974 34974 1554 
536 370 1 8 370 39.6158 0.925 0 0 0 35378 35378 1565 
537 370 1 8 370 39.6158 0.925 0 0 0 36014 36014 1578 
538 370 1 8 370 39.6158 0.925 0 0 0 36710 36710 1594 
539 370 1 8 370 39.6158 0.925 0 0 0 37458 37458 1612 
540 370 1 8 370 39.6158 0.925 0 0 0 37852 37852 1626 
541 370 1 8 370 39.6158 0.925 0 0 0 38518 38518 1647 
542 370 1 8 370 39.6158 0.925 0 0 0 39039 39039 1670 
543 370 1 8 370 39.6158 0.925 0 0 0 39382 39382 1689 
544 370 1 8 370 39.6158 0.925 0 0 0 39670 39670 1701 
545 370 1 8 370 39.6158 0.925 0 0 0 40191 40191 1729 
546 370 1 8 370 39.6158 0.925 0 0 0 40509 40509 1740 
547 370 1 8 370 39.6158 0.925 0 0 0 40832 40832 1753 
548 371 1 8 371 48.2364 0.9275 0 0 0 41451 41451 1770 
549 371 1 8 371 48.2364 0.9275 0 0 0 41932 41932 1780 
550 371 1 8 371 48.2364 0.9275 0 0 0 42219 42219 1795 
551 371 1 8 371 48.02 0.9275 0 0 0 42644 42644 1801 
552 371 1 8 371 48.02 0.9275 0 0 0 43057 43057 1805 
553 371 1 8 371 48.02 0.9275 0 0 0 43517 43517 1810 
554 371 1 8 371 48.02 0.9275 0 0 0 44108 44108 1825 
555 371 1 8 371 48.02 0.9275 0 0 0 44565 44565 1827 
556 371 1 8 371 48.02 0.9275 0 0 0 45163 45163 1831 
557 371 1 8 371 48.02 0.9275 0 0 0 45727 45727 1836 
558 371 1 8 371 48.02 0.9275 0 0 0 46177 46177 1839 
559 371 1 8 371 48.02 0.9275 0 0 0 46614 46614 1843 
560 371 1 8 371 47.8907 0.9275 0 0 0 47045 47045 1852 
561 371 1 8 371 45.597 0.9275 0 0 0 47432 47432 1866 
562 371 1 8 371 45.597 0.9275 0 0 0 47822 47822 1868 
563 371 1 8 371 44.0886 0.9275 0 0 0 48118 48118 1887 
564 371 1 8 371 44.0886 0.9275 0 0 0 48382 48382 1907 
565 371 1 8 371 44.0886 0.9275 0 0 0 48661 48661 1915 
566 371 1 8 371 43.3847 0.9275 0 0 0 49172 49172 1919 
567 371 1 8 371 43.3847 0.9275 0 0 0 49407 49407 1929 
568 371 1 8 371 43.3847 0.9275 0 0 0 49748 49748 1935 
569 371 1 8 371 43.3847 0.9275 0 0 0 50005 50005 1944 
570 371 1 8 371 43.3847 0.9275 0 0 0 50314 50314 1961 
571 371 1 8 371 43.2904 0.9275 0 0 0 50649 50649 1964 
572 371 1 8 371 43.2904 0.9275 0 0 0 50918 50918 1967 
573 371 1 8 371 43.2904 0.9275 0 0 0 51424 51424 1975 
574 371 1 8 371 43.2904 0.9275 0 0 0 51717 51717 1982 
575 371 1 8 371 43.2904 0.9275 0 0 0 51986 51986 1988 
576 371 1 8 371 43.2904 0.9275 0 0 0 52277 52277 1995 
577 372 1 8 372 55.0751 0.93 0 0 0 52674 52674 2015 
578 372 1 8 372 44.8047 0.93 0 0 0 52941 52941 2027 
579 372 1 8 372 44.8047 0.93 0 0 0 53392 53392 2043 
580 372 1 8 372 44.4155 0.93 0 0 0 53774 53774 2047 
581 372 1 8 372 44.4155 0.93 0 0 0 54176 54176 2052 
582 372 1 8 372 44.4155 0.93 0 0 0 54532 54532 2064 
583 372 1 8 372 44.4155 0.93 0 0 0 54998 54998 2074 
584 372 1 8 372 44.2791 0.93 0 0 0 55511 55511 2076 
585 372 1 8 372 44.2791 0.93 0 0 0 55895 55895 2086 
586 372 1 8 372 41.8874 0.93 0 0 0 56310 56310 2096 
587 372 1 8 372 41.1185 0.93 0 0 0 56725 56725 2104 
588 372 1 8 372 41.1185 0.93 0 0 0 57132 57132 2113 
589 372 1 8 372 41.1185 0.93 0 0 0 57526 57526 2121 
590 372 1 8 372 41.1185 0.93 0 0 0 58014 58014 2124 
591 372 1 8 372 41.1185 0.93 0 0 0 58501 58501 2127 
592 372 1 8 372 41.1185 0.93 0 0 0 58838 58838 2139 
593 372 1 8 372 41.1185 0.93 0 0 0 59415 59415 2140 
594 372 1 8 372 41.1185 0.93 0 0 0 59980 59980 2153 
595 372 1 8 372 41.1185 0.93 0 0 0 60375 60375 2155 
596 372 1 8 372 41.1185 0.93 0 0 0 60819 60819 2161 
597 372 1 8 372 41.1185 0.93 0 0 0 61213 61213 2169 
598 372 1 8 372 41.1185 0.93 0 0 0 61602 61602 2173 
599 372 1 8 372 41.1185 0.93 0 0 0 61961 61961 2180 
600 372 1 8 372 41.1185 0.93 0 0 0 62459 62459 2182 
601 372 1 8 372 41.1185 0.93 0 0 0 63101 63101 2194 
602 372 1 8 372 41.1185 0.93 0 0 0 63578 63578 2195 
603 372 1 8 372 41.1185 0.93 0 0 0 64047 64047 2199 
604 372 1 8 372 41.1185 0.93 0 0 0 64552 64552 2208 
605 372 1 8 372 41.1185 0.93 0 0 0 65059 65059 2215 
606 372 1 8 372 41.1185 0.93 0 0 0 65719 65719 2218 
607 372 1 8 372 41.1185 0.93 0 0 0 66073 66073 2225 
608 372 1 8 372 40.9394 0.93 0 0 0 66600 66600 2228 
609 372 1 8 372 40.9394 0.93 0 0 0 67113 67113 2232 
610 372 1 8 372 40.9394 0.93 0 0 0 67482 67482 2239 
611 372 1 8 372 40.9394 0.93 0 0 0 67984 67984 2242 
612 372 1 8 372 40.9394 0.93 0 0 0 68349 68349 2245 
613 372 1 8 372 40.9394 0.93 0 0 0 68765 68765 2246 
614 372 1 8 372 40.9394 0.93 0 0 0 69509 69509 2260 
615 372 1 8 372 40.9394 0.93 0 0 0 69712 69712 2271 
616 372 1 8 372 40.9394 0.93 0 0 0 70240 70240 2284 
617 372 1 8 372 40.9394 0.93 0 0 0 70990 70990 2290 
618 372 1 8 372 40.9394 0.93 0 0 0 71671 71671 2298 
619 372 1 8 372 40.9394 0.93 0 0 0 72330 72330 2300 
620 372 1 8 372 40.9394 0.93 0 0 0 72817 72817 2316 
621 372 1 8 372 39.6938 0.93 0 0 0 73711 73711 2321 
622 372 1 8 372 39.6938 0.93 0 0 0 74202 74202 2329 
623 372 1 8 372 39.6938 0.93 0 0 0 74704 74704 2338 
624 372 1 8 372 39.6938 0.93 0 0 0 75188 75188 2344 
625 373 1 8 373 48.311 0.9325 0 0 0 76261 76261 2354 
626 373 1 8 373 48.311 0.9325 0 0 0 77082 77082 2363 
627 373 1 8 373 46.2839 0.9325 0 0 0 77507 77507 2365 
628 373 1 8 373 46.2839 0.9325 0 0 0 78074 78074 2375 
629 376 1 8 376 51.3368 0.94 0 0 0 78973 78973 2381 
630 376 1 8 376 51.3368 0.94 0 0 0 79876 79876 2388 
631 376 1 8 376 50.9996 0.94 0 0 0 80764 80764 2390 
632 376 1 8 376 46.4495 0.94 0 0 0 81473 81473 2399 
633 376 1 8 376 46.4495 0.94 0 0 0 82365 82365 2403 
634 379 1 8 379 51.1506 0.9475 0 0 0 83073 83073 2410 
635 379 1 8 379 50.9072 0.9475 0 0 0 83791 83791 2415 
636 379 1 8 379 46.0935 0.9475 0 0 0 84347 84347 2419 
637 379 1 8 379 46.0935 0.9475 0 0 0 85151 85151 2434 
638 379 1 8 379 44.3936 0.9475 0 0 0 86140 86140 2439 
639 379 1 8 379 44.3936 0.9475 0 0 0 87045 87045 2444 
640 379 1 8 379 44.3936 0.9475 0 0 0 88141 88141 2453 
641 379 1 8 379 44.3936 0.9475 0 0 0 88817 88817 2464 
642 382 1 8 382 49.4386 0.955 0 0 0 89841 89841 2472 
643 385 1 8 385 54.5312 0.9625 0 0 0 90722 90722 2483 
644 385 1 8 385 54.5312 0.9625 0 0 0 91675 91675 2498 
645 388 1 8 388 53.9567 0.97 0 0 0 92649 92649 2503 
646 388 1 8 388 50.9436 0.97 0 0 0 93789 93789 2516 
647 388 1 8 388 50.9436 0.97 0 0 0 94261 94261 2528 
648 388 1 8 388 50.9436 0.97 0 0 0 94853 94853 2540 
649 388 1 8 388 46.7571 0.97 0 0 0 95337 95337 2545 
650 388 1 8 388 46.7571 0.97 0 0 0 95912 95912 2548 
651 388 1 8 388 46.7571 0.97 0 0 0 97088 97088 2559 
652 388 1 8 388 46.7571 0.97 0 0 0 97771 97771 2564 
653 388 1 8 388 46.7571 0.97 0 0 0 98414 98414 2575 
654 388 1 8 388 46.7571 0.97 0 0 0 98848 98848 2589 
655 388 1 8 388 46.7571 0.97 0 0 0 99821 99821 2605 
656 388 1 8 388 46.7571 0.97 0 0 0 100556 100556 2611 
657 388 1 8 388 46.5693 0.97 0 0 0 101051 101051 2612 
658 388 1 8 388 46.5693 0.97 0 0 0 101983 101983 2626 
659 388 1 8 388 46.5693 0.97 0 0 0 102664 102664 2639 
660 388 1 8 388 46.3453 0.97 0 0 0 103129 103129 2643 
661 388 1 8 388 41.3686 0.97 0 0 0 104392 104392 2648 
662 388 1 8 388 41.3686 0.97 0 0 0 105175 105175 2658 
663 388 1 8 388 41.3686 0.97 0 0 0 105952 105952 2664 
664 388 1 8 388 41.3686 0.97 0 0 0 106791 106791 2678 
665 388 1 8 388 41.3686 0.97 0 0 0 107381 107381 2679 
666 388 1 8 388 41.3686 0.97 0 0 0 108483 108483 2686 
667 388 1 8 388 41.3686 0.97 0 0 0 109025 109025 2690 
668 388 1 8 388 41.3686 0.97 0 0 0 109956 109956 2693 
669 388 1 8 388 41.3686 0.97 0 0 0 110644 110644 2703 
670 388 1 8 388 41.3686 0.97 0 0 0 111810 111810 2706 
671 388 1 8 388 41.3686 0.97 0 0 0 112551 112551 2718 
672 389 1 8 389 47.1025 0.9725 0 0 0 113061 113061 2722 
673 389 1 8 389 46.9389 0.9725 0 0 0 113548 113548 2728 
674 389 1 8 389 46.9389 0.9725 0 0 0 114069 114069 2745 
675 389 1 8 389 46.9389 0.9725 0 0 0 114883 114883 2750 
676 389 1 8 389 46.9389 0.9725 0 0 0 115760 115760 2753 
677 389 1 8 389 46.9389 0.9725 0 0 0 116749 116749 2763 
678 389 1 8 389 46.4709 0.9725 0 0 0 117237 117237 2764 
679 389 1 8 389 46.4709 0.9725 0 0 0 118285 118285 2770 
680 389 1 8 389 46.4709 0.9725 0 0 0 118801 118801 2773 
681 389 1 8 389 46.4709 0.9725 0 0 0 119355 119355 2774 
682 389 1 8 389 46.4709 0.9725 0 0 0 120098 120098 2778 
683 389 1 8 389 46.452 0.9725 0 0 0 120608 120608 2781 
684 389 1 8 389 46.452 0.9725 0 0 0 121373 121373 2787 
685 389 1 8 389 46.452 0.9725 0 0 0 121983 121983 2796 
686 389 1 8 389 46.452 0.9725 0 0 0 122955 122955 2805 
687 389 1 8 389 46.452 0.9725 0 0 0 124064 124064 2813 
688 389 1 8 389 46.452 0.9725 0 0 0 125084 125084 2817 
689 389 1 8 389 46.452 0.9725 0 0 0 125928 125928 2819 
690 389 1 8 389 46.452 0.9725 0 0 0 127027 127027 2826 
691 389 1 8 389 46.452 0.9725 0 0 0 127720 127720 2841 
692 389 1 8 389 46.452 0.9725 0 0 0 128453 128453 2845 
693 389 1 8 389 46.452 0.9725 0 0 0 128998 128998 2849 
694 389 1 8 389 46.452 0.9725 0 0 0 129653 129653 2856 
695 389 1 8 389 46.452 0.9725 0 0 0 130216 130216 2861 
696 389 1 8 389 46.452 0.9725 0 0 0 130626 130626 2868 
697 389 1 8 389 46.452 0.9725 0 0 0 131719 131719 2874 
698 389 1 8 389 46.452 0.9725 0 0 0 132513 132513 2878 
699 389 1 8 389 46.452 0.9725 0 0 0 133528 133528 2888 
700 389 1 8 389 46.452 0.9725 0 0 0 134629 134629 2890 
701 389 1 8 389 46.452 0.9725 0 0 0 135679 135679 2896 
702 389 1 8 389 46.452 0.9725 0 0 0 136519 136519 2910 
703 389 1 8 389 46.452 0.9725 0 0 0 137900 137900 2924 
704 389 1 8 389 46.452 0.9725 0 0 0 138599 138599 2937 
705 389 1 8 389 46.452 0.9725 0 0 0 139429 139429 2947 
706 389 1 8 389 46.452 0.9725 0 0 0 140291 140291 2958 
707 389 1 8 389 46.452 0.9725 0 0 0 140836 140836 2971 
708 389 1 8 389 46.452 0.9725 0 0 0 141206 141206 2981 
709 389 1 8 389 46.452 0.9725 0 0 0 141582 141582 2985 
710 389 1 8 389 46.452 0.9725 0 0 0 142162 142162 2993 
711 389 1 8 389 46.452 0.9725 0 0 0 142773 142773 3004 
712 389 1 8 389 46.452 0.9725 0 0 0 143148 143148 3007 
713 389 1 8 389 46.452 0.9725 0 0 0 143840 143840 3017 
714 389 1 8 389 46.452 0.9725 0 0 0 144739 144739 3023 
715 389 1 8 389 46.452 0.9725 0 0 0 145119 145119 3024 
716 389 1 8 389 46.452 0.9725 0 0 0 145663 145663 3029 
717 389 1 8 389 46.452 0.9725 0 0 0 146042 146042 3031 
718 389 1 8 389 46.452 0.9725 0 0 0 146609 146609 3033 
719 389 1 8 389 46.452 0.9725 0 0 0 146981 146981 3037 
720 389 1 8 389 46.452 0.9725 0 0 0 147356 147356 3038 
721 389 1 8 389 46.452 0.9725 0 0 0 147904 147904 3039 
722 389 1 8 389 46.452 0.9725 0 0 0 148215 148215 3051 
723 389 1 8 389 46.452 0.9725 0 0 0 148593 148593 3052 
724 389 1 8 389 46.452 0.9725 0 0 0 148968 148968 3053 
725 389 1 8 389 46.452 0.9725 0 0 0 149512 149512 3054 
726 389 1 8 389 46.452 0.9725 0 0 0 149895 149895 3055 
727 389 1 8 389 46.452 0.9725 0 0 0 150781 150781 3057 
728 389 1 8 389 46.452 0.9725 0 0 0 151733 151733 3061 
729 389 1 8 389 46.452 0.9725 0 0 0 152129 152129 3062 
730 389 1 8 389 46.452 0.9725 0 0 0 152690 152690 3067 
731 389 1 8 389 46.452 0.9725 0 0 0 153077 153077 3069 
732 389 1 8 389 46.452 0.9725 0 0 0 153458 153458 3071 
733 389 1 8 389 45.5951 0.9725 0 0 0 154366 154366 3079 
734 389 1 8 389 45.5951 0.9725 0 0 0 154908 154908 3089 
735 389 1 8 389 45.5951 0.9725 0 0 0 155354 155354 3104 
736 389 1 8 389 45.5951 0.9725 0 0 0 156525 156525 3113 
737 389 1 8 389 45.5951 0.9725 0 0 0 156847 156847 3115 
738 389 1 8 389 45.5951 0.9725 0 0 0 157926 157926 3134 
739 389 1 8 389 45.5951 0.9725 0 0 0 158265 158265 3139 
740 389 1 8 389 45.5951 0.9725 0 0 0 158928 158928 3143 
741 389 1 8 389 45.5951 0.9725 0 0 0 159317 159317 3145 
742 389 1 8 389 45.5951 0.9725 0 0 0 159727 159727 3146 
743 389 1 8 389 45.5951 0.9725 0 0 0 160367 160367 3159 
744 389 1 8 389 45.5951 0.9725 0 0 0 160810 160810 3162 
745 389 1 8 389 45.5951 0.9725 0 0 0 161190 161190 3163 
746 389 1 8 389 45.5951 0.9725 0 0 0 161644 161644 3166 
747 389 1 8 389 45.5951 0.9725 0 0 0 161875 161875 3176 
748 389 1 8 389 45.5951 0.9725 0 0 0 162137 162137 3184 
749 389 1 8 389 45.5951 0.9725 0 0 0 162595 162595 3185 
750 389 1 8 389 45.5951 0.9725 0 0 0 162981 162981 3186 
751 389 1 8 389 45.5951 0.9725 0 0 0 163391 163391 3189 
752 389 1 8 389 45.5951 0.9725 0 0 0 163690 163690 3195 
753 389 1 8 389 45.5951 0.9725 0 0 0 164072 164072 3196 
754 389 1 8 389 45.5951 0.9725 0 0 0 164710 164710 3211 
755 389 1 8 389 45.5951 0.9725 0 0 0 165246 165246 3230 
756 389 1 8 389 45.5951 0.9725 0 0 0 165633 165633 3232 
757 389 1 8 389 45.5951 0.9725 0 0 0 166046 166046 3235 
758 389 1 8 389 45.5951 0.9725 0 0 0 166739 166739 3245 
759 389 1 8 389 45.5951 0.9725 0 0 0 167147 167147 3247 
760 389 1 8 389 45.5951 0.9725 0 0 0 167554 167554 3248 
761 389 1 8 389 45.5951 0.9725 0 0 0 167960 167960 3249 
762 389 1 8 389 45.5951 0.9725 0 0 0 168372 168372 3254 
763 389 1 8 389 45.5951 0.9725 0 0 0 169087 169087 3259 
764 389 1 8 389 45.5951 0.9725 0 0 0 169439 169439 3263 
765 389 1 8 389 45.5951 0.9725 0 0 0 169845 169845 3264 
766 389 1 8 389 45.5951 0.9725 0 0 0 170250 170250 3266 
767 389 1 8 389 45.5951 0.9725 0 0 0 170658 170658 3267 
768 389 1 8 389 45.5951 0.9725 0 0 0 171064 171064 3272 
769 389 1 8 389 45.5951 0.9725 0 0 0 171420 171420 3275 
770 389 1 8 389 45.5951 0.9725 0 0 0 171779 171779 3277 
771 389 1 8 389 45.5951 0.9725 0 0 0 172130 172130 3279 
772 389 1 8 389 45.5951 0.9725 0 0 0 172487 172487 3280 
773 389 1 8 389 45.5951 0.9725 0 0 0 172800 172800 3285 
774 389 1 8 389 45.5951 0.9725 0 0 0 173168 173168 3286 
775 389 1 8 389 45.5951 0.9725 0 0 0 173521 173521 3290 
776 389 1 8 389 45.5951 0.9725 0 0 0 174455 174455 3297 
777 389 1 8 389 45.5951 0.9725 0 0 0 174819 174819 3301 
778 389 1 8 389 45.5951 0.9725 0 0 0 175179 175179 3303 
779 389 1 8 389 45.5951 0.9725 0 0 0 175533 175533 3304 
780 389 1 8 389 45.5951 0.9725 0 0 0 175952 175952 3306 
781 389 1 8 389 45.5951 0.9725 0 0 0 176337 176337 3318 
782 389 1 8 389 45.5951 0.9725 0 0 0 176701 176701 3319 
783 389 1 8 389 45.5951 0.9725 0 0 0 177068 177068 3321 
784 389 1 8 389 45.5951 0.9725 0 0 0 177432 177432 3323 
785 389 1 8 389 45.5951 0.9725 0 0 0 177793 177793 3324 
786 389 1 8 389 45.5951 0.9725 0 0 0 178172 178172 3325 
787 389 1 8 389 45.5951 0.9725 0 0 0 178534 178534 3326 
788 389 1 8 389 45.5951 0.9725 0 0 0 178886 178886 3327 
789 389 1 8 389 45.5951 0.9725 0 0 0 180757 180757 3344 
790 389 1 8 389 45.5951 0.9725 0 0 0 180984 180984 3349 
791 389 1 8 389 45.5951 0.9725 0 0 0 181338 181338 3350 
792 389 1 8 389 45.5951 0.9725 0 0 0 182249 182249 3353 
793 389 1 8 389 45.5951 0.9725 0 0 0 182582 182582 3357 
794 389 1 8 389 45.5951 0.9725 0 0 0 182936 182936 3359 
795 389 1 8 389 45.5951 0.9725 0 0 0 184792 184792 3369 
796 389 1 8 389 45.5951 0.9725 0 0 0 185081 185081 3376 
797 389 1 8 389 45.5951 0.9725 0 0 0 185434 185434 3377 
798 389 1 8 389 45.5951 0.9725 0 0 0 185797 185797 3380 
799 389 1 8 389 45.5951 0.9725 0 0 0 186561 186561 3390 
800 389 1 8 389 45.5951 0.9725 0 0 0 186841 186841 3392 
801 389 1 8 389 45.5951 0.9725 0 0 0 187580 187580 3394 
802 389 1 8 389 45.5951 0.9725 0 0 0 187803 187803 3399 
803 389 1 8 389 45.5951 0.9725 0 0 0 188430 188430 3403 
804 389 1 8 389 45.5951 0.9725 0 0 0 189314 189314 3407 
805 389 1 8 389 45.5951 0.9725 0 0 0 190200 190200 3408 
806 389 1 8 389 45.5951 0.9725 0 0 0 191114 191114 3414 
807 389 1 8 389 45.5951 0.9725 0 0 0 192013 192013 3417 
808 389 1 8 389 45.5951 0.9725 0 0 0 193261 193261 3422 
809 389 1 8 389 45.5951 0.9725 0 0 0 193768 193768 3431 
810 389 1 8 389 45.5951 0.9725 0 0 0 194668 194668 3432 
811 389 1 8 389 45.5951 0.9725 0 0 0 195608 195608 3435 
812 389 1 8 389 45.5951 0.9725 0 0 0 196558 196558 3441 
813 389 1 8 389 45.5951 0.9725 0 0 0 197357 197357 3443 
814 389 1 8 389 45.5951 0.9725 0 0 0 198250 198250 3445 
815 389 1 8 389 45.5951 0.9725 0 0 0 199114 199114 3450 
816 389 1 8 389 45.5951 0.9725 0 0 0 199793 199793 3460 
817 389 1 8 389 45.5951 0.9725 0 0 0 200700 200700 3464 
818 389 1 8 389 45.5951 0.9725 0 0 0 201154 201154 3472 
819 389 1 8 389 45.5951 0.9725 0 0 0 201999 201999 3473 
820 389 1 8 389 45.5951 0.9725 0 0 0 202977 202977 3481 
821 389 1 8 389 45.5951 0.9725 0 0 0 203858 203858 3483 
822 389 1 8 389 45.5951 0.9725 0 0 0 205157 205157 3488 
823 392 1 8 392 48.9302 0.98 0 0 0 206055 206055 3491 
824 392 1 8 392 48.9302 0.98 0 0 0 207481 207481 3494 
825 392 1 8 392 48.9302 0.98 0 0 0 208331 208331 3496 
826 392 1 8 392 48.8406 0.98 0 0 0 209350 209350 3498 
827 392 1 8 392 48.8406 0.98 0 0 0 210192 210192 3512 
828 392 1 8 392 48.8406 0.98 0 0 0 210975 210975 3518 
829 392 1 8 392 48.8406 0.98 0 0 0 211961 211961 3521 
830 392 1 8 392 48.8406 0.98 0 0 0 212953 212953 3528 
831 392 1 8 392 48.8406 0.98 0 0 0 213840 213840 3530 
832 392 1 8 392 48.8406 0.98 0 0 0 215664 215664 3536 
833 392 1 8 392 47.1069 0.98 0 0 0 216822 216822 3542 
834 392 1 8 392 47.1069 0.98 0 0 0 217768 217768 3548 
835 392 1 8 392 47.1069 0.98 0 0 0 218753 218753 3549 
836 392 1 8 392 47.1069 0.98 0 0 0 220617 220617 3565 
837 392 1 8 392 47.1069 0.98 0 0 0 221660 221660 3567 
838 392 1 8 392 47.1069 0.98 0 0 0 221982 221982 3576 
839 392 1 8 392 45.7887 0.98 0 0 0 222957 222957 3581 
840 392 1 8 392 45.7887 0.98 0 0 0 223983 223983 3582 
841 392 1 8 392 45.7887 0.98 0 0 0 224880 224880 3586 
842 392 1 8 392 45.7887 0.98 0 0 0 225911 225911 3587 
843 392 1 8 392 45.7887 0.98 0 0 0 227019 227019 3607 
844 392 1 8 392 45.7887 0.98 0 0 0 227350 227350 3622 
845 392 1 8 392 45.7887 0.98 0 0 0 227786 227786 3629 
846 392 1 8 392 45.7887 0.98 0 0 0 228233 228233 3632 
847 392 1 8 392 45.7887 0.98 0 0 0 229183 229183 3633 
848 392 1 8 392 45.7887 0.98 0 0 0 230304 230304 3636 
849 392 1 8 392 45.7887 0.98 0 0 0 230998 230998 3639 
850 392 1 8 392 45.7887 0.98 0 0 0 231416 231416 3642 
851 392 1 8 392 45.7887 0.98 0 0 0 232406 232406 3645 
852 392 1 8 392 45.7887 0.98 0 0 0 233427 233427 3648 
853 392 1 8 392 45.7887 0.98 0 0 0 234411 234411 3652 
854 392 1 8 392 45.7887 0.98 0 0 0 235268 235268 3655 
855 392 1 8 392 45.7887 0.98 0 0 0 236038 236038 3665 
856 392 1 8 392 45.7887 0.98 0 0 0 236895 236895 3668 
857 392 1 8 392 45.7887 0.98 0 0 0 237934 237934 3672 
858 392 1 8 392 45.7887 0.98 0 0 0 238786 238786 3673 
859 392 1 8 392 45.7887 0.98 0 0 0 239640 239640 3674 
860 392 1 8 392 45.7887 0.98 0 0 0 240663 240663 3676 
861 394 1 8 394 49.4829 0.985 0 0 0 241989 241989 3683 
862 394 1 8 394 49.4198 0.985 0 0 0 243294 243294 3687 
863 394 1 8 394 49.4198 0.985 0 0 0 244603 244603 3691 
864 394 1 8 394 49.4198 0.985 0 0 0 245817 245817 3693 
865 394 1 8 394 49.4198 0.985 0 0 0 247188 247188 3696 
866 394 1 8 394 49.4198 0.985 0 0 0 248538 248538 3698 
867 394 1 8 394 49.4198 0.985 0 0 0 249877 249877 3702 
868 394 1 8 394 49.4198 0.985 0 0 0 250903 250903 3709 
869 394 1 8 394 49.4198 0.985 0 0 0 252155 252155 3712 
870 394 1 8 394 49.4198 0.985 0 0 0 253466 253466 3713 
871 394 1 8 394 49.1051 0.985 0 0 0 254579 254579 3718 
872 394 1 8 394 49.1051 0.985 0 0 0 255950 255950 3721 
873 394 1 8 394 49.1051 0.985 0 0 0 257356 257356 3725 
874 394 1 8 394 49.1051 0.985 0 0 0 258735 258735 3726 
875 394 1 8 394 49.1051 0.985 0 0 0 260079 260079 3727 
876 394 1 8 394 49.1051 0.985 0 0 0 261416 261416 3728 
877 394 1 8 394 49.1051 0.985 0 0 0 262785 262785 3729 
878 394 1 8 394 49.1051 0.985 0 0 0 263986 263986 3737 
879 394 1 8 394 49.1051 0.985 0 0 0 265128 265128 3745 
880 394 1 8 394 49.1051 0.985 0 0 0 265934 265934 3753 
881 394 1 8 394 46.5216 0.985 0 0 0 267315 267315 3756 
882 394 1 8 394 46.5216 0.985 0 0 0 268358 268358 3763 
883 394 1 8 394 46.5216 0.985 0 0 0 269399 269399 3764 
884 394 1 8 394 46.5216 0.985 0 0 0 270609 270609 3768 
885 394 1 8 394 46.5216 0.985 0 0 0 271659 271659 3776 
886 394 1 8 394 46.5216 0.985 0 0 0 272709 272709 3777 
887 394 1 8 394 46.5216 0.985 0 0 0 273370 273370 3792 
888 394 1 8 394 46.5216 0.985 0 0 0 274560 274560 3803 
889 394 1 8 394 46.5216 0.985 0 0 0 275669 275669 3806 
890 394 1 8 394 46.5216 0.985 0 0 0 276750 276750 3810 
891 394 1 8 394 46.5216 0.985 0 0 0 277741 277741 3812 
892 394 1 8 394 46.5216 0.985 0 0 0 278812 278812 3813 
893 394 1 8 394 46.5216 0.985 0 0 0 279716 279716 3822 
894 394 1 8 394 46.5216 0.985 0 0 0 280954 280954 3833 
895 394 1 8 394 46.5216 0.985 0 0 0 282351 282351 3838 
896 394 1 8 394 46.5216 0.985 0 0 0 283841 283841 3851 
897 394 1 8 394 46.5216 0.985 0 0 0 284790 284790 3865 
898 394 1 8 394 46.5216 0.985 0 0 0 285720 285720 3867 
899 394 1 8 394 46.5216 0.985 0 0 0 286730 286730 3876 
900 394 1 8 394 46.5216 0.985 0 0 0 287936 287936 3888 
901 394 1 8 394 46.5216 0.985 0 0 0 288882 288882 3894 
902 394 1 8 394 46.5216 0.985 0 0 0 290082 290082 3900 
903 394 1 8 394 46.5216 0.985 0 0 0 290957 290957 3907 
904 394 1 8 394 46.5216 0.985 0 0 0 292260 292260 3915 
905 394 1 8 394 46.5216 0.985 0 0 0 293054 293054 3922 
906 394 1 8 394 46.5216 0.985 0 0 0 294458 294458 3928 
907 394 1 8 394 46.5216 0.985 0 0 0 295413 295413 3932 
908 394 1 8 394 46.5216 0.985 0 0 0 296488 296488 3941 
909 394 1 8 394 46.5216 0.985 0 0 0 297424 297424 3945 
910 394 1 8 394 46.5216 0.985 0 0 0 298639 298639 3954 
911 394 1 8 394 46.5216 0.985 0 0 0 299273 299273 3962 
912 395 1 8 395 51.0546 0.9875 0 0 0 300079 300079 3968 
913 395 1 8 395 51.0546 0.9875 0 0 0 300506 300506 3972 
914 395 1 8 395 51.0546 0.9875 0 0 0 301171 301171 3979 
915 395 1 8 395 51.0546 0.9875 0 0 0 301451 301451 3983 
916 395 1 8 395 50.9749 0.9875 0 0 0 302117 302117 3986 
917 395 1 8 395 50.9749 0.9875 0 0 0 302644 302644 4001 
918 395 1 8 395 50.9749 0.9875 0 0 0 303324 303324 4004 
919 395 1 8 395 50.9749 0.9875 0 0 0 304178 304178 4008 
920 395 1 8 395 50.9729 0.9875 0 0 0 304966 304966 4010 
921 395 1 8 395 50.9729 0.9875 0 0 0 305628 305628 4015 
922 395 1 8 395 50.7269 0.9875 0 0 0 306293 306293 4016 
923 395 1 8 395 50.7269 0.9875 0 0 0 307126 307126 4019 
924 395 1 8 395 47.4708 0.9875 0 0 0 307629 307629 4030 
925 395 1 8 395 47.4708 0.9875 0 0 0 308254 308254 4036 
926 395 1 8 395 47.4708 0.9875 0 0 0 308924 308924 4039 
927 395 1 8 395 43.5735 0.9875 0 0 0 310277 310277 4049 
928 395 1 8 395 43.5735 0.9875 0 0 0 310587 310587 4055 
929 395 1 8 395 43.5735 0.9875 0 0 0 311435 311435 4056 
930 395 1 8 395 43.5735 0.9875 0 0 0 312096 312096 4057 
931 395 1 8 395 43.5735 0.9875 0 0 0 313253 313253 4073 
932 395 1 8 395 43.5735 0.9875 0 0 0 313946 313946 4074 
933 395 1 8 395 43.5735 0.9875 0 0 0 314551 314551 4080 
934 395 1 8 395 43.5735 0.9875 0 0 0 315379 315379 4084 
935 395 1 8 395 43.5735 0.9875 0 0 0 315892 315892 4089 
936 395 1 8 395 43.5735 0.9875 0 0 0 316584 316584 4091 
937 395 1 8 395 43.5735 0.9875 0 0 0 317277 317277 4093 
938 395 1 8 395 43.5735 0.9875 0 0 0 317889 317889 4101 
939 395 1 8 395 43.5735 0.9875 0 0 0 318569 318569 4103 
940 395 1 8 395 43.5735 0.9875 0 0 0 319408 319408 4104 
941 395 1 8 395 43.5735 0.9875 0 0 0 319936 319936 4107 
942 395 1 8 395 43.5735 0.9875 0 0 0 320836 320836 4115 
943 395 1 8 395 43.5735 0.9875 0 0 0 321667 321667 4121 
944 395 1 8 395 43.5735 0.9875 0 0 0 322968 322968 4125 
945 395 1 8 395 43.5735 0.9875 0 0 0 323836 323836 4127 
946 395 1 8 395 43.5735 0.9875 0 0 0 324732 324732 4139 
947 395 1 8 395 43.5735 0.9875 0 0 0 325746 325746 4145 
948 395 1 8 395 43.5735 0.9875 0 0 0 326732 326732 4146 
949 395 1 8 395 43.5735 0.9875 0 0 0 327755 327755 4147 
950 395 1 8 395 43.5735 0.9875 0 0 0 328678 328678 4148 
951 395 1 8 395 43.5735 0.9875 0 0 0 329816 329816 4156 
952 395 1 8 395 43.5735 0.9875 0 0 0 330680 330680 4158 
953 395 1 8 395 43.5735 0.9875 0 0 0 331654 331654 4161 
954 395 1 8 395 43.5735 0.9875 0 0 0 332535 332535 4162 
955 395 1 8 395 43.5735 0.9875 0 0 0 333387 333387 4165 
956 395 1 8 395 43.5735 0.9875 0 0 0 333914 333914 4173 
957 395 1 8 395 43.5735 0.9875 0 0 0 334786 334786 4175 
958 395 1 8 395 43.5735 0.9875 0 0 0 335813 335813 4176 
959 395 1 8 395 43.5735 0.9875 0 0 0 336703 336703 4177 
960 395 1 8 395 43.5735 0.9875 0 0 0 337600 337600 4178 
961 395 1 8 395 43.5735 0.9875 0 0 0 338507 338507 4180 
962 395 1 8 395 43.5735 0.9875 0 0 0 339361 339361 4182 
963 395 1 8 395 43.5735 0.9875 0 0 0 340306 340306 4183 
964 395 1 8 395 43.5735 0.9875 0 0 0 341212 341212 4184 
965 395 1 8 395 43.5735 0.9875 0 0 0 342194 342194 4186 
966 395 1 8 395 43.5735 0.9875 0 0 0 342935 342935 4205 
967 395 1 8 395 43.5735 0.9875 0 0 0 343879 343879 4207 
968 395 1 8 395 43.5735 0.9875 0 0 0 344742 344742 4212 
969 395 1 8 395 43.5735 0.9875 0 0 0 345680 345680 4220 
970 395 1 8 395 43.5735 0.9875 0 0 0 346569 346569 4223 
971 395 1 8 395 43.5735 0.9875 0 0 0 347593 347593 4224 
972 395 1 8 395 43.5735 0.9875 0 0 0 348480 348480 4225 
973 395 1 8 395 43.5735 0.9875 0 0 0 349277 349277 4227 
974 395 1 8 395 43.5735 0.9875 0 0 0 350196 350196 4228 
975 395 1 8 395 43.5735 0.9875 0 0 0 351082 351082 4232 
976 395 1 8 395 43.5735 0.9875 0 0 0 351982 351982 4233 
977 395 1 8 395 43.5735 0.9875 0 0 0 352741 352741 4234 
978 395 1 8 395 43.5735 0.9875 0 0 0 353632 353632 4235 
979 395 1 8 395 43.5735 0.9875 0 0 0 354479 354479 4248 
980 395 1 8 395 43.5735 0.9875 0 0 0 355018 355018 4252 
981 395 1 8 395 43.5735 0.9875 0 0 0 355618 355618 4256 
982 395 1 8 395 43.5735 0.9875 0 0 0 356138 356138 4260 
983 395 1 8 395 43.5735 0.9875 0 0 0 356702 356702 4261 
984 395 1 8 395 43.5735 0.9875 0 0 0 357271 357271 4262 
985 395 1 8 395 43.5735 0.9875 0 0 0 357888 357888 4265 
986 395 1 8 395 43.5735 0.9875 0 0 0 358633 358633 4269 
987 395 1 8 395 43.5735 0.9875 0 0 0 359146 359146 4282 
988 395 1 8 395 43.5735 0.9875 0 0 0 360194 360194 4295 
989 395 1 8 395 43.5735 0.9875 0 0 0 360515 360515 4298 
990 395 1 8 395 43.5735 0.9875 0 0 0 361103 361103 4307 
991 395 1 8 395 43.5735 0.9875 0 0 0 361579 361579 4312 
992 395 1 8 395 43.5735 0.9875 0 0 0 362122 362122 4318 
993 395 1 8 395 43.5735 0.9875 0 0 0 362515 362515 4320 
994 395 1 8 395 43.5735 0.9875 0 0 0 363032 363032 4327 
995 395 1 8 395 43.5735 0.9875 0 0 0 363774 363774 4330 
996 395 1 8 395 43.5735 0.9875 0 0 0 364275 364275 4331 
997 395 1 8 395 43.5735 0.9875 0 0 0 364727 364727 4338 
998 395 1 8 395 43.5735 0.9875 0 0 0 365705 365705 4343 
999 395 1 8 395 43.5735 0.9875 0 0 0 367065 367065 4352 
1000 395 1 8 395 43.5735 0.9875 0 0 0 368153 368153 4358 
1001 398 1 8 398 69.1409 0.995 0 0 0 369326 369326 4371 
1002 398 1 8 398 48.8672 0.995 0 0 0 370482 370482 4376 
1003 398 1 8 398 48.8672 0.995 0 0 0 370974 370974 4380 
1004 398 1 8 398 45.4759 0.995 0 0 0 371966 371966 4384 
1005 398 1 8 398 45.4759 0.995 0 0 0 373072 373072 4401 
1006 398 1 8 398 45.4759 0.995 0 0 0 374158 374158 4406 
1007 398 1 8 398 45.4759 0.995 0 0 0 374859 374859 4423 
1008 398 1 8 398 45.4759 0.995 0 0 0 375441 375441 4429 
1009 398 1 8 398 45.4759 0.995 0 0 0 376233 376233 4436 
1010 398 1 8 398 45.4759 0.995 0 0 0 376862 376862 4440 
1011 398 1 8 398 45.4759 0.995 0 0 0 377975 377975 4442 
