1 105 0.01 4.455 105 0 0.2625 0 0 0 0 0 0 
95 178 0.615104 1.73203 170 4.19824 0.425 0 0 0 9 9 107 
144 231 0.764783 1.05847 217 5.25659 0.5425 0 0 0 31 31 170 
195 253 0.859116 0.63398 235 6.63529 0.5875 0 0 0 89 89 236 
214 266 0.883606 0.523774 245 5.97571 0.6125 0 0 0 166 166 263 
230 277 0.900895 0.445972 255 6.01119 0.6375 0 0 0 279 279 281 
245 283 0.914764 0.383562 261 5.93637 0.6525 0 0 0 495 495 303 
251 284 0.919752 0.361116 268 6.17427 0.67 0 0 0 682 682 318 
280 287 0.940041 0.269816 274 6.29145 0.685 0 0 0 1760 1760 356 
281 295 0.940641 0.267117 279 5.83979 0.6975 0 0 0 2506 2506 363 
288 298 0.944673 0.248971 288 6.34053 0.72 0 0 0 4708 4708 378 
298 304 0.949963 0.225165 293 6.98422 0.7325 0 0 0 11652 11652 395 
322 305 0.960687 0.176907 294 7.06711 0.735 0 0 0 35660 35660 429 
331 305 0.964087 0.161608 295 7.04931 0.7375 0 0 0 67811 67811 445 
341 305 0.967521 0.146155 297 7.37384 0.7425 0 0 0 152770 152770 465 
351 306 0.970627 0.13218 298 7.70242 0.745 0 0 0 268648 268648 485 
358 312 0.972622 0.1232 305 8.44949 0.7625 0 0 0 596884 596884 504 
378 312 0.977607 0.100766 306 11.1049 0.765 0 0 0 997537 997537 541 
383 314 0.978705 0.0958279 308 12.1956 0.77 0 0 0 1737362 1737362 558 
