1 105 1 3.96 105 0 0.2625 0 0 0 0 0 0 
2 108 1 3.9204 108 0.1 0.27 0 0 0 0 0 1 
3 110 1 3.8812 110 0.195919 0.275 0 0 0 0 0 3 
4 112 1 3.84238 112 0.295919 0.28 0 0 0 0 0 4 
5 114 1 3.80396 114 0.395919 0.285 0 0 0 0 0 5 
6 115 1 3.76592 115 0.488365 0.2875 0 0 0 0 0 7 
7 115 1 3.72826 115 0.488365 0.2875 0 0 0 0 0 8 
8 122 1 3.69098 122 0.62186 0.305 0 0 0 0 0 10 
9 122 1 3.65407 122 0.62186 0.305 0 0 0 0 0 11 
10 122 1 3.61753 122 0.62186 0.305 0 0 0 0 0 12 
11 131 1 3.58135 131 0.72186 0.3275 0 0 0 0 0 13 
12 131 1 3.54554 131 0.72186 0.3275 0 0 0 0 0 14 
13 132 1 3.51008 132 1.03084 0.33 0 0 0 0 0 16 
14 133 1 3.47498 133 1.15732 0.3325 0 0 0 0 0 19 
15 141 1 3.44023 141 1.25557 0.3525 0 0 0 0 0 22 
16 141 1 3.40583 141 1.25557 0.3525 0 0 0 0 0 23 
17 142 1 3.37177 142 1.40416 0.355 0 0 0 0 0 25 
18 143 1 3.33805 143 1.50416 0.3575 0 0 0 0 0 26 
19 145 1 3.30467 145 1.65811 0.3625 0 0 0 1 1 28 
20 145 1 3.27163 145 1.65811 0.3625 0 0 0 1 1 29 
21 145 1 3.23891 145 1.65811 0.3625 0 0 0 2 2 30 
22 145 1 3.20652 145 1.65811 0.3625 0 0 0 2 2 31 
23 146 1 3.17446 146 1.7409 0.365 0 0 0 2 2 33 
24 146 1 3.14271 146 1.7409 0.365 0 0 0 2 2 34 
25 147 1 3.11129 147 2.02836 0.3675 0 0 0 2 2 36 
26 148 1 3.08017 148 2.08592 0.37 0 0 0 2 2 38 
27 148 1 3.04937 148 2.08592 0.37 0 0 0 2 2 42 
28 148 1 3.01888 148 2.08592 0.37 0 0 0 2 2 43 
29 148 1 2.98869 148 2.08592 0.37 0 0 0 2 2 44 
30 150 1 2.9588 150 2.51612 0.375 0 0 0 3 3 46 
31 150 1 2.92921 150 2.51612 0.375 0 0 0 4 4 47 
32 150 1 2.89992 150 2.51612 0.375 0 0 0 5 5 48 
33 150 1 2.87092 150 2.51612 0.375 0 0 0 7 7 49 
34 150 1 2.84221 150 2.51612 0.375 0 0 0 8 8 50 
35 150 1 2.81379 150 2.51612 0.375 0 0 0 9 9 51 
36 150 1 2.78565 150 2.51612 0.375 0 0 0 10 10 52 
37 150 1 2.7578 150 2.51612 0.375 0 0 0 11 11 53 
38 150 1 2.73022 150 2.51612 0.375 0 0 0 12 12 54 
39 150 1 2.70292 150 2.51612 0.375 0 0 0 13 13 55 
40 150 1 2.67589 150 2.51612 0.375 0 0 0 14 14 56 
41 150 1 2.64913 150 2.51612 0.375 0 0 0 15 15 57 
42 150 1 2.62264 150 2.51612 0.375 0 0 0 17 17 58 
43 151 1 2.59641 151 3.0701 0.3775 0 0 0 18 18 60 
44 152 1 2.57045 152 3.12806 0.38 0 0 0 19 19 62 
45 152 1 2.54474 152 3.12806 0.38 0 0 0 20 20 63 
46 152 1 2.51929 152 3.12806 0.38 0 0 0 21 21 64 
47 152 1 2.4941 152 3.12806 0.38 0 0 0 23 23 65 
48 152 1 2.46916 152 3.12806 0.38 0 0 0 24 24 66 
49 152 1 2.44447 152 3.12806 0.38 0 0 0 26 26 67 
50 152 1 2.42002 152 3.12806 0.38 0 0 0 28 28 68 
51 152 1 2.39582 152 3.12806 0.38 0 0 0 29 29 69 
52 152 1 2.37187 152 3.12806 0.38 0 0 0 30 30 70 
53 152 1 2.34815 152 3.12806 0.38 0 0 0 31 31 71 
54 152 1 2.32467 152 3.12806 0.38 0 0 0 32 32 72 
55 159 1 2.30142 159 3.53263 0.3975 0 0 0 33 33 74 
56 159 1 2.2784 159 3.53263 0.3975 0 0 0 34 34 75 
57 165 1 2.25562 165 3.88679 0.4125 0 0 0 36 36 78 
58 165 1 2.23306 165 3.88679 0.4125 0 0 0 38 38 79 
59 165 1 2.21073 165 3.88679 0.4125 0 0 0 40 40 80 
60 165 1 2.18863 165 3.88679 0.4125 0 0 0 42 42 81 
61 165 1 2.16674 165 3.88679 0.4125 0 0 0 44 44 82 
62 166 1 2.14507 166 4.53395 0.415 0 0 0 46 46 85 
63 166 1 2.12362 166 4.53395 0.415 0 0 0 48 48 86 
64 166 1 2.10239 166 4.53395 0.415 0 0 0 52 52 87 
65 166 1 2.08136 166 4.53395 0.415 0 0 0 54 54 88 
66 166 1 2.06055 166 4.53395 0.415 0 0 0 56 56 89 
67 166 1 2.03994 166 4.53395 0.415 0 0 0 58 58 90 
68 166 1 2.01954 166 4.53395 0.415 0 0 0 60 60 91 
69 166 1 1.99935 166 4.53395 0.415 0 0 0 63 63 92 
70 166 1 1.97935 166 4.53395 0.415 0 0 0 65 65 95 
71 166 1 1.95956 166 4.53395 0.415 0 0 0 67 67 96 
72 166 1 1.93997 166 4.53395 0.415 0 0 0 69 69 97 
73 166 1 1.92057 166 4.53395 0.415 0 0 0 72 72 98 
74 166 1 1.90136 166 4.53395 0.415 0 0 0 75 75 99 
75 166 1 1.88235 166 4.53395 0.415 0 0 0 77 77 100 
76 166 1 1.86352 166 4.53395 0.415 0 0 0 79 79 101 
77 166 1 1.84489 166 4.53395 0.415 0 0 0 82 82 102 
78 166 1 1.82644 166 4.53395 0.415 0 0 0 86 86 103 
79 166 1 1.80817 166 4.53395 0.415 0 0 0 89 89 104 
80 166 1 1.79009 166 4.53395 0.415 0 0 0 91 91 105 
81 166 1 1.77219 166 4.53395 0.415 0 0 0 93 93 106 
82 166 1 1.75447 166 4.53395 0.415 0 0 0 95 95 107 
83 166 1 1.73693 166 4.53395 0.415 0 0 0 98 98 108 
84 166 1 1.71956 166 4.53395 0.415 0 0 0 102 102 109 
85 166 1 1.70236 166 4.53395 0.415 0 0 0 105 105 111 
86 166 1 1.68534 166 4.53395 0.415 0 0 0 107 107 112 
87 166 1 1.66848 166 4.10029 0.415 0 0 0 111 111 114 
88 166 1 1.6518 166 4.10029 0.415 0 0 0 114 114 118 
89 166 1 1.63528 166 4.10029 0.415 0 0 0 117 117 119 
90 166 1 1.61893 166 4.10029 0.415 0 0 0 121 121 120 
91 166 1 1.60274 166 4.10029 0.415 0 0 0 125 125 123 
92 166 1 1.58671 166 4.10029 0.415 0 0 0 129 129 125 
93 166 1 1.57084 166 4.10029 0.415 0 0 0 132 132 126 
94 166 1 1.55514 166 4.10029 0.415 0 0 0 135 135 127 
95 178 1 1.53958 178 4.4291 0.445 0 0 0 143 143 130 
96 181 1 1.52419 181 5.56096 0.4525 0 0 0 152 152 136 
97 182 1 1.50895 182 5.70509 0.455 0 0 0 166 166 140 
98 182 1 1.49386 182 5.70509 0.455 0 0 0 175 175 143 
99 182 1 1.47892 182 5.42657 0.455 0 0 0 183 183 144 
100 187 1 1.46413 187 6.16594 0.4675 0 0 0 199 199 149 
101 187 1 1.44949 187 6.02658 0.4675 0 0 0 211 211 150 
102 187 1 1.43499 187 6.02658 0.4675 0 0 0 222 222 151 
103 187 1 1.42064 187 6.02658 0.4675 0 0 0 237 237 152 
104 187 1 1.40644 187 6.02658 0.4675 0 0 0 252 252 155 
105 187 1 1.39237 187 6.02658 0.4675 0 0 0 267 267 157 
106 187 1 1.37845 187 6.02658 0.4675 0 0 0 286 286 159 
107 187 1 1.36466 187 6.02658 0.4675 0 0 0 309 309 167 
108 187 1 1.35102 187 6.02658 0.4675 0 0 0 327 327 170 
109 187 1 1.33751 187 6.02658 0.4675 0 0 0 342 342 171 
110 187 1 1.32413 187 6.02658 0.4675 0 0 0 356 356 172 
111 187 1 1.31089 187 6.02658 0.4675 0 0 0 373 373 173 
112 187 1 1.29778 187 6.02658 0.4675 0 0 0 393 393 174 
113 187 1 1.2848 187 6.02658 0.4675 0 0 0 412 412 175 
114 187 1 1.27196 187 6.02658 0.4675 0 0 0 430 430 177 
115 187 1 1.25924 187 5.9846 0.4675 0 0 0 449 449 178 
116 187 1 1.24664 187 5.9846 0.4675 0 0 0 475 475 180 
117 187 1 1.23418 187 5.9846 0.4675 0 0 0 497 497 181 
118 187 1 1.22184 187 5.9846 0.4675 0 0 0 518 518 184 
119 187 1 1.20962 187 5.9846 0.4675 0 0 0 545 545 186 
120 193 1 1.19752 193 6.16052 0.4825 0 0 0 585 585 191 
121 193 1 1.18555 193 6.16052 0.4825 0 0 0 633 633 195 
122 193 1 1.17369 193 6.16052 0.4825 0 0 0 675 675 198 
123 196 1 1.16195 196 8.23029 0.49 0 0 0 703 703 204 
124 196 1 1.15033 196 8.23029 0.49 0 0 0 740 740 206 
125 196 1 1.13883 196 8.20924 0.49 0 0 0 776 776 207 
126 196 1 1.12744 196 8.18196 0.49 0 0 0 806 806 208 
127 196 1 1.11617 196 8.18196 0.49 0 0 0 858 858 215 
128 211 1 1.10501 211 8.62742 0.5275 0 0 0 899 899 222 
129 211 1 1.09396 211 8.44276 0.5275 0 0 0 934 934 224 
130 211 1 1.08302 211 8.44276 0.5275 0 0 0 979 979 233 
131 211 1 1.07219 211 8.44276 0.5275 0 0 0 1014 1014 236 
132 211 1 1.06146 211 8.44276 0.5275 0 0 0 1053 1053 245 
133 211 1 1.05085 211 8.44276 0.5275 0 0 0 1096 1096 251 
134 211 1 1.04034 211 8.44276 0.5275 0 0 0 1140 1140 252 
135 211 1 1.02994 211 8.44276 0.5275 0 0 0 1191 1191 255 
136 211 1 1.01964 211 8.44276 0.5275 0 0 0 1235 1235 258 
137 211 1 1.00944 211 8.44276 0.5275 0 0 0 1275 1275 259 
138 211 1 0.999348 211 8.44276 0.5275 0 0 0 1329 1329 263 
139 211 1 0.989355 211 8.39628 0.5275 0 0 0 1372 1372 266 
140 211 1 0.979461 211 8.39628 0.5275 0 0 0 1414 1414 267 
141 211 1 0.969667 211 8.39628 0.5275 0 0 0 1464 1464 269 
142 213 1 0.95997 213 8.91458 0.5325 0 0 0 1506 1506 277 
143 213 1 0.95037 213 8.73008 0.5325 0 0 0 1546 1546 281 
144 231 1 0.940866 231 8.93192 0.5775 0 0 0 1607 1607 286 
145 232 1 0.931458 232 9.21791 0.58 0 0 0 1669 1669 294 
146 232 1 0.922143 232 9.20731 0.58 0 0 0 1735 1735 297 
147 232 1 0.912922 232 9.02749 0.58 0 0 0 1790 1790 303 
148 232 1 0.903793 232 9.02749 0.58 0 0 0 1844 1844 306 
149 232 1 0.894755 232 9.02749 0.58 0 0 0 1902 1902 312 
150 232 1 0.885807 232 8.96815 0.58 0 0 0 1956 1956 314 
151 232 1 0.876949 232 8.75478 0.58 0 0 0 2025 2025 318 
152 232 1 0.86818 232 8.75478 0.58 0 0 0 2097 2097 319 
153 232 1 0.859498 232 8.75478 0.58 0 0 0 2168 2168 322 
154 233 1 0.850903 233 9.43874 0.5825 0 0 0 2200 2200 329 
155 233 1 0.842394 233 9.43874 0.5825 0 0 0 2240 2240 332 
156 233 1 0.83397 233 9.43874 0.5825 0 0 0 2277 2277 337 
157 233 1 0.82563 233 9.43874 0.5825 0 0 0 2314 2314 344 
158 233 1 0.817374 233 9.43874 0.5825 0 0 0 2351 2351 345 
159 233 1 0.8092 233 9.40902 0.5825 0 0 0 2395 2395 347 
160 233 1 0.801108 233 9.40902 0.5825 0 0 0 2435 2435 348 
161 233 1 0.793097 233 9.40902 0.5825 0 0 0 2491 2491 350 
162 233 1 0.785166 233 9.40902 0.5825 0 0 0 2546 2546 353 
163 233 1 0.777314 233 9.40902 0.5825 0 0 0 2608 2608 355 
164 233 1 0.769541 233 9.32114 0.5825 0 0 0 2669 2669 357 
165 233 1 0.761846 233 9.32114 0.5825 0 0 0 2723 2723 359 
166 233 1 0.754227 233 9.32114 0.5825 0 0 0 2790 2790 362 
167 233 1 0.746685 233 9.28406 0.5825 0 0 0 2846 2846 363 
168 233 1 0.739218 233 9.28313 0.5825 0 0 0 2901 2901 364 
169 233 1 0.731826 233 9.27507 0.5825 0 0 0 2952 2952 365 
170 233 1 0.724508 233 9.27507 0.5825 0 0 0 3007 3007 369 
171 236 1 0.717263 236 11.6114 0.59 0 0 0 3094 3094 374 
172 236 1 0.71009 236 11.6114 0.59 0 0 0 3189 3189 375 
173 237 1 0.702989 237 9.59214 0.5925 0 0 0 3261 3261 378 
174 237 1 0.695959 237 9.55074 0.5925 0 0 0 3353 3353 382 
175 237 1 0.689 237 9.51531 0.5925 0 0 0 3444 3444 384 
176 237 1 0.68211 237 9.47348 0.5925 0 0 0 3551 3551 390 
177 237 1 0.675288 237 9.47348 0.5925 0 0 0 3693 3693 394 
178 237 1 0.668536 237 9.46384 0.5925 0 0 0 3791 3791 395 
179 237 1 0.66185 237 7.01743 0.5925 0 0 0 3897 3897 400 
180 243 1 0.655232 243 7.41869 0.6075 0 0 0 4098 4098 404 
181 245 1 0.648679 245 7.02301 0.6125 0 0 0 4341 4341 407 
182 245 1 0.642193 245 6.74921 0.6125 0 0 0 4543 4543 408 
183 253 1 0.635771 253 7.22118 0.6325 0 0 0 4972 4972 413 
184 253 1 0.629413 253 7.22118 0.6325 0 0 0 6921 6921 418 
185 253 1 0.623119 253 7.22118 0.6325 0 0 0 8954 8954 421 
186 253 1 0.616888 253 7.22118 0.6325 0 0 0 11584 11584 424 
187 253 1 0.610719 253 7.22118 0.6325 0 0 0 14137 14137 425 
188 253 1 0.604612 253 7.13036 0.6325 0 0 0 16265 16265 428 
189 253 1 0.598565 253 7.13036 0.6325 0 0 0 18345 18345 431 
190 253 1 0.59258 253 7.13036 0.6325 0 0 0 21708 21708 432 
191 253 1 0.586654 253 7.13036 0.6325 0 0 0 23987 23987 433 
192 253 1 0.580787 253 7.13036 0.6325 0 0 0 26688 26688 434 
193 253 1 0.57498 253 7.13036 0.6325 0 0 0 29665 29665 435 
194 253 1 0.56923 253 7.13036 0.6325 0 0 0 33901 33901 436 
195 253 1 0.563537 253 7.13036 0.6325 0 0 0 35825 35825 437 
196 259 1 0.557902 259 6.93149 0.6475 0 0 0 38588 38588 440 
197 259 1 0.552323 259 6.88889 0.6475 0 0 0 40286 40286 441 
198 259 1 0.5468 259 6.88889 0.6475 0 0 0 41743 41743 442 
199 259 1 0.541332 259 6.88889 0.6475 0 0 0 43205 43205 443 
200 259 1 0.535919 259 6.88889 0.6475 0 0 0 44851 44851 444 
201 259 1 0.530559 259 6.88889 0.6475 0 0 0 47424 47424 445 
202 259 1 0.525254 259 6.88889 0.6475 0 0 0 49177 49177 446 
203 259 1 0.520001 259 6.88889 0.6475 0 0 0 51392 51392 447 
204 259 1 0.514801 259 6.88889 0.6475 0 0 0 53797 53797 448 
205 259 1 0.509653 259 6.88889 0.6475 0 0 0 56102 56102 449 
206 260 1 0.504557 260 7.27861 0.65 0 0 0 60295 60295 455 
207 260 1 0.499511 260 7.27861 0.65 0 0 0 67021 67021 460 
208 260 1 0.494516 260 7.27861 0.65 0 0 0 71000 71000 462 
209 260 1 0.489571 260 7.27861 0.65 0 0 0 77122 77122 463 
210 266 1 0.484675 266 7.44444 0.665 0 0 0 82200 82200 466 
211 266 1 0.479828 266 7.40888 0.665 0 0 0 87557 87557 467 
212 266 1 0.47503 266 7.3034 0.665 0 0 0 93119 93119 468 
213 266 1 0.47028 266 7.3034 0.665 0 0 0 101875 101875 471 
214 266 1 0.465577 266 7.3034 0.665 0 0 0 113549 113549 472 
215 266 1 0.460921 266 7.3034 0.665 0 0 0 132140 132140 473 
216 266 1 0.456312 266 7.3034 0.665 0 0 0 138213 138213 474 
217 266 1 0.451749 266 7.3034 0.665 0 0 0 153460 153460 475 
218 266 1 0.447231 266 7.3034 0.665 0 0 0 176579 176579 476 
219 266 1 0.442759 266 7.3034 0.665 0 0 0 192263 192263 477 
220 266 1 0.438331 266 7.3034 0.665 0 0 0 220792 220792 480 
221 266 1 0.433948 266 7.3034 0.665 0 0 0 234280 234280 483 
222 266 1 0.429609 266 7.28075 0.665 0 0 0 249598 249598 485 
223 266 1 0.425313 266 7.28075 0.665 0 0 0 262397 262397 486 
224 266 1 0.421059 266 7.28075 0.665 0 0 0 278532 278532 487 
225 266 1 0.416849 266 7.22397 0.665 0 0 0 290704 290704 489 
226 266 1 0.41268 266 7.22397 0.665 0 0 0 325911 325911 490 
227 266 1 0.408554 266 7.22397 0.665 0 0 0 352739 352739 491 
228 266 1 0.404468 266 7.22397 0.665 0 0 0 392103 392103 492 
229 266 1 0.400423 266 7.22397 0.665 0 0 0 420035 420035 494 
230 277 1 0.396419 277 7.38883 0.6925 0 0 0 452467 452467 496 
231 277 1 0.392455 277 7.38883 0.6925 0 0 0 494045 494045 497 
232 277 1 0.38853 277 7.38883 0.6925 0 0 0 533577 533577 498 
233 277 1 0.384645 277 7.32529 0.6925 0 0 0 572476 572476 500 
234 277 1 0.380799 277 7.32529 0.6925 0 0 0 619628 619628 502 
235 277 1 0.376991 277 7.32529 0.6925 0 0 0 699196 699196 505 
236 277 1 0.373221 277 7.32529 0.6925 0 0 0 732607 732607 506 
237 277 1 0.369489 277 7.32529 0.6925 0 0 0 801066 801066 507 
238 277 1 0.365794 277 7.32529 0.6925 0 0 0 878661 878661 508 
239 277 1 0.362136 277 7.28023 0.6925 0 0 0 954121 954121 510 
240 277 1 0.358514 277 7.28023 0.6925 0 0 0 1012997 1012997 511 
241 277 1 0.354929 277 7.28023 0.6925 0 0 0 1077661 1077661 513 
242 277 1 0.35138 277 7.28023 0.6925 0 0 0 1171798 1171798 514 
243 277 1 0.347866 277 7.28023 0.6925 0 0 0 1252091 1252091 515 
244 277 1 0.344387 277 7.28023 0.6925 0 0 0 1384112 1384112 516 
245 283 1 0.340944 283 7.44816 0.7075 0 0 0 1446788 1446788 518 
246 283 1 0.337534 283 7.43075 0.7075 0 0 0 1533226 1533226 519 
247 283 1 0.334159 283 7.43075 0.7075 0 0 0 1649867 1649867 520 
248 283 1 0.330817 283 7.43075 0.7075 0 0 0 1755356 1755356 521 
