1 105 1 6.5 105 0 0.2625 0 0 0 0 0 0 
2 108 1 6.5 108 0.1 0.27 0 0 0 0 0 1 
3 110 1 6.5 110 0.195919 0.275 0 0 0 0 0 3 
4 112 1 6.5 112 0.295919 0.28 0 0 0 0 0 4 
5 114 1 6.5 114 0.395919 0.285 0 0 0 0 0 5 
6 115 1 6.5 115 0.488365 0.2875 0 0 0 0 0 7 
7 115 1 6.5 115 0.488365 0.2875 0 0 0 0 0 8 
8 122 1 6.5 122 0.62186 0.305 0 0 0 0 0 10 
9 122 1 6.5 122 0.62186 0.305 0 0 0 0 0 11 
10 122 1 6.5 122 0.62186 0.305 0 0 0 0 0 12 
11 131 1 6.5 131 0.72186 0.3275 0 0 0 0 0 13 
12 131 1 6.5 131 0.72186 0.3275 0 0 0 0 0 14 
13 132 1 6.5 132 1.03084 0.33 0 0 0 0 0 16 
14 133 1 6.5 133 1.15732 0.3325 0 0 0 0 0 19 
15 141 1 6.5 141 1.25557 0.3525 0 0 0 0 0 22 
16 141 1 6.5 141 1.25557 0.3525 0 0 0 0 0 23 
17 142 1 6.5 142 1.40416 0.355 0 0 0 0 0 25 
18 143 1 6.5 143 1.50416 0.3575 0 0 0 0 0 26 
19 145 1 6.5 145 1.65811 0.3625 0 0 0 0 0 28 
20 145 1 6.5 145 1.65811 0.3625 0 0 0 0 0 29 
21 145 1 6.5 145 1.65811 0.3625 0 0 0 0 0 30 
22 145 1 6.5 145 1.65811 0.3625 0 0 0 0 0 31 
23 146 1 6.5 146 1.7409 0.365 0 0 0 0 0 33 
24 146 1 6.5 146 1.7409 0.365 0 0 0 0 0 34 
25 147 1 6.5 147 2.02836 0.3675 0 0 0 0 0 36 
26 148 1 6.5 148 2.08592 0.37 0 0 0 0 0 38 
27 148 1 6.5 148 2.08592 0.37 0 0 0 0 0 42 
28 148 1 6.5 148 2.08592 0.37 0 0 0 0 0 43 
29 148 1 6.5 148 2.08592 0.37 0 0 0 0 0 44 
30 150 1 6.5 150 2.51612 0.375 0 0 0 1 1 46 
31 150 1 6.5 150 2.51612 0.375 0 0 0 2 2 47 
32 150 1 6.5 150 2.51612 0.375 0 0 0 3 3 48 
33 150 1 6.5 150 2.51612 0.375 0 0 0 4 4 49 
34 150 1 6.5 150 2.51612 0.375 0 0 0 5 5 50 
35 150 1 6.5 150 2.51612 0.375 0 0 0 6 6 51 
36 150 1 6.5 150 2.51612 0.375 0 0 0 7 7 52 
37 150 1 6.5 150 2.51612 0.375 0 0 0 8 8 53 
38 150 1 6.5 150 2.51612 0.375 0 0 0 9 9 54 
39 150 1 6.5 150 2.51612 0.375 0 0 0 10 10 55 
40 150 1 6.5 150 2.51612 0.375 0 0 0 11 11 56 
41 150 1 6.5 150 2.51612 0.375 0 0 0 12 12 57 
42 150 1 6.5 150 2.51612 0.375 0 0 0 13 13 58 
43 151 1 6.5 151 3.0701 0.3775 0 0 0 14 14 60 
44 152 1 6.5 152 3.12806 0.38 0 0 0 15 15 62 
45 152 1 6.5 152 3.12806 0.38 0 0 0 16 16 63 
46 152 1 6.5 152 3.12806 0.38 0 0 0 17 17 64 
47 152 1 6.5 152 3.12806 0.38 0 0 0 18 18 65 
48 152 1 6.5 152 3.12806 0.38 0 0 0 19 19 66 
49 152 1 6.5 152 3.12806 0.38 0 0 0 20 20 67 
50 152 1 6.5 152 3.12806 0.38 0 0 0 22 22 68 
51 152 1 6.5 152 3.12806 0.38 0 0 0 23 23 69 
52 152 1 6.5 152 3.12806 0.38 0 0 0 24 24 70 
53 152 1 6.5 152 3.12806 0.38 0 0 0 25 25 71 
54 152 1 6.5 152 3.12806 0.38 0 0 0 26 26 72 
55 159 1 6.5 159 3.53263 0.3975 0 0 0 27 27 74 
56 159 1 6.5 159 3.53263 0.3975 0 0 0 29 29 75 
57 165 1 6.5 165 3.88679 0.4125 0 0 0 31 31 78 
58 165 1 6.5 165 3.88679 0.4125 0 0 0 33 33 79 
59 165 1 6.5 165 3.88679 0.4125 0 0 0 35 35 80 
60 165 1 6.5 165 3.88679 0.4125 0 0 0 37 37 81 
61 165 1 6.5 165 3.88679 0.4125 0 0 0 39 39 82 
62 166 1 6.5 166 4.53395 0.415 0 0 0 41 41 85 
63 166 1 6.5 166 4.53395 0.415 0 0 0 43 43 86 
64 166 1 6.5 166 4.53395 0.415 0 0 0 45 45 87 
65 166 1 6.5 166 4.53395 0.415 0 0 0 47 47 88 
66 166 1 6.5 166 4.53395 0.415 0 0 0 49 49 89 
67 166 1 6.5 166 4.53395 0.415 0 0 0 51 51 90 
68 166 1 6.5 166 4.53395 0.415 0 0 0 54 54 91 
69 166 1 6.5 166 4.53395 0.415 0 0 0 56 56 92 
70 166 1 6.5 166 4.53395 0.415 0 0 0 58 58 95 
71 166 1 6.5 166 4.53395 0.415 0 0 0 60 60 96 
72 166 1 6.5 166 4.53395 0.415 0 0 0 62 62 97 
73 166 1 6.5 166 4.53395 0.415 0 0 0 64 64 98 
74 166 1 6.5 166 4.53395 0.415 0 0 0 67 67 99 
75 166 1 6.5 166 4.53395 0.415 0 0 0 69 69 100 
76 166 1 6.5 166 4.53395 0.415 0 0 0 71 71 101 
77 166 1 6.5 166 4.53395 0.415 0 0 0 73 73 102 
78 166 1 6.5 166 4.53395 0.415 0 0 0 75 75 103 
79 166 1 6.5 166 4.53395 0.415 0 0 0 77 77 104 
80 166 1 6.5 166 4.53395 0.415 0 0 0 79 79 105 
81 166 1 6.5 166 4.53395 0.415 0 0 0 83 83 106 
82 166 1 6.5 166 4.53395 0.415 0 0 0 85 85 107 
83 166 1 6.5 166 4.53395 0.415 0 0 0 87 87 108 
84 166 1 6.5 166 4.53395 0.415 0 0 0 89 89 109 
85 166 1 6.5 166 4.53395 0.415 0 0 0 91 91 110 
86 166 1 6.5 166 4.53395 0.415 0 0 0 94 94 111 
87 166 1 6.5 166 4.53395 0.415 0 0 0 96 96 112 
88 166 1 6.5 166 4.53395 0.415 0 0 0 98 98 115 
89 166 1 6.5 166 4.53395 0.415 0 0 0 100 100 116 
90 166 1 6.5 166 4.53395 0.415 0 0 0 102 102 117 
91 166 1 6.5 166 4.53395 0.415 0 0 0 105 105 118 
92 166 1 6.5 166 4.53395 0.415 0 0 0 108 108 119 
93 166 1 6.5 166 4.53395 0.415 0 0 0 110 110 120 
94 166 1 6.5 166 4.53395 0.415 0 0 0 112 112 121 
95 178 1 6.5 178 5.95551 0.445 0 0 0 114 114 125 
96 181 1 6.5 181 6.91491 0.4525 0 0 0 117 117 128 
97 182 1 6.5 182 6.95297 0.455 0 0 0 121 121 130 
98 182 1 6.5 182 6.95297 0.455 0 0 0 125 125 131 
99 182 1 6.5 182 6.95297 0.455 0 0 0 129 129 132 
100 187 1 6.5 187 7.50161 0.4675 0 0 0 132 132 135 
101 187 1 6.5 187 7.50161 0.4675 0 0 0 136 136 136 
102 187 1 6.5 187 7.50161 0.4675 0 0 0 140 140 137 
103 187 1 6.5 187 7.50161 0.4675 0 0 0 145 145 138 
104 187 1 6.5 187 7.50161 0.4675 0 0 0 149 149 139 
105 187 1 6.5 187 7.50161 0.4675 0 0 0 153 153 140 
106 187 1 6.5 187 7.50161 0.4675 0 0 0 158 158 141 
107 187 1 6.5 187 7.50161 0.4675 0 0 0 162 162 142 
108 187 1 6.5 187 7.50161 0.4675 0 0 0 166 166 143 
109 187 1 6.5 187 7.50161 0.4675 0 0 0 170 170 144 
110 187 1 6.5 187 7.50161 0.4675 0 0 0 174 174 145 
111 187 1 6.5 187 7.50161 0.4675 0 0 0 178 178 146 
112 187 1 6.5 187 7.50161 0.4675 0 0 0 182 182 147 
113 187 1 6.5 187 7.50161 0.4675 0 0 0 186 186 148 
114 187 1 6.5 187 7.50161 0.4675 0 0 0 190 190 149 
115 187 1 6.5 187 7.50161 0.4675 0 0 0 195 195 150 
116 187 1 6.5 187 7.50161 0.4675 0 0 0 199 199 151 
117 187 1 6.5 187 7.50161 0.4675 0 0 0 203 203 152 
118 187 1 6.5 187 7.50161 0.4675 0 0 0 207 207 153 
119 187 1 6.5 187 7.50161 0.4675 0 0 0 211 211 154 
120 193 1 6.5 193 7.82983 0.4825 0 0 0 215 215 160 
121 193 1 6.5 193 7.82983 0.4825 0 0 0 219 219 161 
122 193 1 6.5 193 7.82983 0.4825 0 0 0 223 223 162 
123 196 1 6.5 196 10.0199 0.49 0 0 0 230 230 166 
124 196 1 6.5 196 10.0199 0.49 0 0 0 236 236 167 
125 196 1 6.5 196 10.0199 0.49 0 0 0 243 243 168 
126 196 1 6.5 196 10.0199 0.49 0 0 0 251 251 169 
127 196 1 6.5 196 10.0199 0.49 0 0 0 261 261 175 
128 211 1 6.5 211 11.6161 0.5275 0 0 0 270 270 182 
129 211 1 6.5 211 11.6161 0.5275 0 0 0 280 280 183 
130 211 1 6.5 211 11.6161 0.5275 0 0 0 290 290 184 
131 211 1 6.5 211 11.6161 0.5275 0 0 0 300 300 185 
132 211 1 6.5 211 11.6161 0.5275 0 0 0 311 311 186 
133 211 1 6.5 211 11.6161 0.5275 0 0 0 320 320 187 
134 211 1 6.5 211 11.6161 0.5275 0 0 0 329 329 188 
135 211 1 6.5 211 11.6161 0.5275 0 0 0 339 339 189 
136 211 1 6.5 211 11.6161 0.5275 0 0 0 349 349 190 
137 211 1 6.5 211 11.6161 0.5275 0 0 0 359 359 191 
138 211 1 6.5 211 11.6161 0.5275 0 0 0 369 369 192 
139 211 1 6.5 211 11.6161 0.5275 0 0 0 379 379 193 
140 211 1 6.5 211 11.6161 0.5275 0 0 0 390 390 194 
141 211 1 6.5 211 11.6161 0.5275 0 0 0 403 403 195 
142 213 1 6.5 213 11.952 0.5325 0 0 0 410 410 202 
143 213 1 6.5 213 11.952 0.5325 0 0 0 418 418 203 
144 231 1 6.5 231 13.7237 0.5775 0 0 0 426 426 210 
145 232 1 6.5 232 13.7482 0.58 0 0 0 433 433 214 
146 232 1 6.5 232 13.7482 0.58 0 0 0 441 441 215 
147 232 1 6.5 232 13.7482 0.58 0 0 0 449 449 216 
148 232 1 6.5 232 13.7482 0.58 0 0 0 458 458 217 
149 232 1 6.5 232 13.6294 0.58 0 0 0 466 466 222 
150 232 1 6.5 232 13.6294 0.58 0 0 0 474 474 223 
151 232 1 6.5 232 13.6294 0.58 0 0 0 482 482 224 
152 232 1 6.5 232 13.6294 0.58 0 0 0 490 490 225 
153 232 1 6.5 232 13.6294 0.58 0 0 0 498 498 226 
154 233 1 6.5 233 14.5389 0.5825 0 0 0 514 514 231 
155 233 1 6.5 233 14.5389 0.5825 0 0 0 530 530 232 
156 233 1 6.5 233 14.5389 0.5825 0 0 0 547 547 233 
157 233 1 6.5 233 14.5389 0.5825 0 0 0 562 562 234 
158 233 1 6.5 233 14.5389 0.5825 0 0 0 582 582 241 
159 233 1 6.5 233 14.5389 0.5825 0 0 0 601 601 242 
160 233 1 6.5 233 14.5389 0.5825 0 0 0 615 615 243 
161 233 1 6.5 233 14.5389 0.5825 0 0 0 629 629 244 
162 233 1 6.5 233 14.5389 0.5825 0 0 0 644 644 245 
163 233 1 6.5 233 14.5389 0.5825 0 0 0 658 658 246 
164 233 1 6.5 233 14.5389 0.5825 0 0 0 672 672 247 
165 233 1 6.5 233 14.5389 0.5825 0 0 0 688 688 248 
166 233 1 6.5 233 14.5389 0.5825 0 0 0 703 703 249 
167 233 1 6.5 233 14.5389 0.5825 0 0 0 718 718 250 
168 233 1 6.5 233 14.5389 0.5825 0 0 0 732 732 251 
169 233 1 6.5 233 14.5389 0.5825 0 0 0 746 746 252 
170 233 1 6.5 233 14.5389 0.5825 0 0 0 760 760 253 
171 236 1 6.5 236 18.691 0.59 0 0 0 809 809 263 
172 236 1 6.5 236 18.691 0.59 0 0 0 857 857 264 
173 237 1 6.5 237 15.8225 0.5925 0 0 0 872 872 272 
174 237 1 6.5 237 15.8225 0.5925 0 0 0 886 886 273 
175 237 1 6.5 237 15.8225 0.5925 0 0 0 900 900 274 
176 237 1 6.5 237 15.8225 0.5925 0 0 0 914 914 275 
177 237 1 6.5 237 15.8225 0.5925 0 0 0 929 929 276 
178 237 1 6.5 237 15.8225 0.5925 0 0 0 943 943 277 
179 237 1 6.5 237 13.3492 0.5925 0 0 0 952 952 279 
180 243 1 6.5 243 13.674 0.6075 0 0 0 960 960 284 
181 245 1 6.5 245 13.732 0.6125 0 0 0 969 969 286 
182 245 1 6.5 245 13.732 0.6125 0 0 0 980 980 287 
183 253 1 6.5 253 13.7758 0.6325 0 0 0 990 990 294 
184 253 1 6.5 253 13.7758 0.6325 0 0 0 999 999 295 
185 253 1 6.5 253 13.7758 0.6325 0 0 0 1009 1009 296 
186 253 1 6.5 253 13.7758 0.6325 0 0 0 1018 1018 297 
187 253 1 6.5 253 13.7758 0.6325 0 0 0 1028 1028 298 
188 253 1 6.5 253 13.7758 0.6325 0 0 0 1038 1038 299 
189 253 1 6.5 253 13.7758 0.6325 0 0 0 1048 1048 300 
190 253 1 6.5 253 13.7758 0.6325 0 0 0 1058 1058 301 
191 253 1 6.5 253 13.7758 0.6325 0 0 0 1069 1069 302 
192 253 1 6.5 253 13.7758 0.6325 0 0 0 1079 1079 303 
193 253 1 6.5 253 13.7758 0.6325 0 0 0 1090 1090 304 
194 253 1 6.5 253 13.7758 0.6325 0 0 0 1100 1100 305 
195 253 1 6.5 253 13.7758 0.6325 0 0 0 1110 1110 306 
196 259 1 6.5 259 14.1793 0.6475 0 0 0 1121 1121 309 
197 259 1 6.5 259 13.9627 0.6475 0 0 0 1131 1131 310 
198 259 1 6.5 259 13.9627 0.6475 0 0 0 1142 1142 311 
199 259 1 6.5 259 13.9627 0.6475 0 0 0 1153 1153 312 
200 259 1 6.5 259 13.9627 0.6475 0 0 0 1163 1163 313 
201 259 1 6.5 259 13.9627 0.6475 0 0 0 1174 1174 314 
202 259 1 6.5 259 13.9627 0.6475 0 0 0 1185 1185 315 
203 259 1 6.5 259 13.9627 0.6475 0 0 0 1196 1196 316 
204 259 1 6.5 259 13.9627 0.6475 0 0 0 1208 1208 317 
205 259 1 6.5 259 13.1219 0.6475 0 0 0 1220 1220 324 
206 260 1 6.5 260 13.6501 0.65 0 0 0 1234 1234 330 
207 260 1 6.5 260 13.6501 0.65 0 0 0 1249 1249 331 
208 260 1 6.5 260 13.6501 0.65 0 0 0 1264 1264 332 
209 260 1 6.5 260 13.6501 0.65 0 0 0 1279 1279 333 
210 266 1 6.5 266 13.705 0.665 0 0 0 1294 1294 335 
211 266 1 6.5 266 13.705 0.665 0 0 0 1308 1308 340 
212 266 1 6.5 266 13.705 0.665 0 0 0 1322 1322 341 
213 266 1 6.5 266 13.705 0.665 0 0 0 1336 1336 342 
214 266 1 6.5 266 13.705 0.665 0 0 0 1350 1350 343 
215 266 1 6.5 266 13.705 0.665 0 0 0 1364 1364 344 
216 266 1 6.5 266 13.705 0.665 0 0 0 1379 1379 345 
217 266 1 6.5 266 13.705 0.665 0 0 0 1393 1393 346 
218 266 1 6.5 266 13.705 0.665 0 0 0 1408 1408 347 
219 266 1 6.5 266 13.705 0.665 0 0 0 1422 1422 348 
220 266 1 6.5 266 13.705 0.665 0 0 0 1438 1438 350 
221 266 1 6.5 266 13.705 0.665 0 0 0 1453 1453 351 
222 266 1 6.5 266 13.705 0.665 0 0 0 1469 1469 352 
223 266 1 6.5 266 13.705 0.665 0 0 0 1485 1485 353 
224 266 1 6.5 266 13.705 0.665 0 0 0 1501 1501 354 
225 266 1 6.5 266 13.705 0.665 0 0 0 1516 1516 355 
226 266 1 6.5 266 13.705 0.665 0 0 0 1532 1532 356 
227 266 1 6.5 266 13.705 0.665 0 0 0 1548 1548 357 
228 266 1 6.5 266 13.705 0.665 0 0 0 1564 1564 358 
229 266 1 6.5 266 13.705 0.665 0 0 0 1579 1579 359 
230 277 1 6.5 277 13.7619 0.6925 0 0 0 1595 1595 361 
231 277 1 6.5 277 13.7619 0.6925 0 0 0 1611 1611 362 
232 277 1 6.5 277 13.7619 0.6925 0 0 0 1627 1627 363 
233 277 1 6.5 277 13.7619 0.6925 0 0 0 1643 1643 364 
234 277 1 6.5 277 13.7619 0.6925 0 0 0 1659 1659 365 
235 277 1 6.5 277 13.7619 0.6925 0 0 0 1675 1675 366 
236 277 1 6.5 277 13.7619 0.6925 0 0 0 1691 1691 367 
237 277 1 6.5 277 13.7619 0.6925 0 0 0 1707 1707 368 
238 277 1 6.5 277 13.7619 0.6925 0 0 0 1724 1724 369 
239 277 1 6.5 277 13.7619 0.6925 0 0 0 1741 1741 370 
240 277 1 6.5 277 13.7619 0.6925 0 0 0 1758 1758 371 
241 277 1 6.5 277 13.7619 0.6925 0 0 0 1775 1775 372 
242 277 1 6.5 277 13.7619 0.6925 0 0 0 1792 1792 373 
243 277 1 6.5 277 13.7619 0.6925 0 0 0 1808 1808 374 
244 277 1 6.5 277 13.7619 0.6925 0 0 0 1825 1825 375 
245 283 1 6.5 283 13.8241 0.7075 0 0 0 1842 1842 377 
246 283 1 6.5 283 13.8241 0.7075 0 0 0 1859 1859 378 
247 283 1 6.5 283 13.8241 0.7075 0 0 0 1876 1876 379 
248 283 1 6.5 283 13.8241 0.7075 0 0 0 1893 1893 380 
249 283 1 6.5 283 13.8241 0.7075 0 0 0 1909 1909 386 
250 283 1 6.5 283 13.8241 0.7075 0 0 0 1926 1926 387 
251 284 1 6.5 284 17.9607 0.71 0 0 0 1947 1947 394 
252 284 1 6.5 284 17.4295 0.71 0 0 0 1968 1968 397 
253 284 1 6.5 284 17.4295 0.71 0 0 0 1991 1991 405 
254 284 1 6.5 284 17.4295 0.71 0 0 0 2015 2015 409 
255 284 1 6.5 284 17.4295 0.71 0 0 0 2038 2038 410 
256 284 1 6.5 284 17.4295 0.71 0 0 0 2062 2062 413 
257 284 1 6.5 284 17.4295 0.71 0 0 0 2085 2085 415 
258 284 1 6.5 284 17.4295 0.71 0 0 0 2106 2106 416 
259 284 1 6.5 284 17.4295 0.71 0 0 0 2128 2128 417 
260 284 1 6.5 284 17.4295 0.71 0 0 0 2149 2149 418 
261 284 1 6.5 284 17.4295 0.71 0 0 0 2171 2171 419 
262 284 1 6.5 284 17.4295 0.71 0 0 0 2193 2193 420 
263 284 1 6.5 284 17.4295 0.71 0 0 0 2215 2215 421 
264 284 1 6.5 284 17.4295 0.71 0 0 0 2237 2237 422 
265 284 1 6.5 284 17.4295 0.71 0 0 0 2258 2258 423 
266 284 1 6.5 284 17.4295 0.71 0 0 0 2280 2280 424 
267 284 1 6.5 284 17.4295 0.71 0 0 0 2302 2302 425 
268 284 1 6.5 284 17.4295 0.71 0 0 0 2323 2323 426 
269 284 1 6.5 284 17.4295 0.71 0 0 0 2347 2347 427 
270 284 1 6.5 284 17.4295 0.71 0 0 0 2367 2367 430 
271 284 1 6.5 284 17.4295 0.71 0 0 0 2387 2387 431 
272 284 1 6.5 284 17.4295 0.71 0 0 0 2408 2408 432 
273 284 1 6.5 284 17.4295 0.71 0 0 0 2428 2428 433 
274 284 1 6.5 284 17.4295 0.71 0 0 0 2448 2448 434 
275 284 1 6.5 284 17.4295 0.71 0 0 0 2469 2469 435 
276 284 1 6.5 284 17.4295 0.71 0 0 0 2490 2490 436 
277 284 1 6.5 284 17.4295 0.71 0 0 0 2511 2511 437 
278 284 1 6.5 284 17.4295 0.71 0 0 0 2532 2532 438 
279 284 1 6.5 284 17.4295 0.71 0 0 0 2552 2552 439 
280 287 1 6.5 287 21.8597 0.7175 0 0 0 2583 2583 445 
281 295 1 6.5 295 18.6727 0.7375 0 0 0 2603 2603 451 
282 295 1 6.5 295 18.6727 0.7375 0 0 0 2627 2627 452 
283 295 1 6.5 295 18.1093 0.7375 0 0 0 2649 2649 453 
284 295 1 6.5 295 18.1093 0.7375 0 0 0 2671 2671 454 
285 295 1 6.5 295 18.0947 0.7375 0 0 0 2693 2693 457 
286 295 1 6.5 295 18.0947 0.7375 0 0 0 2715 2715 458 
287 295 1 6.5 295 18.0947 0.7375 0 0 0 2737 2737 459 
288 298 1 6.5 298 18.7497 0.745 0 0 0 2759 2759 465 
289 298 1 6.5 298 18.7497 0.745 0 0 0 2782 2782 469 
290 300 1 6.5 300 19.1083 0.75 0 0 0 2806 2806 476 
291 300 1 6.5 300 19.0822 0.75 0 0 0 2830 2830 477 
292 300 1 6.5 300 19.0822 0.75 0 0 0 2854 2854 478 
293 300 1 6.5 300 18.9375 0.75 0 0 0 2879 2879 481 
294 300 1 6.5 300 18.9375 0.75 0 0 0 2903 2903 484 
295 300 1 6.5 300 18.9375 0.75 0 0 0 2927 2927 485 
296 300 1 6.5 300 18.9375 0.75 0 0 0 2953 2953 492 
297 300 1 6.5 300 18.9375 0.75 0 0 0 2977 2977 494 
298 304 1 6.5 304 24.2622 0.76 0 0 0 3001 3001 508 
299 304 1 6.5 304 22.5747 0.76 0 0 0 3028 3028 513 
300 304 1 6.5 304 22.5747 0.76 0 0 0 3056 3056 514 
301 304 1 6.5 304 22.3456 0.76 0 0 0 3083 3083 520 
302 304 1 6.5 304 22.3456 0.76 0 0 0 3111 3111 521 
303 304 1 6.5 304 22.3456 0.76 0 0 0 3138 3138 525 
304 304 1 6.5 304 21.8052 0.76 0 0 0 3167 3167 529 
305 304 1 6.5 304 21.8052 0.76 0 0 0 3197 3197 530 
306 304 1 6.5 304 21.8052 0.76 0 0 0 3226 3226 542 
307 304 1 6.5 304 21.8052 0.76 0 0 0 3256 3256 543 
308 304 1 6.5 304 21.8052 0.76 0 0 0 3288 3288 544 
309 304 1 6.5 304 21.8052 0.76 0 0 0 3318 3318 545 
310 304 1 6.5 304 21.8052 0.76 0 0 0 3348 3348 546 
311 304 1 6.5 304 21.7597 0.76 0 0 0 3377 3377 549 
312 304 1 6.5 304 21.7597 0.76 0 0 0 3412 3412 551 
313 304 1 6.5 304 21.6563 0.76 0 0 0 3445 3445 554 
314 304 1 6.5 304 21.6563 0.76 0 0 0 3478 3478 561 
315 305 1 6.5 305 22.5392 0.7625 0 0 0 3522 3522 569 
316 305 1 6.5 305 22.5392 0.7625 0 0 0 3566 3566 570 
317 305 1 6.5 305 22.118 0.7625 0 0 0 3609 3609 576 
318 305 1 6.5 305 22.118 0.7625 0 0 0 3651 3651 578 
319 305 1 6.5 305 22.118 0.7625 0 0 0 3695 3695 583 
320 305 1 6.5 305 22.118 0.7625 0 0 0 3734 3734 585 
321 305 1 6.5 305 22.118 0.7625 0 0 0 3773 3773 586 
322 305 1 6.5 305 22.118 0.7625 0 0 0 3811 3811 587 
323 305 1 6.5 305 22.118 0.7625 0 0 0 3849 3849 591 
324 305 1 6.5 305 22.118 0.7625 0 0 0 3888 3888 592 
325 305 1 6.5 305 22.118 0.7625 0 0 0 3927 3927 594 
326 305 1 6.5 305 22.118 0.7625 0 0 0 3971 3971 596 
327 305 1 6.5 305 22.118 0.7625 0 0 0 4014 4014 598 
328 305 1 6.5 305 22.118 0.7625 0 0 0 4053 4053 599 
329 305 1 6.5 305 22.118 0.7625 0 0 0 4091 4091 600 
330 305 1 6.5 305 22.118 0.7625 0 0 0 4130 4130 601 
331 305 1 6.5 305 22.118 0.7625 0 0 0 4169 4169 602 
332 305 1 6.5 305 22.118 0.7625 0 0 0 4209 4209 606 
333 305 1 6.5 305 22.118 0.7625 0 0 0 4248 4248 607 
334 305 1 6.5 305 22.118 0.7625 0 0 0 4286 4286 608 
335 305 1 6.5 305 22.118 0.7625 0 0 0 4323 4323 614 
336 305 1 6.5 305 22.118 0.7625 0 0 0 4364 4364 615 
337 305 1 6.5 305 22.118 0.7625 0 0 0 4408 4408 616 
338 305 1 6.5 305 22.118 0.7625 0 0 0 4453 4453 617 
339 305 1 6.5 305 22.118 0.7625 0 0 0 4492 4492 618 
340 305 1 6.5 305 22.118 0.7625 0 0 0 4531 4531 619 
341 305 1 6.5 305 22.118 0.7625 0 0 0 4569 4569 620 
342 305 1 6.5 305 22.118 0.7625 0 0 0 4609 4609 621 
343 305 1 6.5 305 22.118 0.7625 0 0 0 4654 4654 622 
344 305 1 6.5 305 22.118 0.7625 0 0 0 4700 4700 627 
345 305 1 6.5 305 22.118 0.7625 0 0 0 4739 4739 628 
346 305 1 6.5 305 22.118 0.7625 0 0 0 4782 4782 631 
347 305 1 6.5 305 22.118 0.7625 0 0 0 4823 4823 632 
348 306 1 6.5 306 23.4609 0.765 0 0 0 4867 4867 635 
349 306 1 6.5 306 23.4609 0.765 0 0 0 4907 4907 641 
350 306 1 6.5 306 23.4609 0.765 0 0 0 4946 4946 642 
351 306 1 6.5 306 23.4609 0.765 0 0 0 4985 4985 643 
352 306 1 6.5 306 23.4609 0.765 0 0 0 5014 5014 651 
353 306 1 6.5 306 23.4609 0.765 0 0 0 5044 5044 652 
354 306 1 6.5 306 23.4609 0.765 0 0 0 5088 5088 656 
355 306 1 6.5 306 23.4609 0.765 0 0 0 5132 5132 661 
356 306 1 6.5 306 23.4609 0.765 0 0 0 5171 5171 662 
357 306 1 6.5 306 23.4609 0.765 0 0 0 5217 5217 663 
358 312 1 6.5 312 28.6264 0.78 0 0 0 5271 5271 675 
359 312 1 6.5 312 24.9258 0.78 0 0 0 5341 5341 687 
360 312 1 6.5 312 24.7463 0.78 0 0 0 5409 5409 689 
361 312 1 6.5 312 24.7463 0.78 0 0 0 5478 5478 690 
362 312 1 6.5 312 24.7463 0.78 0 0 0 5547 5547 691 
363 312 1 6.5 312 24.7463 0.78 0 0 0 5616 5616 692 
364 312 1 6.5 312 24.7463 0.78 0 0 0 5685 5685 695 
365 312 1 6.5 312 24.7463 0.78 0 0 0 5754 5754 696 
366 312 1 6.5 312 24.7463 0.78 0 0 0 5822 5822 697 
367 312 1 6.5 312 24.7463 0.78 0 0 0 5892 5892 698 
368 312 1 6.5 312 24.7463 0.78 0 0 0 5962 5962 699 
369 312 1 6.5 312 24.7463 0.78 0 0 0 6031 6031 701 
370 312 1 6.5 312 24.7463 0.78 0 0 0 6132 6132 708 
371 312 1 6.5 312 24.7463 0.78 0 0 0 6210 6210 714 
372 312 1 6.5 312 24.7463 0.78 0 0 0 6251 6251 721 
373 312 1 6.5 312 24.7463 0.78 0 0 0 6292 6292 722 
374 312 1 6.5 312 24.7463 0.78 0 0 0 6333 6333 723 
375 312 1 6.5 312 24.7463 0.78 0 0 0 6375 6375 724 
376 312 1 6.5 312 24.7463 0.78 0 0 0 6416 6416 725 
377 312 1 6.5 312 24.7463 0.78 0 0 0 6458 6458 726 
378 312 1 6.5 312 24.7463 0.78 0 0 0 6500 6500 727 
379 312 1 6.5 312 24.7463 0.78 0 0 0 6543 6543 728 
380 312 1 6.5 312 24.7463 0.78 0 0 0 6585 6585 729 
381 312 1 6.5 312 24.7463 0.78 0 0 0 6628 6628 730 
382 312 1 6.5 312 24.7463 0.78 0 0 0 6671 6671 731 
383 314 1 6.5 314 26.2104 0.785 0 0 0 6714 6714 742 
384 314 1 6.5 314 26.2104 0.785 0 0 0 6757 6757 749 
385 314 1 6.5 314 26.1069 0.785 0 0 0 6801 6801 750 
386 314 1 6.5 314 26.1069 0.785 0 0 0 6845 6845 751 
387 314 1 6.5 314 26.1069 0.785 0 0 0 6889 6889 752 
388 314 1 6.5 314 26.1069 0.785 0 0 0 6933 6933 753 
389 314 1 6.5 314 26.1069 0.785 0 0 0 6977 6977 754 
390 314 1 6.5 314 26.1069 0.785 0 0 0 7021 7021 755 
391 314 1 6.5 314 26.1069 0.785 0 0 0 7065 7065 756 
392 314 1 6.5 314 26.1069 0.785 0 0 0 7109 7109 758 
393 314 1 6.5 314 26.1069 0.785 0 0 0 7154 7154 762 
394 314 1 6.5 314 26.1069 0.785 0 0 0 7198 7198 763 
395 318 1 6.5 318 26.6408 0.795 0 0 0 7272 7272 769 
396 321 1 6.5 321 26.8197 0.8025 0 0 0 7340 7340 777 
397 322 1 6.5 322 26.6884 0.805 0 0 0 7412 7412 788 
398 322 1 6.5 322 26.298 0.805 0 0 0 7469 7469 795 
399 322 1 6.5 322 26.298 0.805 0 0 0 7542 7542 796 
400 322 1 6.5 322 26.1293 0.805 0 0 0 7614 7614 798 
401 322 1 6.5 322 26.1293 0.805 0 0 0 7684 7684 800 
402 322 1 6.5 322 26.1293 0.805 0 0 0 7754 7754 801 
403 322 1 6.5 322 26.1293 0.805 0 0 0 7826 7826 802 
404 322 1 6.5 322 26.1293 0.805 0 0 0 7897 7897 803 
405 322 1 6.5 322 26.1293 0.805 0 0 0 7968 7968 804 
406 323 1 6.5 323 26.253 0.8075 0 0 0 8025 8025 807 
407 323 1 6.5 323 26.253 0.8075 0 0 0 8095 8095 813 
408 323 1 6.5 323 26.253 0.8075 0 0 0 8157 8157 818 
409 323 1 6.5 323 26.253 0.8075 0 0 0 8228 8228 819 
410 323 1 6.5 323 26.253 0.8075 0 0 0 8299 8299 822 
411 323 1 6.5 323 26.253 0.8075 0 0 0 8370 8370 823 
412 323 1 6.5 323 26.253 0.8075 0 0 0 8439 8439 824 
413 323 1 6.5 323 26.253 0.8075 0 0 0 8505 8505 825 
414 341 1 6.5 341 27.0633 0.8525 0 0 0 8575 8575 830 
415 341 1 6.5 341 27.0633 0.8525 0 0 0 8645 8645 831 
416 341 1 6.5 341 27.0633 0.8525 0 0 0 8716 8716 832 
417 341 1 6.5 341 27.0633 0.8525 0 0 0 8786 8786 833 
418 341 1 6.5 341 27.0633 0.8525 0 0 0 8856 8856 834 
419 341 1 6.5 341 27.0633 0.8525 0 0 0 8926 8926 835 
420 341 1 6.5 341 27.0633 0.8525 0 0 0 8996 8996 836 
421 341 1 6.5 341 27.0633 0.8525 0 0 0 9067 9067 837 
422 341 1 6.5 341 27.0633 0.8525 0 0 0 9137 9137 838 
423 341 1 6.5 341 27.0633 0.8525 0 0 0 9210 9210 839 
424 341 1 6.5 341 27.0633 0.8525 0 0 0 9281 9281 840 
425 342 1 6.5 342 27.1099 0.855 0 0 0 9358 9358 843 
426 342 1 6.5 342 27.1099 0.855 0 0 0 9435 9435 844 
427 342 1 6.5 342 27.1099 0.855 0 0 0 9512 9512 845 
428 342 1 6.5 342 27.1099 0.855 0 0 0 9588 9588 846 
429 342 1 6.5 342 27.1099 0.855 0 0 0 9665 9665 847 
430 342 1 6.5 342 27.1099 0.855 0 0 0 9742 9742 848 
431 342 1 6.5 342 27.1099 0.855 0 0 0 9819 9819 849 
432 353 1 6.5 353 27.2503 0.8825 0 0 0 9899 9899 853 
433 355 1 6.5 355 31.0946 0.8875 0 0 0 9999 9999 868 
434 355 1 6.5 355 31.0946 0.8875 0 0 0 10095 10095 871 
435 355 1 6.5 355 31.0946 0.8875 0 0 0 10189 10189 874 
436 356 1 6.5 356 31.6714 0.89 0 0 0 10287 10287 875 
437 356 1 6.5 356 31.6714 0.89 0 0 0 10384 10384 876 
438 356 1 6.5 356 31.6714 0.89 0 0 0 10481 10481 877 
439 356 1 6.5 356 31.6714 0.89 0 0 0 10580 10580 878 
440 356 1 6.5 356 31.6714 0.89 0 0 0 10677 10677 879 
441 356 1 6.5 356 31.6714 0.89 0 0 0 10773 10773 880 
442 356 1 6.5 356 31.5855 0.89 0 0 0 10873 10873 887 
443 356 1 6.5 356 31.5855 0.89 0 0 0 10969 10969 888 
444 356 1 6.5 356 31.2823 0.89 0 0 0 11073 11073 891 
445 357 1 6.5 357 32.6226 0.8925 0 0 0 11190 11190 905 
446 358 1 6.5 358 32.5888 0.895 0 0 0 11307 11307 918 
447 358 1 6.5 358 32.5888 0.895 0 0 0 11442 11442 928 
448 358 1 6.5 358 32.5888 0.895 0 0 0 11576 11576 932 
449 358 1 6.5 358 32.5888 0.895 0 0 0 11717 11717 941 
450 358 1 6.5 358 32.5888 0.895 0 0 0 11863 11863 943 
451 358 1 6.5 358 32.5888 0.895 0 0 0 12007 12007 950 
452 358 1 6.5 358 32.5888 0.895 0 0 0 12152 12152 951 
453 358 1 6.5 358 32.5888 0.895 0 0 0 12308 12308 960 
454 358 1 6.5 358 32.5888 0.895 0 0 0 12469 12469 969 
455 358 1 6.5 358 32.5888 0.895 0 0 0 12629 12629 970 
456 358 1 6.5 358 32.5888 0.895 0 0 0 12790 12790 971 
457 358 1 6.5 358 32.5888 0.895 0 0 0 12950 12950 972 
458 358 1 6.5 358 32.5888 0.895 0 0 0 13101 13101 978 
459 358 1 6.5 358 32.5888 0.895 0 0 0 13263 13263 981 
460 358 1 6.5 358 32.5888 0.895 0 0 0 13423 13423 983 
461 358 1 6.5 358 32.5888 0.895 0 0 0 13518 13518 995 
462 358 1 6.5 358 32.5888 0.895 0 0 0 13680 13680 996 
463 358 1 6.5 358 32.5888 0.895 0 0 0 13846 13846 999 
464 358 1 6.5 358 32.5888 0.895 0 0 0 14007 14007 1000 
465 358 1 6.5 358 32.5888 0.895 0 0 0 14174 14174 1001 
466 358 1 6.5 358 32.5888 0.895 0 0 0 14342 14342 1002 
467 358 1 6.5 358 32.5888 0.895 0 0 0 14509 14509 1004 
468 358 1 6.5 358 32.5888 0.895 0 0 0 14671 14671 1005 
469 358 1 6.5 358 32.5888 0.895 0 0 0 14832 14832 1006 
470 358 1 6.5 358 32.5888 0.895 0 0 0 14991 14991 1009 
471 358 1 6.5 358 32.5888 0.895 0 0 0 15152 15152 1010 
472 358 1 6.5 358 32.5888 0.895 0 0 0 15313 15313 1011 
473 358 1 6.5 358 32.5888 0.895 0 0 0 15474 15474 1012 
474 358 1 6.5 358 32.5888 0.895 0 0 0 15636 15636 1013 
475 358 1 6.5 358 32.5888 0.895 0 0 0 15800 15800 1015 
476 359 1 6.5 359 28.2917 0.8975 0 0 0 15876 15876 1026 
477 359 1 6.5 359 27.7941 0.8975 0 0 0 15948 15948 1042 
478 359 1 6.5 359 27.7941 0.8975 0 0 0 16021 16021 1043 
479 359 1 6.5 359 27.7941 0.8975 0 0 0 16092 16092 1044 
480 359 1 6.5 359 27.7941 0.8975 0 0 0 16164 16164 1045 
481 359 1 6.5 359 27.7941 0.8975 0 0 0 16244 16244 1051 
482 359 1 6.5 359 27.7731 0.8975 0 0 0 16323 16323 1054 
483 359 1 6.5 359 27.7731 0.8975 0 0 0 16397 16397 1055 
484 359 1 6.5 359 27.7731 0.8975 0 0 0 16471 16471 1056 
485 362 1 6.5 362 30.0794 0.905 0 0 0 16614 16614 1063 
486 362 1 6.5 362 30.0794 0.905 0 0 0 16756 16756 1064 
487 362 1 6.5 362 30.0493 0.905 0 0 0 16896 16896 1065 
488 362 1 6.5 362 30.0493 0.905 0 0 0 17036 17036 1066 
489 365 1 6.5 365 30.1137 0.9125 0 0 0 17174 17174 1069 
490 365 1 6.5 365 30.1137 0.9125 0 0 0 17311 17311 1070 
491 365 1 6.5 365 30.1137 0.9125 0 0 0 17448 17448 1071 
492 365 1 6.5 365 30.1137 0.9125 0 0 0 17585 17585 1072 
493 365 1 6.5 365 30.1137 0.9125 0 0 0 17745 17745 1077 
494 365 1 6.5 365 30.1137 0.9125 0 0 0 17904 17904 1078 
495 365 1 6.5 365 30.1137 0.9125 0 0 0 18042 18042 1081 
496 365 1 6.5 365 30.1137 0.9125 0 0 0 18179 18179 1085 
497 365 1 6.5 365 30.1137 0.9125 0 0 0 18317 18317 1086 
498 365 1 6.5 365 30.1137 0.9125 0 0 0 18454 18454 1087 
499 365 1 6.5 365 30.1137 0.9125 0 0 0 18594 18594 1088 
500 366 1 6.5 366 30.7384 0.915 0 0 0 18737 18737 1092 
501 366 1 6.5 366 30.7384 0.915 0 0 0 18880 18880 1093 
502 366 1 6.5 366 30.7384 0.915 0 0 0 19024 19024 1094 
503 366 1 6.5 366 30.7384 0.915 0 0 0 19167 19167 1095 
504 366 1 6.5 366 30.7384 0.915 0 0 0 19311 19311 1096 
505 366 1 6.5 366 30.7384 0.915 0 0 0 19455 19455 1097 
506 366 1 6.5 366 30.7384 0.915 0 0 0 19620 19620 1098 
507 367 1 6.5 367 31.1033 0.9175 0 0 0 19792 19792 1102 
508 367 1 6.5 367 31.1033 0.9175 0 0 0 19962 19962 1103 
509 367 1 6.5 367 30.941 0.9175 0 0 0 20108 20108 1104 
510 367 1 6.5 367 30.941 0.9175 0 0 0 20256 20256 1105 
511 367 1 6.5 367 30.941 0.9175 0 0 0 20403 20403 1106 
512 367 1 6.5 367 30.941 0.9175 0 0 0 20550 20550 1107 
513 367 1 6.5 367 30.941 0.9175 0 0 0 20674 20674 1113 
514 367 1 6.5 367 30.941 0.9175 0 0 0 20821 20821 1114 
515 367 1 6.5 367 30.941 0.9175 0 0 0 20992 20992 1119 
516 367 1 6.5 367 30.941 0.9175 0 0 0 21113 21113 1131 
517 367 1 6.5 367 30.941 0.9175 0 0 0 21234 21234 1132 
518 367 1 6.5 367 30.941 0.9175 0 0 0 21355 21355 1133 
519 368 1 6.5 368 35.817 0.92 0 0 0 21476 21476 1136 
520 368 1 6.5 368 35.817 0.92 0 0 0 21596 21596 1137 
521 368 1 6.5 368 35.817 0.92 0 0 0 21719 21719 1138 
522 368 1 6.5 368 35.817 0.92 0 0 0 21840 21840 1139 
523 368 1 6.5 368 35.816 0.92 0 0 0 21962 21962 1140 
524 368 1 6.5 368 35.816 0.92 0 0 0 22083 22083 1141 
525 368 1 6.5 368 35.816 0.92 0 0 0 22205 22205 1142 
526 368 1 6.5 368 35.816 0.92 0 0 0 22327 22327 1143 
527 368 1 6.5 368 35.816 0.92 0 0 0 22450 22450 1144 
528 368 1 6.5 368 35.816 0.92 0 0 0 22572 22572 1145 
529 369 1 6.5 369 33.2237 0.9225 0 0 0 22736 22736 1151 
530 369 1 6.5 369 33.2237 0.9225 0 0 0 22900 22900 1152 
531 370 1 6.5 370 40.9929 0.925 0 0 0 23295 23295 1162 
532 370 1 6.5 370 40.9929 0.925 0 0 0 23695 23695 1163 
533 370 1 6.5 370 40.9929 0.925 0 0 0 23992 23992 1174 
534 370 1 6.5 370 40.9929 0.925 0 0 0 24394 24394 1175 
535 370 1 6.5 370 40.9929 0.925 0 0 0 24803 24803 1176 
536 370 1 6.5 370 40.9929 0.925 0 0 0 25209 25209 1177 
537 370 1 6.5 370 40.9929 0.925 0 0 0 25599 25599 1187 
538 370 1 6.5 370 40.9929 0.925 0 0 0 26009 26009 1188 
539 370 1 6.5 370 40.9929 0.925 0 0 0 26503 26503 1211 
540 370 1 6.5 370 40.8382 0.925 0 0 0 27107 27107 1224 
541 370 1 6.5 370 40.8382 0.925 0 0 0 27711 27711 1227 
542 370 1 6.5 370 40.8382 0.925 0 0 0 28310 28310 1230 
543 370 1 6.5 370 40.8382 0.925 0 0 0 28931 28931 1231 
544 370 1 6.5 370 38.8926 0.925 0 0 0 29545 29545 1233 
545 370 1 6.5 370 37.5889 0.925 0 0 0 29777 29777 1248 
546 370 1 6.5 370 37.5871 0.925 0 0 0 29999 29999 1249 
547 370 1 6.5 370 37.5871 0.925 0 0 0 30222 30222 1250 
548 371 1 6.5 371 40.6948 0.9275 0 0 0 30376 30376 1270 
549 371 1 6.5 371 40.6948 0.9275 0 0 0 30529 30529 1271 
550 371 1 6.5 371 40.613 0.9275 0 0 0 30683 30683 1276 
551 371 1 6.5 371 40.613 0.9275 0 0 0 30827 30827 1282 
552 371 1 6.5 371 40.613 0.9275 0 0 0 30970 30970 1290 
553 371 1 6.5 371 40.613 0.9275 0 0 0 31113 31113 1295 
554 371 1 6.5 371 40.613 0.9275 0 0 0 31278 31278 1296 
555 371 1 6.5 371 40.613 0.9275 0 0 0 31425 31425 1298 
556 371 1 6.5 371 40.613 0.9275 0 0 0 31579 31579 1302 
557 371 1 6.5 371 40.613 0.9275 0 0 0 31736 31736 1307 
558 371 1 6.5 371 37.6707 0.9275 0 0 0 31961 31961 1311 
559 371 1 6.5 371 37.6689 0.9275 0 0 0 32190 32190 1312 
560 371 1 6.5 371 37.6689 0.9275 0 0 0 32418 32418 1313 
561 371 1 6.5 371 37.6689 0.9275 0 0 0 32604 32604 1314 
562 371 1 6.5 371 37.6689 0.9275 0 0 0 32792 32792 1315 
563 371 1 6.5 371 37.6689 0.9275 0 0 0 32980 32980 1316 
564 371 1 6.5 371 37.6689 0.9275 0 0 0 33166 33166 1317 
565 371 1 6.5 371 37.6689 0.9275 0 0 0 33359 33359 1318 
566 371 1 6.5 371 37.6689 0.9275 0 0 0 33549 33549 1319 
567 371 1 6.5 371 37.6689 0.9275 0 0 0 33741 33741 1320 
568 371 1 6.5 371 37.6689 0.9275 0 0 0 33934 33934 1321 
569 371 1 6.5 371 37.6689 0.9275 0 0 0 34055 34055 1336 
570 371 1 6.5 371 37.6689 0.9275 0 0 0 34174 34174 1337 
571 371 1 6.5 371 37.6689 0.9275 0 0 0 34294 34294 1343 
572 371 1 6.5 371 37.6689 0.9275 0 0 0 34415 34415 1344 
573 371 1 6.5 371 37.6689 0.9275 0 0 0 34547 34547 1346 
574 371 1 6.5 371 37.6689 0.9275 0 0 0 34668 34668 1350 
575 371 1 6.5 371 37.6689 0.9275 0 0 0 34789 34789 1351 
576 371 1 6.5 371 37.6689 0.9275 0 0 0 34909 34909 1352 
577 372 1 6.5 372 41.7029 0.93 0 0 0 35027 35027 1359 
578 372 1 6.5 372 41.7029 0.93 0 0 0 35145 35145 1360 
579 372 1 6.5 372 41.7029 0.93 0 0 0 35264 35264 1361 
580 372 1 6.5 372 41.7029 0.93 0 0 0 35382 35382 1362 
581 372 1 6.5 372 41.7029 0.93 0 0 0 35500 35500 1363 
582 372 1 6.5 372 41.5648 0.93 0 0 0 35606 35606 1368 
583 372 1 6.5 372 41.5648 0.93 0 0 0 35836 35836 1393 
584 372 1 6.5 372 41.5648 0.93 0 0 0 36069 36069 1394 
585 372 1 6.5 372 41.5648 0.93 0 0 0 36302 36302 1395 
586 372 1 6.5 372 41.5648 0.93 0 0 0 36473 36473 1408 
587 372 1 6.5 372 41.5648 0.93 0 0 0 36639 36639 1417 
588 372 1 6.5 372 41.5648 0.93 0 0 0 36806 36806 1439 
589 372 1 6.5 372 41.5648 0.93 0 0 0 37042 37042 1442 
590 372 1 6.5 372 41.5648 0.93 0 0 0 37279 37279 1443 
591 372 1 6.5 372 41.5648 0.93 0 0 0 37447 37447 1446 
592 372 1 6.5 372 41.5648 0.93 0 0 0 37686 37686 1449 
593 372 1 6.5 372 41.5648 0.93 0 0 0 37923 37923 1450 
594 372 1 6.5 372 41.5648 0.93 0 0 0 38283 38283 1467 
595 372 1 6.5 372 41.5648 0.93 0 0 0 38521 38521 1475 
596 372 1 6.5 372 41.5648 0.93 0 0 0 39097 39097 1491 
597 372 1 6.5 372 41.5648 0.93 0 0 0 39337 39337 1492 
598 372 1 6.5 372 41.5648 0.93 0 0 0 39507 39507 1497 
599 372 1 6.5 372 41.5648 0.93 0 0 0 39750 39750 1498 
600 372 1 6.5 372 41.5648 0.93 0 0 0 39990 39990 1499 
601 372 1 6.5 372 41.5648 0.93 0 0 0 40214 40214 1501 
602 372 1 6.5 372 41.5648 0.93 0 0 0 40455 40455 1502 
603 372 1 6.5 372 41.5648 0.93 0 0 0 40695 40695 1503 
604 372 1 6.5 372 41.5648 0.93 0 0 0 40936 40936 1504 
605 372 1 6.5 372 41.5648 0.93 0 0 0 41176 41176 1507 
606 372 1 6.5 372 41.5648 0.93 0 0 0 41418 41418 1508 
607 372 1 6.5 372 41.5648 0.93 0 0 0 41658 41658 1509 
608 372 1 6.5 372 41.5648 0.93 0 0 0 42021 42021 1517 
609 372 1 6.5 372 41.5648 0.93 0 0 0 42406 42406 1521 
610 372 1 6.5 372 41.5648 0.93 0 0 0 43042 43042 1532 
611 372 1 6.5 372 41.5648 0.93 0 0 0 43289 43289 1537 
612 372 1 6.5 372 41.5648 0.93 0 0 0 43535 43535 1539 
613 372 1 6.5 372 41.5648 0.93 0 0 0 43773 43773 1540 
614 372 1 6.5 372 41.5648 0.93 0 0 0 44015 44015 1541 
615 372 1 6.5 372 41.5648 0.93 0 0 0 44265 44265 1542 
616 372 1 6.5 372 41.5648 0.93 0 0 0 44510 44510 1545 
617 372 1 6.5 372 41.5648 0.93 0 0 0 44755 44755 1546 
618 372 1 6.5 372 41.5648 0.93 0 0 0 45001 45001 1551 
619 372 1 6.5 372 41.5648 0.93 0 0 0 45248 45248 1554 
620 372 1 6.5 372 41.5648 0.93 0 0 0 45493 45493 1558 
621 372 1 6.5 372 41.5648 0.93 0 0 0 45665 45665 1561 
622 372 1 6.5 372 41.5648 0.93 0 0 0 45910 45910 1562 
623 372 1 6.5 372 41.5648 0.93 0 0 0 46156 46156 1563 
624 372 1 6.5 372 41.5648 0.93 0 0 0 46402 46402 1564 
625 373 1 6.5 373 51.0053 0.9325 0 0 0 46711 46711 1573 
626 373 1 6.5 373 50.721 0.9325 0 0 0 47148 47148 1575 
627 373 1 6.5 373 50.721 0.9325 0 0 0 47773 47773 1591 
628 373 1 6.5 373 50.721 0.9325 0 0 0 48211 48211 1592 
629 376 1 6.5 376 50.732 0.94 0 0 0 48658 48658 1594 
630 376 1 6.5 376 45.5766 0.94 0 0 0 49317 49317 1609 
631 376 1 6.5 376 45.3825 0.94 0 0 0 49954 49954 1622 
632 376 1 6.5 376 45.3825 0.94 0 0 0 50428 50428 1623 
633 376 1 6.5 376 45.3825 0.94 0 0 0 50894 50894 1624 
634 379 1 6.5 379 52.6986 0.9475 0 0 0 51442 51442 1630 
635 379 1 6.5 379 52.6986 0.9475 0 0 0 51993 51993 1637 
636 379 1 6.5 379 52.673 0.9475 0 0 0 52324 52324 1648 
637 379 1 6.5 379 52.673 0.9475 0 0 0 52850 52850 1654 
638 379 1 6.5 379 52.673 0.9475 0 0 0 53400 53400 1658 
639 379 1 6.5 379 52.673 0.9475 0 0 0 53951 53951 1662 
640 379 1 6.5 379 52.5143 0.9475 0 0 0 54536 54536 1667 
641 379 1 6.5 379 45.3569 0.9475 0 0 0 55078 55078 1677 
642 382 1 6.5 382 45.8762 0.955 0 0 0 55651 55651 1684 
643 385 1 6.5 385 52.8778 0.9625 0 0 0 56267 56267 1693 
644 385 1 6.5 385 52.8778 0.9625 0 0 0 56885 56885 1701 
645 388 1 6.5 388 51.3941 0.97 0 0 0 57498 57498 1706 
646 388 1 6.5 388 50.7332 0.97 0 0 0 58116 58116 1710 
647 388 1 6.5 388 46.1085 0.97 0 0 0 58735 58735 1721 
648 388 1 6.5 388 46.1085 0.97 0 0 0 59351 59351 1722 
649 388 1 6.5 388 46.1085 0.97 0 0 0 59964 59964 1723 
650 388 1 6.5 388 46.1085 0.97 0 0 0 60601 60601 1724 
651 388 1 6.5 388 46.1085 0.97 0 0 0 61226 61226 1725 
652 388 1 6.5 388 46.1085 0.97 0 0 0 61805 61805 1727 
653 388 1 6.5 388 46.1085 0.97 0 0 0 62473 62473 1730 
654 388 1 6.5 388 46.1085 0.97 0 0 0 63123 63123 1734 
655 388 1 6.5 388 46.1085 0.97 0 0 0 63373 63373 1746 
656 388 1 6.5 388 46.1085 0.97 0 0 0 63950 63950 1750 
657 388 1 6.5 388 46.1085 0.97 0 0 0 64179 64179 1756 
658 388 1 6.5 388 46.1085 0.97 0 0 0 64815 64815 1757 
659 388 1 6.5 388 46.1085 0.97 0 0 0 65122 65122 1762 
660 388 1 6.5 388 46.1085 0.97 0 0 0 65511 65511 1770 
661 388 1 6.5 388 46.1085 0.97 0 0 0 65805 65805 1777 
662 388 1 6.5 388 46.1085 0.97 0 0 0 66193 66193 1778 
663 388 1 6.5 388 46.1085 0.97 0 0 0 66584 66584 1781 
664 388 1 6.5 388 46.1085 0.97 0 0 0 66976 66976 1785 
665 388 1 6.5 388 46.1085 0.97 0 0 0 67358 67358 1787 
666 388 1 6.5 388 46.1085 0.97 0 0 0 67747 67747 1788 
667 388 1 6.5 388 46.1085 0.97 0 0 0 68153 68153 1790 
668 388 1 6.5 388 46.1085 0.97 0 0 0 68543 68543 1794 
669 388 1 6.5 388 46.1085 0.97 0 0 0 68846 68846 1798 
670 388 1 6.5 388 46.1085 0.97 0 0 0 69073 69073 1803 
671 388 1 6.5 388 46.1085 0.97 0 0 0 69703 69703 1805 
672 389 1 6.5 389 54.1076 0.9725 0 0 0 69916 69916 1807 
673 389 1 6.5 389 47.4956 0.9725 0 0 0 70778 70778 1828 
674 389 1 6.5 389 47.4956 0.9725 0 0 0 71641 71641 1842 
675 389 1 6.5 389 45.6919 0.9725 0 0 0 72505 72505 1850 
676 389 1 6.5 389 45.6919 0.9725 0 0 0 73371 73371 1851 
677 389 1 6.5 389 45.6134 0.9725 0 0 0 74245 74245 1852 
678 389 1 6.5 389 45.6134 0.9725 0 0 0 75097 75097 1853 
679 389 1 6.5 389 45.6134 0.9725 0 0 0 75974 75974 1857 
680 389 1 6.5 389 45.5526 0.9725 0 0 0 76858 76858 1858 
681 389 1 6.5 389 45.5526 0.9725 0 0 0 77735 77735 1859 
682 389 1 6.5 389 45.5526 0.9725 0 0 0 78610 78610 1860 
683 389 1 6.5 389 45.5526 0.9725 0 0 0 79465 79465 1861 
684 389 1 6.5 389 45.5526 0.9725 0 0 0 80350 80350 1862 
685 389 1 6.5 389 45.5526 0.9725 0 0 0 81210 81210 1863 
686 389 1 6.5 389 45.5526 0.9725 0 0 0 82079 82079 1864 
687 389 1 6.5 389 45.5526 0.9725 0 0 0 82615 82615 1865 
688 389 1 6.5 389 45.5526 0.9725 0 0 0 83177 83177 1874 
689 389 1 6.5 389 45.5526 0.9725 0 0 0 83547 83547 1878 
690 389 1 6.5 389 45.5526 0.9725 0 0 0 83923 83923 1881 
691 389 1 6.5 389 45.5526 0.9725 0 0 0 84220 84220 1890 
692 389 1 6.5 389 45.5526 0.9725 0 0 0 84584 84584 1891 
693 389 1 6.5 389 45.5526 0.9725 0 0 0 84947 84947 1897 
694 389 1 6.5 389 45.5526 0.9725 0 0 0 85313 85313 1902 
695 389 1 6.5 389 45.5526 0.9725 0 0 0 85678 85678 1903 
696 389 1 6.5 389 45.5526 0.9725 0 0 0 86064 86064 1905 
697 389 1 6.5 389 45.5526 0.9725 0 0 0 86654 86654 1917 
698 389 1 6.5 389 45.5526 0.9725 0 0 0 87248 87248 1920 
699 389 1 6.5 389 45.5526 0.9725 0 0 0 87836 87836 1922 
700 389 1 6.5 389 45.5526 0.9725 0 0 0 88212 88212 1939 
701 389 1 6.5 389 45.5526 0.9725 0 0 0 88982 88982 1947 
702 389 1 6.5 389 45.5526 0.9725 0 0 0 89859 89859 1966 
703 389 1 6.5 389 45.5526 0.9725 0 0 0 90752 90752 1983 
704 389 1 6.5 389 45.5526 0.9725 0 0 0 91385 91385 2005 
705 389 1 6.5 389 45.5526 0.9725 0 0 0 92286 92286 2017 
706 389 1 6.5 389 45.5526 0.9725 0 0 0 93264 93264 2032 
707 389 1 6.5 389 45.5526 0.9725 0 0 0 94297 94297 2060 
708 389 1 6.5 389 42.8621 0.9725 0 0 0 95362 95362 2078 
709 389 1 6.5 389 42.8621 0.9725 0 0 0 96509 96509 2100 
710 389 1 6.5 389 42.8621 0.9725 0 0 0 97479 97479 2110 
711 389 1 6.5 389 42.8621 0.9725 0 0 0 98189 98189 2126 
712 389 1 6.5 389 42.8621 0.9725 0 0 0 99416 99416 2133 
713 389 1 6.5 389 42.8621 0.9725 0 0 0 99897 99897 2150 
714 389 1 6.5 389 42.8621 0.9725 0 0 0 100870 100870 2155 
715 389 1 6.5 389 42.8621 0.9725 0 0 0 102007 102007 2158 
716 389 1 6.5 389 42.8621 0.9725 0 0 0 102749 102749 2170 
717 389 1 6.5 389 42.8621 0.9725 0 0 0 103854 103854 2184 
718 389 1 6.5 389 42.8621 0.9725 0 0 0 105066 105066 2196 
719 389 1 6.5 389 42.8621 0.9725 0 0 0 106294 106294 2197 
720 389 1 6.5 389 42.8621 0.9725 0 0 0 107253 107253 2209 
721 389 1 6.5 389 42.8621 0.9725 0 0 0 108490 108490 2211 
722 389 1 6.5 389 42.8621 0.9725 0 0 0 109648 109648 2220 
723 389 1 6.5 389 42.8621 0.9725 0 0 0 110700 110700 2223 
724 389 1 6.5 389 42.8621 0.9725 0 0 0 111710 111710 2226 
725 389 1 6.5 389 42.8621 0.9725 0 0 0 112932 112932 2228 
726 389 1 6.5 389 42.8621 0.9725 0 0 0 114311 114311 2236 
727 389 1 6.5 389 42.8621 0.9725 0 0 0 115763 115763 2238 
728 389 1 6.5 389 42.8621 0.9725 0 0 0 116263 116263 2243 
729 389 1 6.5 389 42.8621 0.9725 0 0 0 117397 117397 2250 
730 389 1 6.5 389 42.8621 0.9725 0 0 0 118513 118513 2253 
731 389 1 6.5 389 42.8621 0.9725 0 0 0 119159 119159 2261 
732 389 1 6.5 389 42.8621 0.9725 0 0 0 120600 120600 2266 
733 389 1 6.5 389 42.8621 0.9725 0 0 0 121294 121294 2279 
734 389 1 6.5 389 42.8621 0.9725 0 0 0 121968 121968 2287 
735 389 1 6.5 389 42.8621 0.9725 0 0 0 122573 122573 2303 
736 389 1 6.5 389 42.8621 0.9725 0 0 0 123243 123243 2314 
737 389 1 6.5 389 42.8621 0.9725 0 0 0 124174 124174 2330 
738 389 1 6.5 389 42.8621 0.9725 0 0 0 124590 124590 2340 
739 389 1 6.5 389 42.8621 0.9725 0 0 0 125016 125016 2352 
740 389 1 6.5 389 42.8621 0.9725 0 0 0 125510 125510 2362 
741 389 1 6.5 389 42.8621 0.9725 0 0 0 126214 126214 2372 
742 389 1 6.5 389 42.8621 0.9725 0 0 0 127206 127206 2378 
743 389 1 6.5 389 42.8621 0.9725 0 0 0 127719 127719 2386 
744 389 1 6.5 389 42.8621 0.9725 0 0 0 128247 128247 2396 
745 389 1 6.5 389 42.8621 0.9725 0 0 0 128983 128983 2405 
746 389 1 6.5 389 42.8621 0.9725 0 0 0 129514 129514 2412 
747 389 1 6.5 389 42.8621 0.9725 0 0 0 129931 129931 2418 
748 389 1 6.5 389 42.8621 0.9725 0 0 0 130616 130616 2427 
749 389 1 6.5 389 42.8621 0.9725 0 0 0 131519 131519 2433 
750 389 1 6.5 389 42.8621 0.9725 0 0 0 132007 132007 2438 
751 389 1 6.5 389 42.8621 0.9725 0 0 0 133134 133134 2447 
752 389 1 6.5 389 42.8621 0.9725 0 0 0 133586 133586 2453 
753 389 1 6.5 389 42.8621 0.9725 0 0 0 134312 134312 2462 
754 389 1 6.5 389 42.8621 0.9725 0 0 0 134741 134741 2468 
755 389 1 6.5 389 42.8621 0.9725 0 0 0 135161 135161 2471 
756 389 1 6.5 389 42.8621 0.9725 0 0 0 136033 136033 2478 
757 389 1 6.5 389 42.8621 0.9725 0 0 0 136883 136883 2483 
758 389 1 6.5 389 42.8621 0.9725 0 0 0 137583 137583 2497 
759 389 1 6.5 389 42.8621 0.9725 0 0 0 138417 138417 2500 
760 389 1 6.5 389 42.8621 0.9725 0 0 0 139567 139567 2508 
761 389 1 6.5 389 42.8621 0.9725 0 0 0 140382 140382 2510 
762 389 1 6.5 389 42.8621 0.9725 0 0 0 140887 140887 2513 
763 389 1 6.5 389 42.8621 0.9725 0 0 0 141398 141398 2520 
764 389 1 6.5 389 42.8621 0.9725 0 0 0 141817 141817 2528 
765 389 1 6.5 389 42.8621 0.9725 0 0 0 142834 142834 2532 
766 389 1 6.5 389 42.8621 0.9725 0 0 0 143728 143728 2537 
767 389 1 6.5 389 42.8621 0.9725 0 0 0 144236 144236 2542 
768 389 1 6.5 389 42.8621 0.9725 0 0 0 144697 144697 2551 
769 389 1 6.5 389 42.8621 0.9725 0 0 0 145217 145217 2561 
770 389 1 6.5 389 42.8621 0.9725 0 0 0 145587 145587 2567 
771 389 1 6.5 389 42.8621 0.9725 0 0 0 146404 146404 2579 
772 389 1 6.5 389 42.8621 0.9725 0 0 0 146871 146871 2582 
773 389 1 6.5 389 42.8621 0.9725 0 0 0 147534 147534 2594 
774 389 1 6.5 389 42.8621 0.9725 0 0 0 148321 148321 2611 
775 389 1 6.5 389 42.8621 0.9725 0 0 0 149131 149131 2620 
776 389 1 6.5 389 42.8621 0.9725 0 0 0 150315 150315 2625 
777 389 1 6.5 389 42.8621 0.9725 0 0 0 151453 151453 2631 
778 389 1 6.5 389 42.8621 0.9725 0 0 0 152504 152504 2638 
779 389 1 6.5 389 42.8621 0.9725 0 0 0 152913 152913 2643 
780 389 1 6.5 389 42.8621 0.9725 0 0 0 153791 153791 2645 
781 389 1 6.5 389 42.8621 0.9725 0 0 0 154309 154309 2649 
782 389 1 6.5 389 42.8621 0.9725 0 0 0 155070 155070 2654 
783 389 1 6.5 389 42.8621 0.9725 0 0 0 155959 155959 2661 
784 389 1 6.5 389 42.8621 0.9725 0 0 0 156466 156466 2667 
785 389 1 6.5 389 42.8621 0.9725 0 0 0 156986 156986 2672 
786 389 1 6.5 389 42.8621 0.9725 0 0 0 158027 158027 2676 
787 389 1 6.5 389 42.8621 0.9725 0 0 0 158524 158524 2686 
788 389 1 6.5 389 42.8621 0.9725 0 0 0 159027 159027 2691 
789 389 1 6.5 389 42.8621 0.9725 0 0 0 159576 159576 2703 
790 389 1 6.5 389 42.8621 0.9725 0 0 0 160462 160462 2705 
791 389 1 6.5 389 42.8621 0.9725 0 0 0 161162 161162 2706 
792 389 1 6.5 389 42.8621 0.9725 0 0 0 161621 161621 2709 
793 389 1 6.5 389 42.8621 0.9725 0 0 0 162085 162085 2714 
794 389 1 6.5 389 42.8621 0.9725 0 0 0 162545 162545 2722 
795 389 1 6.5 389 42.8621 0.9725 0 0 0 163089 163089 2727 
796 389 1 6.5 389 42.8621 0.9725 0 0 0 163606 163606 2730 
797 389 1 6.5 389 42.8621 0.9725 0 0 0 164135 164135 2734 
798 389 1 6.5 389 42.8621 0.9725 0 0 0 165610 165610 2737 
799 389 1 6.5 389 42.8621 0.9725 0 0 0 166061 166061 2743 
800 389 1 6.5 389 42.8621 0.9725 0 0 0 166567 166567 2744 
801 389 1 6.5 389 42.8621 0.9725 0 0 0 166950 166950 2745 
802 389 1 6.5 389 42.8621 0.9725 0 0 0 167507 167507 2754 
803 389 1 6.5 389 42.8621 0.9725 0 0 0 168008 168008 2757 
804 389 1 6.5 389 42.8621 0.9725 0 0 0 168377 168377 2763 
805 389 1 6.5 389 42.8621 0.9725 0 0 0 169202 169202 2767 
806 389 1 6.5 389 42.8621 0.9725 0 0 0 169984 169984 2780 
807 389 1 6.5 389 42.8621 0.9725 0 0 0 170821 170821 2785 
808 389 1 6.5 389 42.8621 0.9725 0 0 0 171354 171354 2788 
809 389 1 6.5 389 42.8621 0.9725 0 0 0 171890 171890 2789 
810 389 1 6.5 389 42.8621 0.9725 0 0 0 172396 172396 2796 
811 389 1 6.5 389 42.8621 0.9725 0 0 0 173070 173070 2800 
812 389 1 6.5 389 42.8621 0.9725 0 0 0 173698 173698 2811 
813 389 1 6.5 389 42.8621 0.9725 0 0 0 174362 174362 2815 
814 389 1 6.5 389 42.8621 0.9725 0 0 0 174973 174973 2822 
815 389 1 6.5 389 42.8621 0.9725 0 0 0 175607 175607 2826 
816 389 1 6.5 389 42.8621 0.9725 0 0 0 176264 176264 2829 
817 389 1 6.5 389 42.8621 0.9725 0 0 0 176801 176801 2832 
818 389 1 6.5 389 42.8621 0.9725 0 0 0 177650 177650 2835 
819 389 1 6.5 389 42.8621 0.9725 0 0 0 178060 178060 2836 
820 389 1 6.5 389 42.8621 0.9725 0 0 0 179131 179131 2838 
821 389 1 6.5 389 42.8621 0.9725 0 0 0 180300 180300 2842 
822 389 1 6.5 389 42.8621 0.9725 0 0 0 181116 181116 2844 
823 392 1 6.5 392 57.5665 0.98 0 0 0 181743 181743 2853 
824 392 1 6.5 392 57.5665 0.98 0 0 0 182404 182404 2864 
825 392 1 6.5 392 57.3114 0.98 0 0 0 183185 183185 2866 
826 392 1 6.5 392 52.749 0.98 0 0 0 184953 184953 2871 
827 392 1 6.5 392 52.749 0.98 0 0 0 186815 186815 2875 
828 392 1 6.5 392 52.749 0.98 0 0 0 188082 188082 2880 
829 392 1 6.5 392 52.749 0.98 0 0 0 188965 188965 2881 
830 392 1 6.5 392 52.749 0.98 0 0 0 189970 189970 2889 
831 392 1 6.5 392 52.749 0.98 0 0 0 190857 190857 2893 
832 392 1 6.5 392 52.749 0.98 0 0 0 191794 191794 2899 
833 392 1 6.5 392 52.749 0.98 0 0 0 192670 192670 2901 
834 392 1 6.5 392 52.749 0.98 0 0 0 194039 194039 2910 
835 392 1 6.5 392 52.749 0.98 0 0 0 195548 195548 2915 
836 392 1 6.5 392 52.749 0.98 0 0 0 196606 196606 2930 
837 392 1 6.5 392 52.749 0.98 0 0 0 197884 197884 2937 
838 392 1 6.5 392 52.749 0.98 0 0 0 199177 199177 2943 
839 392 1 6.5 392 52.749 0.98 0 0 0 200021 200021 2947 
840 392 1 6.5 392 52.749 0.98 0 0 0 200807 200807 2953 
841 392 1 6.5 392 52.749 0.98 0 0 0 201202 201202 2955 
842 392 1 6.5 392 52.5729 0.98 0 0 0 202452 202452 2959 
843 392 1 6.5 392 51.9335 0.98 0 0 0 203686 203686 2965 
844 392 1 6.5 392 51.6774 0.98 0 0 0 204544 204544 2966 
845 392 1 6.5 392 51.6774 0.98 0 0 0 205146 205146 2970 
846 392 1 6.5 392 51.6774 0.98 0 0 0 205919 205919 2976 
847 392 1 6.5 392 51.6774 0.98 0 0 0 207378 207378 2987 
848 392 1 6.5 392 51.6774 0.98 0 0 0 208008 208008 2991 
849 392 1 6.5 392 51.6774 0.98 0 0 0 209144 209144 3000 
850 392 1 6.5 392 51.6774 0.98 0 0 0 210349 210349 3010 
851 392 1 6.5 392 51.6774 0.98 0 0 0 211432 211432 3014 
852 392 1 6.5 392 51.6774 0.98 0 0 0 211987 211987 3024 
853 392 1 6.5 392 51.6774 0.98 0 0 0 212417 212417 3030 
854 392 1 6.5 392 51.2917 0.98 0 0 0 213070 213070 3036 
855 392 1 6.5 392 51.2917 0.98 0 0 0 213809 213809 3038 
856 392 1 6.5 392 51.2917 0.98 0 0 0 214654 214654 3042 
857 392 1 6.5 392 50.1413 0.98 0 0 0 215302 215302 3046 
858 392 1 6.5 392 50.1413 0.98 0 0 0 216040 216040 3051 
859 392 1 6.5 392 50.1413 0.98 0 0 0 216810 216810 3059 
860 392 1 6.5 392 50.1413 0.98 0 0 0 217702 217702 3065 
861 394 1 6.5 394 54.5566 0.985 0 0 0 218475 218475 3074 
862 394 1 6.5 394 54.5566 0.985 0 0 0 219303 219303 3083 
863 394 1 6.5 394 54.5566 0.985 0 0 0 220255 220255 3086 
864 394 1 6.5 394 52.5146 0.985 0 0 0 221631 221631 3091 
865 394 1 6.5 394 52.5146 0.985 0 0 0 222222 222222 3100 
866 394 1 6.5 394 52.5146 0.985 0 0 0 223255 223255 3104 
867 394 1 6.5 394 52.5146 0.985 0 0 0 224117 224117 3108 
868 394 1 6.5 394 52.5146 0.985 0 0 0 224829 224829 3113 
869 394 1 6.5 394 52.5146 0.985 0 0 0 225687 225687 3115 
870 394 1 6.5 394 52.5146 0.985 0 0 0 226937 226937 3118 
871 394 1 6.5 394 52.5146 0.985 0 0 0 227717 227717 3122 
872 394 1 6.5 394 52.5146 0.985 0 0 0 228727 228727 3124 
873 394 1 6.5 394 52.5146 0.985 0 0 0 229484 229484 3125 
874 394 1 6.5 394 52.5146 0.985 0 0 0 230246 230246 3128 
875 394 1 6.5 394 52.5146 0.985 0 0 0 231171 231171 3133 
876 394 1 6.5 394 52.5146 0.985 0 0 0 231772 231772 3138 
877 394 1 6.5 394 52.5146 0.985 0 0 0 232714 232714 3140 
878 394 1 6.5 394 52.5146 0.985 0 0 0 233486 233486 3150 
879 394 1 6.5 394 52.5146 0.985 0 0 0 234177 234177 3157 
880 394 1 6.5 394 52.5146 0.985 0 0 0 234882 234882 3160 
881 394 1 6.5 394 52.5146 0.985 0 0 0 235668 235668 3170 
882 394 1 6.5 394 52.5146 0.985 0 0 0 236541 236541 3171 
883 394 1 6.5 394 52.5146 0.985 0 0 0 236934 236934 3178 
884 394 1 6.5 394 52.5146 0.985 0 0 0 237858 237858 3183 
885 394 1 6.5 394 52.5146 0.985 0 0 0 238562 238562 3202 
886 394 1 6.5 394 52.5146 0.985 0 0 0 239322 239322 3207 
887 394 1 6.5 394 52.5146 0.985 0 0 0 240006 240006 3209 
888 394 1 6.5 394 52.5146 0.985 0 0 0 240685 240685 3211 
889 394 1 6.5 394 52.5146 0.985 0 0 0 241200 241200 3218 
890 394 1 6.5 394 52.5146 0.985 0 0 0 242118 242118 3230 
891 394 1 6.5 394 52.5146 0.985 0 0 0 243575 243575 3238 
892 394 1 6.5 394 52.5146 0.985 0 0 0 244336 244336 3240 
893 394 1 6.5 394 52.5146 0.985 0 0 0 245362 245362 3256 
894 394 1 6.5 394 52.5146 0.985 0 0 0 245951 245951 3263 
895 394 1 6.5 394 52.5146 0.985 0 0 0 246588 246588 3270 
896 394 1 6.5 394 52.5146 0.985 0 0 0 247555 247555 3277 
897 394 1 6.5 394 49.2747 0.985 0 0 0 248584 248584 3285 
898 394 1 6.5 394 49.2747 0.985 0 0 0 249493 249493 3289 
899 394 1 6.5 394 49.2747 0.985 0 0 0 250006 250006 3296 
900 394 1 6.5 394 49.2747 0.985 0 0 0 250832 250832 3300 
901 394 1 6.5 394 49.2747 0.985 0 0 0 251990 251990 3307 
902 394 1 6.5 394 49.2747 0.985 0 0 0 252843 252843 3311 
903 394 1 6.5 394 49.2747 0.985 0 0 0 253685 253685 3313 
904 394 1 6.5 394 49.2747 0.985 0 0 0 254531 254531 3316 
905 394 1 6.5 394 49.2747 0.985 0 0 0 255327 255327 3319 
906 394 1 6.5 394 49.2747 0.985 0 0 0 255851 255851 3320 
907 394 1 6.5 394 49.2747 0.985 0 0 0 256561 256561 3323 
908 394 1 6.5 394 49.2747 0.985 0 0 0 257273 257273 3332 
909 394 1 6.5 394 49.2747 0.985 0 0 0 257809 257809 3338 
910 394 1 6.5 394 49.2747 0.985 0 0 0 258706 258706 3339 
911 394 1 6.5 394 49.2747 0.985 0 0 0 259608 259608 3367 
912 395 1 6.5 395 61.3935 0.9875 0 0 0 260679 260679 3391 
913 395 1 6.5 395 44.0136 0.9875 0 0 0 261878 261878 3399 
914 395 1 6.5 395 43.1223 0.9875 0 0 0 262926 262926 3403 
915 395 1 6.5 395 43.1223 0.9875 0 0 0 264162 264162 3413 
916 395 1 6.5 395 43.1223 0.9875 0 0 0 265067 265067 3416 
917 395 1 6.5 395 43.1223 0.9875 0 0 0 266268 266268 3425 
918 395 1 6.5 395 43.1223 0.9875 0 0 0 267517 267517 3429 
919 395 1 6.5 395 43.1223 0.9875 0 0 0 268454 268454 3450 
920 395 1 6.5 395 43.1223 0.9875 0 0 0 270062 270062 3451 
921 395 1 6.5 395 43.1223 0.9875 0 0 0 270861 270861 3457 
922 395 1 6.5 395 42.884 0.9875 0 0 0 271821 271821 3460 
923 395 1 6.5 395 42.884 0.9875 0 0 0 273288 273288 3461 
924 395 1 6.5 395 42.884 0.9875 0 0 0 274073 274073 3464 
925 395 1 6.5 395 42.884 0.9875 0 0 0 275276 275276 3467 
926 395 1 6.5 395 42.884 0.9875 0 0 0 276103 276103 3469 
927 395 1 6.5 395 42.884 0.9875 0 0 0 276873 276873 3470 
928 395 1 6.5 395 42.884 0.9875 0 0 0 277914 277914 3479 
929 395 1 6.5 395 42.884 0.9875 0 0 0 278688 278688 3491 
930 395 1 6.5 395 42.884 0.9875 0 0 0 279608 279608 3498 
931 395 1 6.5 395 42.884 0.9875 0 0 0 280816 280816 3503 
932 395 1 6.5 395 42.884 0.9875 0 0 0 281859 281859 3508 
933 395 1 6.5 395 42.884 0.9875 0 0 0 283389 283389 3529 
934 395 1 6.5 395 42.884 0.9875 0 0 0 284828 284828 3537 
935 395 1 6.5 395 42.884 0.9875 0 0 0 286301 286301 3539 
936 395 1 6.5 395 42.884 0.9875 0 0 0 287658 287658 3540 
937 395 1 6.5 395 42.884 0.9875 0 0 0 289091 289091 3541 
938 395 1 6.5 395 42.884 0.9875 0 0 0 290203 290203 3555 
939 395 1 6.5 395 42.884 0.9875 0 0 0 291655 291655 3556 
940 395 1 6.5 395 42.884 0.9875 0 0 0 293125 293125 3557 
941 395 1 6.5 395 42.884 0.9875 0 0 0 294824 294824 3565 
942 395 1 6.5 395 42.884 0.9875 0 0 0 296054 296054 3571 
943 395 1 6.5 395 42.884 0.9875 0 0 0 297044 297044 3582 
944 395 1 6.5 395 42.884 0.9875 0 0 0 298116 298116 3587 
945 395 1 6.5 395 42.884 0.9875 0 0 0 299127 299127 3594 
946 395 1 6.5 395 42.884 0.9875 0 0 0 300184 300184 3595 
947 395 1 6.5 395 42.884 0.9875 0 0 0 301189 301189 3599 
948 395 1 6.5 395 42.884 0.9875 0 0 0 302151 302151 3602 
949 395 1 6.5 395 42.884 0.9875 0 0 0 303192 303192 3603 
950 395 1 6.5 395 42.884 0.9875 0 0 0 304004 304004 3605 
951 395 1 6.5 395 42.884 0.9875 0 0 0 305385 305385 3611 
952 395 1 6.5 395 42.884 0.9875 0 0 0 306827 306827 3615 
953 395 1 6.5 395 42.884 0.9875 0 0 0 307754 307754 3620 
954 395 1 6.5 395 42.884 0.9875 0 0 0 309108 309108 3625 
955 395 1 6.5 395 42.884 0.9875 0 0 0 309600 309600 3633 
956 395 1 6.5 395 42.884 0.9875 0 0 0 310699 310699 3637 
957 395 1 6.5 395 42.884 0.9875 0 0 0 311719 311719 3644 
958 395 1 6.5 395 42.884 0.9875 0 0 0 312862 312862 3647 
959 395 1 6.5 395 42.884 0.9875 0 0 0 314302 314302 3650 
960 395 1 6.5 395 42.884 0.9875 0 0 0 315602 315602 3657 
961 395 1 6.5 395 42.884 0.9875 0 0 0 317141 317141 3659 
962 395 1 6.5 395 42.884 0.9875 0 0 0 318391 318391 3667 
963 395 1 6.5 395 42.884 0.9875 0 0 0 319657 319657 3669 
964 395 1 6.5 395 42.884 0.9875 0 0 0 321056 321056 3670 
965 395 1 6.5 395 42.884 0.9875 0 0 0 322615 322615 3672 
966 395 1 6.5 395 42.884 0.9875 0 0 0 323691 323691 3674 
967 395 1 6.5 395 42.884 0.9875 0 0 0 325097 325097 3677 
968 395 1 6.5 395 42.884 0.9875 0 0 0 326815 326815 3680 
969 395 1 6.5 395 42.884 0.9875 0 0 0 328251 328251 3686 
970 395 1 6.5 395 42.884 0.9875 0 0 0 329672 329672 3690 
971 395 1 6.5 395 42.884 0.9875 0 0 0 331108 331108 3691 
972 395 1 6.5 395 42.884 0.9875 0 0 0 332104 332104 3693 
973 395 1 6.5 395 42.884 0.9875 0 0 0 333050 333050 3696 
974 395 1 6.5 395 42.884 0.9875 0 0 0 334303 334303 3701 
975 395 1 6.5 395 42.884 0.9875 0 0 0 335731 335731 3703 
976 395 1 6.5 395 42.884 0.9875 0 0 0 336985 336985 3705 
977 395 1 6.5 395 42.884 0.9875 0 0 0 338374 338374 3708 
978 395 1 6.5 395 42.884 0.9875 0 0 0 339687 339687 3715 
979 395 1 6.5 395 42.884 0.9875 0 0 0 340473 340473 3724 
980 395 1 6.5 395 42.884 0.9875 0 0 0 341712 341712 3736 
981 395 1 6.5 395 42.884 0.9875 0 0 0 343135 343135 3742 
982 395 1 6.5 395 42.884 0.9875 0 0 0 344313 344313 3743 
983 395 1 6.5 395 42.884 0.9875 0 0 0 345332 345332 3744 
984 395 1 6.5 395 42.884 0.9875 0 0 0 346338 346338 3745 
985 395 1 6.5 395 42.884 0.9875 0 0 0 347595 347595 3750 
986 395 1 6.5 395 42.884 0.9875 0 0 0 348971 348971 3755 
987 395 1 6.5 395 42.884 0.9875 0 0 0 350253 350253 3756 
988 395 1 6.5 395 42.884 0.9875 0 0 0 351265 351265 3757 
989 395 1 6.5 395 42.884 0.9875 0 0 0 352068 352068 3765 
990 395 1 6.5 395 42.884 0.9875 0 0 0 353354 353354 3766 
991 395 1 6.5 395 42.884 0.9875 0 0 0 354344 354344 3773 
992 395 1 6.5 395 42.884 0.9875 0 0 0 355642 355642 3774 
993 395 1 6.5 395 42.884 0.9875 0 0 0 357029 357029 3775 
994 395 1 6.5 395 42.884 0.9875 0 0 0 358352 358352 3778 
995 395 1 6.5 395 42.884 0.9875 0 0 0 359404 359404 3790 
996 395 1 6.5 395 42.884 0.9875 0 0 0 360649 360649 3799 
997 395 1 6.5 395 42.884 0.9875 0 0 0 361968 361968 3800 
998 395 1 6.5 395 42.884 0.9875 0 0 0 363060 363060 3802 
999 395 1 6.5 395 42.884 0.9875 0 0 0 364145 364145 3815 
1000 395 1 6.5 395 42.884 0.9875 0 0 0 365202 365202 3816 
1001 398 1 6.5 398 57.2022 0.995 0 0 0 366283 366283 3826 
1002 398 1 6.5 398 50.8083 0.995 0 0 0 367491 367491 3837 
1003 398 1 6.5 398 50.8083 0.995 0 0 0 368540 368540 3844 
1004 398 1 6.5 398 50.8083 0.995 0 0 0 369681 369681 3854 
1005 398 1 6.5 398 49.0563 0.995 0 0 0 370895 370895 3858 
1006 398 1 6.5 398 49.0563 0.995 0 0 0 371358 371358 3874 
1007 398 1 6.5 398 49.0563 0.995 0 0 0 371704 371704 3884 
1008 398 1 6.5 398 49.0563 0.995 0 0 0 372074 372074 3888 
1009 398 1 6.5 398 46.9831 0.995 0 0 0 373031 373031 3892 
1010 398 1 6.5 398 46.9831 0.995 0 0 0 373718 373718 3900 
1011 398 1 6.5 398 46.9831 0.995 0 0 0 375080 375080 3911 
