1 105 1 4.95 105 0 0.2625 0 0 0 0 0 0 
2 108 1 4.9005 108 0.1 0.27 0 0 0 0 0 1 
3 110 1 4.85149 110 0.195919 0.275 0 0 0 0 0 3 
4 112 1 4.80298 112 0.295919 0.28 0 0 0 0 0 4 
5 114 1 4.75495 114 0.395919 0.285 0 0 0 0 0 5 
6 115 1 4.7074 115 0.488365 0.2875 0 0 0 0 0 7 
7 115 1 4.66033 115 0.488365 0.2875 0 0 0 0 0 8 
8 122 1 4.61372 122 0.62186 0.305 0 0 0 0 0 10 
9 122 1 4.56759 122 0.62186 0.305 0 0 0 0 0 11 
10 122 1 4.52191 122 0.62186 0.305 0 0 0 0 0 12 
11 131 1 4.47669 131 0.72186 0.3275 0 0 0 0 0 13 
12 131 1 4.43192 131 0.72186 0.3275 0 0 0 0 0 14 
13 132 1 4.38761 132 1.03084 0.33 0 0 0 0 0 16 
14 133 1 4.34373 133 1.15732 0.3325 0 0 0 0 0 19 
15 141 1 4.30029 141 1.25557 0.3525 0 0 0 0 0 22 
16 141 1 4.25729 141 1.25557 0.3525 0 0 0 0 0 23 
17 142 1 4.21472 142 1.40416 0.355 0 0 0 0 0 25 
18 143 1 4.17257 143 1.50416 0.3575 0 0 0 0 0 26 
19 145 1 4.13084 145 1.65811 0.3625 0 0 0 0 0 28 
20 145 1 4.08953 145 1.65811 0.3625 0 0 0 0 0 29 
21 145 1 4.04864 145 1.65811 0.3625 0 0 0 0 0 30 
22 145 1 4.00815 145 1.65811 0.3625 0 0 0 0 0 31 
23 146 1 3.96807 146 1.7409 0.365 0 0 0 0 0 33 
24 146 1 3.92839 146 1.7409 0.365 0 0 0 0 0 34 
25 147 1 3.88911 147 2.02836 0.3675 0 0 0 1 1 36 
26 148 1 3.85022 148 2.08592 0.37 0 0 0 1 1 38 
27 148 1 3.81171 148 2.08592 0.37 0 0 0 1 1 42 
28 148 1 3.7736 148 2.08592 0.37 0 0 0 2 2 43 
29 148 1 3.73586 148 2.08592 0.37 0 0 0 3 3 44 
30 150 1 3.6985 150 2.51612 0.375 0 0 0 4 4 46 
31 150 1 3.66152 150 2.51612 0.375 0 0 0 5 5 47 
32 150 1 3.6249 150 2.51612 0.375 0 0 0 6 6 48 
33 150 1 3.58865 150 2.51612 0.375 0 0 0 7 7 49 
34 150 1 3.55277 150 2.51612 0.375 0 0 0 8 8 50 
35 150 1 3.51724 150 2.51612 0.375 0 0 0 9 9 51 
36 150 1 3.48207 150 2.51612 0.375 0 0 0 10 10 52 
37 150 1 3.44725 150 2.51612 0.375 0 0 0 11 11 53 
38 150 1 3.41277 150 2.51612 0.375 0 0 0 12 12 54 
39 150 1 3.37864 150 2.51612 0.375 0 0 0 13 13 55 
40 150 1 3.34486 150 2.51612 0.375 0 0 0 14 14 56 
41 150 1 3.31141 150 2.51612 0.375 0 0 0 15 15 57 
42 150 1 3.2783 150 2.51612 0.375 0 0 0 16 16 58 
43 151 1 3.24551 151 3.0701 0.3775 0 0 0 17 17 60 
44 152 1 3.21306 152 3.12806 0.38 0 0 0 18 18 62 
45 152 1 3.18093 152 3.12806 0.38 0 0 0 19 19 63 
46 152 1 3.14912 152 3.12806 0.38 0 0 0 20 20 64 
47 152 1 3.11763 152 3.12806 0.38 0 0 0 22 22 65 
48 152 1 3.08645 152 3.12806 0.38 0 0 0 24 24 66 
49 152 1 3.05559 152 3.12806 0.38 0 0 0 26 26 67 
50 152 1 3.02503 152 3.12806 0.38 0 0 0 27 27 68 
51 152 1 2.99478 152 3.12806 0.38 0 0 0 28 28 69 
52 152 1 2.96483 152 3.12806 0.38 0 0 0 29 29 70 
53 152 1 2.93518 152 3.12806 0.38 0 0 0 30 30 71 
54 152 1 2.90583 152 3.12806 0.38 0 0 0 31 31 72 
55 159 1 2.87677 159 3.53263 0.3975 0 0 0 32 32 74 
56 159 1 2.84801 159 3.53263 0.3975 0 0 0 33 33 75 
57 165 1 2.81953 165 3.88679 0.4125 0 0 0 35 35 78 
58 165 1 2.79133 165 3.88679 0.4125 0 0 0 37 37 79 
59 165 1 2.76342 165 3.88679 0.4125 0 0 0 39 39 80 
60 165 1 2.73578 165 3.88679 0.4125 0 0 0 41 41 81 
61 165 1 2.70842 165 3.88679 0.4125 0 0 0 43 43 82 
62 166 1 2.68134 166 4.53395 0.415 0 0 0 45 45 85 
63 166 1 2.65453 166 4.53395 0.415 0 0 0 47 47 86 
64 166 1 2.62798 166 4.53395 0.415 0 0 0 49 49 87 
65 166 1 2.6017 166 4.53395 0.415 0 0 0 51 51 88 
66 166 1 2.57568 166 4.53395 0.415 0 0 0 53 53 89 
67 166 1 2.54993 166 4.53395 0.415 0 0 0 55 55 90 
68 166 1 2.52443 166 4.53395 0.415 0 0 0 57 57 91 
69 166 1 2.49918 166 4.53395 0.415 0 0 0 60 60 92 
70 166 1 2.47419 166 4.53395 0.415 0 0 0 62 62 95 
71 166 1 2.44945 166 4.53395 0.415 0 0 0 64 64 96 
72 166 1 2.42496 166 4.53395 0.415 0 0 0 66 66 97 
73 166 1 2.40071 166 4.53395 0.415 0 0 0 68 68 98 
74 166 1 2.3767 166 4.53395 0.415 0 0 0 70 70 99 
75 166 1 2.35293 166 4.53395 0.415 0 0 0 72 72 100 
76 166 1 2.3294 166 4.53395 0.415 0 0 0 74 74 101 
77 166 1 2.30611 166 4.53395 0.415 0 0 0 76 76 102 
78 166 1 2.28305 166 4.53395 0.415 0 0 0 78 78 103 
79 166 1 2.26022 166 4.53395 0.415 0 0 0 80 80 104 
80 166 1 2.23762 166 4.53395 0.415 0 0 0 82 82 105 
81 166 1 2.21524 166 4.53395 0.415 0 0 0 84 84 106 
82 166 1 2.19309 166 4.53395 0.415 0 0 0 86 86 107 
83 166 1 2.17116 166 4.53395 0.415 0 0 0 88 88 108 
84 166 1 2.14944 166 4.53395 0.415 0 0 0 90 90 109 
85 166 1 2.12795 166 4.53395 0.415 0 0 0 92 92 110 
86 166 1 2.10667 166 4.53395 0.415 0 0 0 94 94 111 
87 166 1 2.0856 166 4.53395 0.415 0 0 0 97 97 112 
88 166 1 2.06475 166 4.53395 0.415 0 0 0 99 99 115 
89 166 1 2.0441 166 4.53395 0.415 0 0 0 101 101 116 
90 166 1 2.02366 166 4.53395 0.415 0 0 0 103 103 117 
91 166 1 2.00342 166 4.53395 0.415 0 0 0 105 105 118 
92 166 1 1.98339 166 4.53395 0.415 0 0 0 107 107 119 
93 166 1 1.96355 166 4.53395 0.415 0 0 0 110 110 120 
94 166 1 1.94392 166 4.53395 0.415 0 0 0 112 112 121 
95 178 1 1.92448 178 4.78315 0.445 0 0 0 115 115 126 
96 181 1 1.90524 181 5.74256 0.4525 0 0 0 120 120 129 
97 182 1 1.88618 182 5.78062 0.455 0 0 0 125 125 131 
98 182 1 1.86732 182 5.78062 0.455 0 0 0 130 130 132 
99 182 1 1.84865 182 5.58377 0.455 0 0 0 134 134 134 
100 187 1 1.83016 187 6.1324 0.4675 0 0 0 138 138 137 
101 187 1 1.81186 187 6.1324 0.4675 0 0 0 143 143 140 
102 187 1 1.79374 187 6.1324 0.4675 0 0 0 148 148 142 
103 187 1 1.7758 187 6.05461 0.4675 0 0 0 153 153 144 
104 187 1 1.75805 187 6.05461 0.4675 0 0 0 158 158 145 
105 187 1 1.74047 187 6.05461 0.4675 0 0 0 163 163 146 
106 187 1 1.72306 187 6.05461 0.4675 0 0 0 169 169 147 
107 187 1 1.70583 187 6.05461 0.4675 0 0 0 174 174 148 
108 187 1 1.68877 187 6.05461 0.4675 0 0 0 180 180 149 
109 187 1 1.67188 187 6.05461 0.4675 0 0 0 186 186 153 
110 187 1 1.65517 187 6.05461 0.4675 0 0 0 191 191 154 
111 187 1 1.63861 187 6.05461 0.4675 0 0 0 198 198 157 
112 187 1 1.62223 187 6.05461 0.4675 0 0 0 207 207 160 
113 187 1 1.60601 187 6.05461 0.4675 0 0 0 217 217 164 
114 187 1 1.58995 187 6.05461 0.4675 0 0 0 227 227 165 
115 187 1 1.57405 187 6.05461 0.4675 0 0 0 235 235 167 
116 187 1 1.55831 187 5.9752 0.4675 0 0 0 241 241 168 
117 187 1 1.54272 187 5.9752 0.4675 0 0 0 247 247 169 
118 187 1 1.52729 187 5.9752 0.4675 0 0 0 257 257 170 
119 187 1 1.51202 187 5.9752 0.4675 0 0 0 266 266 173 
120 193 1 1.4969 193 5.98252 0.4825 0 0 0 276 276 178 
121 193 1 1.48193 193 5.98252 0.4825 0 0 0 285 285 180 
122 193 1 1.46711 193 5.98252 0.4825 0 0 0 295 295 181 
123 196 1 1.45244 196 8.03273 0.49 0 0 0 310 310 188 
124 196 1 1.43792 196 8.03273 0.49 0 0 0 324 324 189 
125 196 1 1.42354 196 8.03273 0.49 0 0 0 350 350 195 
126 196 1 1.4093 196 8.03273 0.49 0 0 0 368 368 196 
127 196 1 1.39521 196 8.03273 0.49 0 0 0 394 394 202 
128 211 1 1.38126 211 8.74961 0.5275 0 0 0 420 420 209 
129 211 1 1.36745 211 8.7163 0.5275 0 0 0 447 447 212 
130 211 1 1.35377 211 8.7163 0.5275 0 0 0 475 475 213 
131 211 1 1.34023 211 8.7163 0.5275 0 0 0 501 501 214 
132 211 1 1.32683 211 8.7163 0.5275 0 0 0 524 524 216 
133 211 1 1.31356 211 8.7163 0.5275 0 0 0 547 547 220 
134 211 1 1.30043 211 8.62115 0.5275 0 0 0 575 575 222 
135 211 1 1.28742 211 8.62115 0.5275 0 0 0 606 606 225 
136 211 1 1.27455 211 8.62115 0.5275 0 0 0 642 642 227 
137 211 1 1.2618 211 8.62115 0.5275 0 0 0 680 680 228 
138 211 1 1.24918 211 8.62115 0.5275 0 0 0 729 729 231 
139 211 1 1.23669 211 8.62115 0.5275 0 0 0 780 780 234 
140 211 1 1.22433 211 8.45747 0.5275 0 0 0 817 817 235 
141 211 1 1.21208 211 8.45747 0.5275 0 0 0 854 854 236 
142 213 1 1.19996 213 9.03763 0.5325 0 0 0 901 901 243 
143 213 1 1.18796 213 8.97707 0.5325 0 0 0 936 936 244 
144 231 1 1.17608 231 9.10122 0.5775 0 0 0 970 970 249 
145 232 1 1.16432 232 9.27966 0.58 0 0 0 1009 1009 256 
146 232 1 1.15268 232 9.01092 0.58 0 0 0 1054 1054 257 
147 232 1 1.14115 232 8.88597 0.58 0 0 0 1094 1094 258 
148 232 1 1.12974 232 8.88597 0.58 0 0 0 1140 1140 259 
149 232 1 1.11844 232 8.88597 0.58 0 0 0 1191 1191 262 
150 232 1 1.10726 232 8.88597 0.58 0 0 0 1224 1224 263 
151 232 1 1.09619 232 8.88597 0.58 0 0 0 1264 1264 266 
152 232 1 1.08522 232 8.88597 0.58 0 0 0 1289 1289 269 
153 232 1 1.07437 232 8.88597 0.58 0 0 0 1316 1316 270 
154 233 1 1.06363 233 9.97247 0.5825 0 0 0 1357 1357 279 
155 233 1 1.05299 233 9.97247 0.5825 0 0 0 1406 1406 287 
156 233 1 1.04246 233 9.78773 0.5825 0 0 0 1454 1454 290 
157 233 1 1.03204 233 9.78773 0.5825 0 0 0 1505 1505 293 
158 233 1 1.02172 233 9.78773 0.5825 0 0 0 1556 1556 296 
159 233 1 1.0115 233 9.78773 0.5825 0 0 0 1616 1616 300 
160 233 1 1.00138 233 9.78773 0.5825 0 0 0 1665 1665 303 
161 233 1 0.991371 233 9.78773 0.5825 0 0 0 1716 1716 304 
162 233 1 0.981457 233 9.66278 0.5825 0 0 0 1765 1765 305 
163 233 1 0.971643 233 9.66278 0.5825 0 0 0 1817 1817 306 
164 233 1 0.961926 233 9.66278 0.5825 0 0 0 1871 1871 307 
165 233 1 0.952307 233 9.66278 0.5825 0 0 0 1932 1932 309 
166 233 1 0.942784 233 9.66278 0.5825 0 0 0 2004 2004 310 
167 233 1 0.933356 233 9.66278 0.5825 0 0 0 2073 2073 313 
168 233 1 0.924022 233 9.66278 0.5825 0 0 0 2137 2137 315 
169 233 1 0.914782 233 9.66278 0.5825 0 0 0 2192 2192 316 
170 233 1 0.905634 233 9.66278 0.5825 0 0 0 2257 2257 317 
171 236 1 0.896578 236 12.1003 0.59 0 0 0 2362 2362 322 
172 236 1 0.887612 236 12.1003 0.59 0 0 0 2463 2463 323 
173 237 1 0.878736 237 10.0814 0.5925 0 0 0 2575 2575 329 
174 237 1 0.869949 237 9.96307 0.5925 0 0 0 2687 2687 331 
175 237 1 0.861249 237 9.94218 0.5925 0 0 0 2786 2786 336 
176 237 1 0.852637 237 9.4544 0.5925 0 0 0 2825 2825 340 
177 237 1 0.84411 237 9.38951 0.5925 0 0 0 2870 2870 342 
178 237 1 0.835669 237 9.38951 0.5925 0 0 0 2918 2918 343 
179 237 1 0.827313 237 7.10087 0.5925 0 0 0 2954 2954 351 
180 243 1 0.819039 243 8.53654 0.6075 0 0 0 3035 3035 357 
181 245 1 0.810849 245 7.5233 0.6125 0 0 0 3109 3109 360 
182 245 1 0.802741 245 7.10314 0.6125 0 0 0 3192 3192 362 
183 253 1 0.794713 253 7.68203 0.6325 0 0 0 3328 3328 364 
184 253 1 0.786766 253 7.68203 0.6325 0 0 0 3465 3465 368 
185 253 1 0.778898 253 7.48514 0.6325 0 0 0 3602 3602 372 
186 253 1 0.771109 253 7.48514 0.6325 0 0 0 3742 3742 373 
187 253 1 0.763398 253 7.05469 0.6325 0 0 0 3913 3913 374 
188 253 1 0.755764 253 7.05469 0.6325 0 0 0 4143 4143 379 
189 253 1 0.748207 253 7.05469 0.6325 0 0 0 4380 4380 380 
190 253 1 0.740725 253 7.05469 0.6325 0 0 0 4610 4610 382 
191 253 1 0.733317 253 7.05469 0.6325 0 0 0 4864 4864 386 
192 253 1 0.725984 253 7.05469 0.6325 0 0 0 5070 5070 390 
193 253 1 0.718724 253 7.05469 0.6325 0 0 0 5325 5325 393 
194 253 1 0.711537 253 7.05469 0.6325 0 0 0 5558 5558 394 
195 253 1 0.704422 253 7.05469 0.6325 0 0 0 5810 5810 396 
196 259 1 0.697378 259 7.23198 0.6475 0 0 0 6043 6043 398 
197 259 1 0.690404 259 7.23198 0.6475 0 0 0 6308 6308 401 
198 259 1 0.6835 259 7.23198 0.6475 0 0 0 6586 6586 403 
199 259 1 0.676665 259 7.23198 0.6475 0 0 0 6866 6866 404 
200 259 1 0.669898 259 7.03731 0.6475 0 0 0 7312 7312 405 
201 259 1 0.663199 259 7.03731 0.6475 0 0 0 7650 7650 406 
202 259 1 0.656567 259 7.03731 0.6475 0 0 0 8063 8063 407 
203 259 1 0.650001 259 6.91776 0.6475 0 0 0 8469 8469 408 
204 259 1 0.643501 259 6.91776 0.6475 0 0 0 8811 8811 409 
205 259 1 0.637066 259 6.91776 0.6475 0 0 0 9237 9237 410 
206 260 1 0.630696 260 7.55275 0.65 0 0 0 11087 11087 413 
207 260 1 0.624389 260 7.44727 0.65 0 0 0 13541 13541 414 
208 260 1 0.618145 260 7.44727 0.65 0 0 0 15828 15828 415 
209 260 1 0.611963 260 7.44727 0.65 0 0 0 18067 18067 417 
210 266 1 0.605844 266 7.50211 0.665 0 0 0 20934 20934 419 
211 266 1 0.599785 266 7.50211 0.665 0 0 0 24639 24639 420 
212 266 1 0.593787 266 7.50211 0.665 0 0 0 28543 28543 423 
213 266 1 0.58785 266 7.50211 0.665 0 0 0 32296 32296 424 
214 266 1 0.581971 266 7.50211 0.665 0 0 0 36591 36591 425 
215 266 1 0.576151 266 7.50211 0.665 0 0 0 40635 40635 426 
216 266 1 0.57039 266 7.50211 0.665 0 0 0 44057 44057 427 
217 266 1 0.564686 266 7.50211 0.665 0 0 0 49069 49069 431 
218 266 1 0.559039 266 7.50211 0.665 0 0 0 51431 51431 432 
219 266 1 0.553449 266 7.32774 0.665 0 0 0 54652 54652 433 
220 266 1 0.547914 266 7.32774 0.665 0 0 0 57347 57347 435 
221 266 1 0.542435 266 7.32774 0.665 0 0 0 60654 60654 437 
222 266 1 0.537011 266 7.32774 0.665 0 0 0 62859 62859 439 
223 266 1 0.531641 266 7.32774 0.665 0 0 0 71572 71572 441 
224 266 1 0.526324 266 7.32774 0.665 0 0 0 78158 78158 442 
225 266 1 0.521061 266 7.27158 0.665 0 0 0 82073 82073 445 
226 266 1 0.51585 266 7.27158 0.665 0 0 0 86528 86528 447 
227 266 1 0.510692 266 7.27158 0.665 0 0 0 90606 90606 451 
228 266 1 0.505585 266 7.27158 0.665 0 0 0 96391 96391 453 
229 266 1 0.500529 266 7.27158 0.665 0 0 0 107413 107413 454 
230 277 1 0.495524 277 7.57093 0.6925 0 0 0 113101 113101 456 
231 277 1 0.490569 277 7.5151 0.6925 0 0 0 119531 119531 458 
232 277 1 0.485663 277 7.5151 0.6925 0 0 0 135443 135443 459 
233 277 1 0.480806 277 7.4943 0.6925 0 0 0 146284 146284 460 
234 277 1 0.475998 277 7.38883 0.6925 0 0 0 155840 155840 461 
235 277 1 0.471238 277 7.38883 0.6925 0 0 0 165603 165603 464 
236 277 1 0.466526 277 7.38883 0.6925 0 0 0 176677 176677 466 
237 277 1 0.461861 277 7.38883 0.6925 0 0 0 197937 197937 467 
238 277 1 0.457242 277 7.38883 0.6925 0 0 0 208392 208392 470 
239 277 1 0.45267 277 7.38883 0.6925 0 0 0 227303 227303 471 
240 277 1 0.448143 277 7.38883 0.6925 0 0 0 248798 248798 472 
241 277 1 0.443661 277 7.38883 0.6925 0 0 0 267542 267542 474 
242 277 1 0.439225 277 7.312 0.6925 0 0 0 280923 280923 477 
243 277 1 0.434833 277 7.312 0.6925 0 0 0 306152 306152 479 
244 277 1 0.430484 277 7.312 0.6925 0 0 0 320075 320075 480 
245 283 1 0.426179 283 7.44967 0.7075 0 0 0 333490 333490 482 
246 283 1 0.421918 283 7.44967 0.7075 0 0 0 358858 358858 483 
247 283 1 0.417698 283 7.44816 0.7075 0 0 0 377068 377068 484 
248 283 1 0.413521 283 7.44816 0.7075 0 0 0 402095 402095 485 
249 283 1 0.409386 283 7.44816 0.7075 0 0 0 416272 416272 486 
250 283 1 0.405292 283 7.44816 0.7075 0 0 0 445854 445854 487 
251 284 1 0.401239 284 9.94058 0.71 0 0 0 495738 495738 493 
252 284 1 0.397227 284 9.88184 0.71 0 0 0 566128 566128 496 
253 284 1 0.393255 284 9.88184 0.71 0 0 0 653950 653950 497 
254 284 1 0.389322 284 9.88184 0.71 0 0 0 744926 744926 498 
255 284 1 0.385429 284 9.88145 0.71 0 0 0 817144 817144 501 
256 284 1 0.381575 284 9.87606 0.71 0 0 0 916644 916644 504 
257 284 1 0.377759 284 9.87606 0.71 0 0 0 1028119 1028119 507 
258 284 1 0.373981 284 9.87606 0.71 0 0 0 1184744 1184744 515 
259 284 1 0.370242 284 9.87606 0.71 0 0 0 1327775 1327775 516 
260 284 1 0.366539 284 9.8117 0.71 0 0 0 1455359 1455359 519 
261 284 1 0.362874 284 9.8117 0.71 0 0 0 1575048 1575048 520 
262 284 1 0.359245 284 9.8117 0.71 0 0 0 1718518 1718518 521 
