1 105 1 0 105 0 0.2625 0 0 0 0 0 0 
2 108 1 0 108 0.1 0.27 0 0 0 0 0 1 
3 110 1 0 110 0.195919 0.275 0 0 0 0 0 3 
4 112 1 0 112 0.295919 0.28 0 0 0 0 0 4 
5 114 1 0 114 0.395919 0.285 0 0 0 0 0 5 
6 115 1 0 115 0.488365 0.2875 0 0 0 0 0 7 
7 115 1 0 115 0.488365 0.2875 0 0 0 0 0 8 
8 122 1 0 122 0.62186 0.305 0 0 0 0 0 10 
9 122 1 0 122 0.62186 0.305 0 0 0 0 0 11 
10 122 1 0 122 0.62186 0.305 0 0 0 1 1 12 
11 131 1 0 131 0.72186 0.3275 0 0 0 2 2 13 
12 131 1 0 131 0.72186 0.3275 0 0 0 3 3 14 
13 132 1 0 132 1.02148 0.33 0 0 0 7 7 17 
14 133 1 0 133 1.14796 0.3325 0 0 0 17 17 20 
15 141 1 0 141 1.24621 0.3525 0 0 0 39 39 23 
16 141 1 0 141 1.24621 0.3525 0 0 0 62 62 24 
17 142 1 0 142 1.34338 0.355 0 0 0 116 116 27 
18 143 1 0 143 1.35693 0.3575 0 0 0 194 194 30 
19 145 1 0 145 1.43752 0.3625 0 0 0 360 360 33 
20 145 1 0 145 1.43752 0.3625 0 0 0 537 537 34 
21 145 1 0 145 1.43752 0.3625 0 0 0 726 726 35 
22 145 1 0 145 1.43752 0.3625 0 0 0 921 921 36 
23 146 1 0 146 1.57594 0.365 0 0 0 1247 1247 38 
24 146 1 0 146 1.57594 0.365 0 0 0 1584 1584 39 
25 147 1 0 147 1.67873 0.3675 0 0 0 2060 2060 41 
26 148 1 0 148 1.75776 0.37 0 0 0 2689 2689 43 
27 148 1 0 148 1.75776 0.37 0 0 0 3291 3291 44 
28 148 1 0 148 1.75776 0.37 0 0 0 3908 3908 45 
29 148 1 0 148 1.75776 0.37 0 0 0 4534 4534 46 
30 150 1 0 150 1.96952 0.375 0 0 0 5446 5446 48 
31 150 1 0 150 1.96952 0.375 0 0 0 6373 6373 49 
32 150 1 0 150 1.96952 0.375 0 0 0 7353 7353 50 
33 150 1 0 150 1.96952 0.375 0 0 0 8346 8346 51 
34 150 1 0 150 1.96952 0.375 0 0 0 9396 9396 52 
35 150 1 0 150 1.96952 0.375 0 0 0 10446 10446 53 
36 150 1 0 150 1.96952 0.375 0 0 0 11510 11510 54 
37 150 1 0 150 1.96952 0.375 0 0 0 12597 12597 55 
38 150 1 0 150 1.96952 0.375 0 0 0 13690 13690 56 
39 150 1 0 150 1.96952 0.375 0 0 0 14781 14781 57 
40 150 1 0 150 1.96952 0.375 0 0 0 15890 15890 58 
41 150 1 0 150 1.96952 0.375 0 0 0 17014 17014 59 
42 150 1 0 150 1.96952 0.375 0 0 0 18190 18190 60 
43 151 1 0 151 2.5235 0.3775 0 0 0 19900 19900 62 
44 152 1 0 152 2.58146 0.38 0 0 0 21711 21711 64 
45 152 1 0 152 2.58146 0.38 0 0 0 23540 23540 65 
46 152 1 0 152 2.58146 0.38 0 0 0 25394 25394 66 
47 152 1 0 152 2.58146 0.38 0 0 0 27255 27255 67 
48 152 1 0 152 2.58146 0.38 0 0 0 29122 29122 68 
49 152 1 0 152 2.58146 0.38 0 0 0 31001 31001 69 
50 152 1 0 152 2.58146 0.38 0 0 0 32893 32893 70 
51 152 1 0 152 2.58146 0.38 0 0 0 34801 34801 71 
52 152 1 0 152 2.58146 0.38 0 0 0 36498 36498 72 
53 152 1 0 152 2.58146 0.38 0 0 0 38245 38245 73 
54 152 1 0 152 2.58146 0.38 0 0 0 39965 39965 74 
55 159 1 0 159 2.74719 0.3975 0 0 0 41826 41826 79 
56 159 1 0 159 2.74719 0.3975 0 0 0 43702 43702 80 
57 165 1 0 165 2.78501 0.4125 0 0 0 45798 45798 87 
58 165 1 0 165 2.78501 0.4125 0 0 0 47976 47976 88 
59 165 1 0 165 2.78501 0.4125 0 0 0 50245 50245 89 
60 165 1 0 165 2.78501 0.4125 0 0 0 52550 52550 90 
61 165 1 0 165 2.78501 0.4125 0 0 0 54869 54869 91 
62 166 1 0 166 3.10233 0.415 0 0 0 59463 59463 94 
63 166 1 0 166 3.10233 0.415 0 0 0 64078 64078 95 
64 166 1 0 166 3.10233 0.415 0 0 0 68824 68824 96 
65 166 1 0 166 3.10233 0.415 0 0 0 73600 73600 97 
66 166 1 0 166 3.10233 0.415 0 0 0 78425 78425 98 
67 166 1 0 166 3.10233 0.415 0 0 0 83268 83268 99 
68 166 1 0 166 3.10233 0.415 0 0 0 88248 88248 100 
69 166 1 0 166 3.10233 0.415 0 0 0 93229 93229 101 
70 166 1 0 166 3.10233 0.415 0 0 0 98247 98247 102 
71 166 1 0 166 3.10233 0.415 0 0 0 103231 103231 103 
72 166 1 0 166 3.10233 0.415 0 0 0 108253 108253 104 
73 166 1 0 166 3.10233 0.415 0 0 0 113321 113321 105 
74 166 1 0 166 3.10233 0.415 0 0 0 118435 118435 106 
75 166 1 0 166 3.10233 0.415 0 0 0 123604 123604 107 
76 166 1 0 166 3.10233 0.415 0 0 0 128780 128780 108 
77 166 1 0 166 3.10233 0.415 0 0 0 134069 134069 109 
78 166 1 0 166 3.10233 0.415 0 0 0 139381 139381 110 
79 166 1 0 166 3.10233 0.415 0 0 0 144713 144713 111 
80 166 1 0 166 3.10233 0.415 0 0 0 150186 150186 112 
81 166 1 0 166 3.10233 0.415 0 0 0 155709 155709 113 
82 166 1 0 166 3.10233 0.415 0 0 0 161334 161334 114 
83 166 1 0 166 3.10233 0.415 0 0 0 167075 167075 115 
84 166 1 0 166 3.10233 0.415 0 0 0 172836 172836 116 
85 166 1 0 166 3.10233 0.415 0 0 0 178825 178825 117 
86 166 1 0 166 3.10233 0.415 0 0 0 184722 184722 118 
87 166 1 0 166 3.10233 0.415 0 0 0 190597 190597 119 
88 166 1 0 166 3.10233 0.415 0 0 0 199911 199911 120 
89 166 1 0 166 3.10233 0.415 0 0 0 209298 209298 121 
90 166 1 0 166 3.10233 0.415 0 0 0 218704 218704 122 
91 166 1 0 166 3.10233 0.415 0 0 0 228138 228138 123 
92 166 1 0 166 3.10233 0.415 0 0 0 237603 237603 124 
93 166 1 0 166 3.10233 0.415 0 0 0 247157 247157 125 
94 166 1 0 166 3.10233 0.415 0 0 0 256666 256666 126 
95 178 1 0 178 3.37967 0.445 0 0 0 277675 277675 129 
96 181 1 0 181 4.33123 0.4525 0 0 0 303879 303879 132 
97 182 1 0 182 4.37242 0.455 0 0 0 332055 332055 134 
98 182 1 0 182 4.37242 0.455 0 0 0 360831 360831 135 
99 182 1 0 182 4.37242 0.455 0 0 0 389801 389801 136 
100 187 1 0 187 4.92136 0.4675 0 0 0 460185 460185 141 
101 187 1 0 187 4.92136 0.4675 0 0 0 532029 532029 142 
102 187 1 0 187 4.92136 0.4675 0 0 0 604261 604261 143 
103 187 1 0 187 4.92136 0.4675 0 0 0 677642 677642 144 
104 187 1 0 187 4.92136 0.4675 0 0 0 752218 752218 145 
105 187 1 0 187 4.92136 0.4675 0 0 0 826862 826862 146 
106 187 1 0 187 4.92136 0.4675 0 0 0 902715 902715 147 
107 187 1 0 187 4.92136 0.4675 0 0 0 978488 978488 148 
108 187 1 0 187 4.92136 0.4675 0 0 0 1056296 1056296 149 
109 187 1 0 187 4.92136 0.4675 0 0 0 1133926 1133926 150 
110 187 1 0 187 4.92136 0.4675 0 0 0 1211719 1211719 151 
111 187 1 0 187 4.92136 0.4675 0 0 0 1291187 1291187 152 
112 187 1 0 187 4.92136 0.4675 0 0 0 1371638 1371638 153 
113 187 1 0 187 4.92136 0.4675 0 0 0 1452686 1452686 154 
114 187 1 0 187 4.92136 0.4675 0 0 0 1535336 1535336 155 
115 187 1 0 187 4.92136 0.4675 0 0 0 1620089 1620089 156 
116 187 1 0 187 4.92136 0.4675 0 0 0 1705479 1705479 157 
117 187 1 0 187 4.92136 0.4675 0 0 0 1791560 1791560 158 
