1 105 1 7 105 0 0.2625 0 0 0 0 0 0 
2 108 1 7 108 0.1 0.27 0 0 0 0 0 1 
3 110 1 7 110 0.195919 0.275 0 0 0 0 0 3 
4 112 1 7 112 0.295919 0.28 0 0 0 0 0 4 
5 114 1 7 114 0.395919 0.285 0 0 0 0 0 5 
6 115 1 7 115 0.488365 0.2875 0 0 0 0 0 7 
7 115 1 7 115 0.488365 0.2875 0 0 0 0 0 8 
8 122 1 7 122 0.62186 0.305 0 0 0 0 0 10 
9 122 1 7 122 0.62186 0.305 0 0 0 0 0 11 
10 122 1 7 122 0.62186 0.305 0 0 0 0 0 12 
11 131 1 7 131 0.72186 0.3275 0 0 0 0 0 13 
12 131 1 7 131 0.72186 0.3275 0 0 0 0 0 14 
13 132 1 7 132 1.03084 0.33 0 0 0 0 0 16 
14 133 1 7 133 1.15732 0.3325 0 0 0 0 0 19 
15 141 1 7 141 1.25557 0.3525 0 0 0 0 0 22 
16 141 1 7 141 1.25557 0.3525 0 0 0 0 0 23 
17 142 1 7 142 1.40416 0.355 0 0 0 0 0 25 
18 143 1 7 143 1.50416 0.3575 0 0 0 0 0 26 
19 145 1 7 145 1.65811 0.3625 0 0 0 0 0 28 
20 145 1 7 145 1.65811 0.3625 0 0 0 0 0 29 
21 145 1 7 145 1.65811 0.3625 0 0 0 0 0 30 
22 145 1 7 145 1.65811 0.3625 0 0 0 0 0 31 
23 146 1 7 146 1.7409 0.365 0 0 0 0 0 33 
24 146 1 7 146 1.7409 0.365 0 0 0 0 0 34 
25 147 1 7 147 2.02836 0.3675 0 0 0 0 0 36 
26 148 1 7 148 2.08592 0.37 0 0 0 0 0 38 
27 148 1 7 148 2.08592 0.37 0 0 0 1 1 42 
28 148 1 7 148 2.08592 0.37 0 0 0 1 1 43 
29 148 1 7 148 2.08592 0.37 0 0 0 2 2 44 
30 150 1 7 150 2.51612 0.375 0 0 0 3 3 46 
31 150 1 7 150 2.51612 0.375 0 0 0 4 4 47 
32 150 1 7 150 2.51612 0.375 0 0 0 5 5 48 
33 150 1 7 150 2.51612 0.375 0 0 0 6 6 49 
34 150 1 7 150 2.51612 0.375 0 0 0 7 7 50 
35 150 1 7 150 2.51612 0.375 0 0 0 8 8 51 
36 150 1 7 150 2.51612 0.375 0 0 0 9 9 52 
37 150 1 7 150 2.51612 0.375 0 0 0 10 10 53 
38 150 1 7 150 2.51612 0.375 0 0 0 11 11 54 
39 150 1 7 150 2.51612 0.375 0 0 0 12 12 55 
40 150 1 7 150 2.51612 0.375 0 0 0 13 13 56 
41 150 1 7 150 2.51612 0.375 0 0 0 14 14 57 
42 150 1 7 150 2.51612 0.375 0 0 0 15 15 58 
43 151 1 7 151 3.0701 0.3775 0 0 0 16 16 60 
44 152 1 7 152 3.12806 0.38 0 0 0 17 17 62 
45 152 1 7 152 3.12806 0.38 0 0 0 18 18 63 
46 152 1 7 152 3.12806 0.38 0 0 0 19 19 64 
47 152 1 7 152 3.12806 0.38 0 0 0 20 20 65 
48 152 1 7 152 3.12806 0.38 0 0 0 21 21 66 
49 152 1 7 152 3.12806 0.38 0 0 0 22 22 67 
50 152 1 7 152 3.12806 0.38 0 0 0 23 23 68 
51 152 1 7 152 3.12806 0.38 0 0 0 24 24 69 
52 152 1 7 152 3.12806 0.38 0 0 0 25 25 70 
53 152 1 7 152 3.12806 0.38 0 0 0 26 26 71 
54 152 1 7 152 3.12806 0.38 0 0 0 27 27 72 
55 159 1 7 159 3.53263 0.3975 0 0 0 28 28 74 
56 159 1 7 159 3.53263 0.3975 0 0 0 30 30 75 
57 165 1 7 165 3.88679 0.4125 0 0 0 32 32 78 
58 165 1 7 165 3.88679 0.4125 0 0 0 34 34 79 
59 165 1 7 165 3.88679 0.4125 0 0 0 36 36 80 
60 165 1 7 165 3.88679 0.4125 0 0 0 38 38 81 
61 165 1 7 165 3.88679 0.4125 0 0 0 40 40 82 
62 166 1 7 166 4.53395 0.415 0 0 0 42 42 85 
63 166 1 7 166 4.53395 0.415 0 0 0 44 44 86 
64 166 1 7 166 4.53395 0.415 0 0 0 47 47 87 
65 166 1 7 166 4.53395 0.415 0 0 0 49 49 88 
66 166 1 7 166 4.53395 0.415 0 0 0 51 51 89 
67 166 1 7 166 4.53395 0.415 0 0 0 53 53 90 
68 166 1 7 166 4.53395 0.415 0 0 0 55 55 91 
69 166 1 7 166 4.53395 0.415 0 0 0 57 57 92 
70 166 1 7 166 4.53395 0.415 0 0 0 59 59 95 
71 166 1 7 166 4.53395 0.415 0 0 0 61 61 96 
72 166 1 7 166 4.53395 0.415 0 0 0 63 63 97 
73 166 1 7 166 4.53395 0.415 0 0 0 65 65 98 
74 166 1 7 166 4.53395 0.415 0 0 0 67 67 99 
75 166 1 7 166 4.53395 0.415 0 0 0 69 69 100 
76 166 1 7 166 4.53395 0.415 0 0 0 71 71 101 
77 166 1 7 166 4.53395 0.415 0 0 0 73 73 102 
78 166 1 7 166 4.53395 0.415 0 0 0 75 75 103 
79 166 1 7 166 4.53395 0.415 0 0 0 77 77 104 
80 166 1 7 166 4.53395 0.415 0 0 0 79 79 105 
81 166 1 7 166 4.53395 0.415 0 0 0 81 81 106 
82 166 1 7 166 4.53395 0.415 0 0 0 83 83 107 
83 166 1 7 166 4.53395 0.415 0 0 0 85 85 108 
84 166 1 7 166 4.53395 0.415 0 0 0 87 87 109 
85 166 1 7 166 4.53395 0.415 0 0 0 89 89 110 
86 166 1 7 166 4.53395 0.415 0 0 0 91 91 111 
87 166 1 7 166 4.53395 0.415 0 0 0 93 93 112 
88 166 1 7 166 4.53395 0.415 0 0 0 95 95 115 
89 166 1 7 166 4.53395 0.415 0 0 0 97 97 116 
90 166 1 7 166 4.53395 0.415 0 0 0 100 100 117 
91 166 1 7 166 4.53395 0.415 0 0 0 102 102 118 
92 166 1 7 166 4.53395 0.415 0 0 0 104 104 119 
93 166 1 7 166 4.53395 0.415 0 0 0 106 106 120 
94 166 1 7 166 4.53395 0.415 0 0 0 108 108 121 
95 178 1 7 178 5.95551 0.445 0 0 0 111 111 125 
96 181 1 7 181 6.91491 0.4525 0 0 0 115 115 128 
97 182 1 7 182 6.95297 0.455 0 0 0 118 118 130 
98 182 1 7 182 6.95297 0.455 0 0 0 122 122 131 
99 182 1 7 182 6.95297 0.455 0 0 0 126 126 132 
100 187 1 7 187 7.50161 0.4675 0 0 0 130 130 135 
101 187 1 7 187 7.50161 0.4675 0 0 0 134 134 136 
102 187 1 7 187 7.50161 0.4675 0 0 0 138 138 137 
103 187 1 7 187 7.50161 0.4675 0 0 0 143 143 138 
104 187 1 7 187 7.50161 0.4675 0 0 0 147 147 139 
105 187 1 7 187 7.50161 0.4675 0 0 0 151 151 140 
106 187 1 7 187 7.50161 0.4675 0 0 0 155 155 141 
107 187 1 7 187 7.50161 0.4675 0 0 0 160 160 142 
108 187 1 7 187 7.50161 0.4675 0 0 0 164 164 143 
109 187 1 7 187 7.50161 0.4675 0 0 0 168 168 144 
110 187 1 7 187 7.50161 0.4675 0 0 0 172 172 145 
111 187 1 7 187 7.50161 0.4675 0 0 0 176 176 146 
112 187 1 7 187 7.50161 0.4675 0 0 0 180 180 147 
113 187 1 7 187 7.50161 0.4675 0 0 0 184 184 148 
114 187 1 7 187 7.50161 0.4675 0 0 0 189 189 149 
115 187 1 7 187 7.50161 0.4675 0 0 0 193 193 150 
116 187 1 7 187 7.50161 0.4675 0 0 0 197 197 151 
117 187 1 7 187 7.50161 0.4675 0 0 0 201 201 152 
118 187 1 7 187 7.50161 0.4675 0 0 0 205 205 153 
119 187 1 7 187 7.50161 0.4675 0 0 0 209 209 154 
120 193 1 7 193 7.82983 0.4825 0 0 0 214 214 160 
121 193 1 7 193 7.82983 0.4825 0 0 0 218 218 161 
122 193 1 7 193 7.82983 0.4825 0 0 0 222 222 162 
123 196 1 7 196 10.0199 0.49 0 0 0 229 229 166 
124 196 1 7 196 10.0199 0.49 0 0 0 236 236 167 
125 196 1 7 196 10.0199 0.49 0 0 0 244 244 168 
126 196 1 7 196 10.0199 0.49 0 0 0 250 250 169 
127 196 1 7 196 10.0199 0.49 0 0 0 260 260 175 
128 211 1 7 211 11.6161 0.5275 0 0 0 269 269 182 
129 211 1 7 211 11.6161 0.5275 0 0 0 279 279 183 
130 211 1 7 211 11.6161 0.5275 0 0 0 289 289 184 
131 211 1 7 211 11.6161 0.5275 0 0 0 300 300 185 
132 211 1 7 211 11.6161 0.5275 0 0 0 310 310 186 
133 211 1 7 211 11.6161 0.5275 0 0 0 319 319 187 
134 211 1 7 211 11.6161 0.5275 0 0 0 328 328 188 
135 211 1 7 211 11.6161 0.5275 0 0 0 338 338 189 
136 211 1 7 211 11.6161 0.5275 0 0 0 349 349 190 
137 211 1 7 211 11.6161 0.5275 0 0 0 359 359 191 
138 211 1 7 211 11.6161 0.5275 0 0 0 369 369 192 
139 211 1 7 211 11.6161 0.5275 0 0 0 380 380 193 
140 211 1 7 211 11.6161 0.5275 0 0 0 391 391 194 
141 211 1 7 211 11.6161 0.5275 0 0 0 402 402 195 
142 213 1 7 213 11.952 0.5325 0 0 0 409 409 202 
143 213 1 7 213 11.952 0.5325 0 0 0 416 416 203 
144 231 1 7 231 13.0145 0.5775 0 0 0 424 424 210 
145 232 1 7 232 13.0391 0.58 0 0 0 432 432 214 
146 232 1 7 232 13.0391 0.58 0 0 0 440 440 215 
147 232 1 7 232 13.0391 0.58 0 0 0 448 448 216 
148 232 1 7 232 13.0391 0.58 0 0 0 456 456 217 
149 232 1 7 232 13.0391 0.58 0 0 0 465 465 218 
150 232 1 7 232 13.0391 0.58 0 0 0 474 474 219 
151 232 1 7 232 13.0391 0.58 0 0 0 482 482 220 
152 232 1 7 232 13.0391 0.58 0 0 0 491 491 221 
153 232 1 7 232 13.0391 0.58 0 0 0 500 500 222 
154 233 1 7 233 13.872 0.5825 0 0 0 512 512 227 
155 233 1 7 233 13.872 0.5825 0 0 0 524 524 228 
156 233 1 7 233 13.872 0.5825 0 0 0 540 540 229 
157 233 1 7 233 13.872 0.5825 0 0 0 552 552 230 
158 233 1 7 233 13.8639 0.5825 0 0 0 569 569 233 
159 233 1 7 233 13.8639 0.5825 0 0 0 584 584 234 
160 233 1 7 233 13.8639 0.5825 0 0 0 597 597 235 
161 233 1 7 233 13.8639 0.5825 0 0 0 610 610 236 
162 233 1 7 233 13.8639 0.5825 0 0 0 623 623 237 
163 233 1 7 233 13.8639 0.5825 0 0 0 636 636 238 
164 233 1 7 233 13.8639 0.5825 0 0 0 649 649 239 
165 233 1 7 233 13.8639 0.5825 0 0 0 662 662 240 
166 233 1 7 233 13.8639 0.5825 0 0 0 677 677 241 
167 233 1 7 233 13.8639 0.5825 0 0 0 691 691 242 
168 233 1 7 233 13.8639 0.5825 0 0 0 704 704 243 
169 233 1 7 233 13.8639 0.5825 0 0 0 717 717 244 
170 233 1 7 233 13.8639 0.5825 0 0 0 731 731 245 
171 236 1 7 236 16.3819 0.59 0 0 0 782 782 252 
172 236 1 7 236 16.3819 0.59 0 0 0 829 829 253 
173 237 1 7 237 13.9908 0.5925 0 0 0 842 842 257 
174 237 1 7 237 13.9908 0.5925 0 0 0 856 856 258 
175 237 1 7 237 13.9908 0.5925 0 0 0 869 869 259 
176 237 1 7 237 13.9908 0.5925 0 0 0 882 882 260 
177 237 1 7 237 13.9908 0.5925 0 0 0 895 895 261 
178 237 1 7 237 13.9908 0.5925 0 0 0 909 909 262 
179 237 1 7 237 11.5175 0.5925 0 0 0 916 916 264 
180 243 1 7 243 11.8292 0.6075 0 0 0 923 923 268 
181 245 1 7 245 11.8871 0.6125 0 0 0 930 930 270 
182 245 1 7 245 11.8871 0.6125 0 0 0 938 938 271 
183 253 1 7 253 12.2058 0.6325 0 0 0 946 946 275 
184 253 1 7 253 12.2058 0.6325 0 0 0 956 956 276 
185 253 1 7 253 12.2058 0.6325 0 0 0 964 964 277 
186 253 1 7 253 12.2058 0.6325 0 0 0 972 972 278 
187 253 1 7 253 12.2058 0.6325 0 0 0 981 981 279 
188 253 1 7 253 12.2058 0.6325 0 0 0 989 989 280 
189 253 1 7 253 12.2058 0.6325 0 0 0 998 998 281 
190 253 1 7 253 12.2058 0.6325 0 0 0 1008 1008 282 
191 253 1 7 253 12.2058 0.6325 0 0 0 1017 1017 283 
192 253 1 7 253 12.2058 0.6325 0 0 0 1026 1026 284 
193 253 1 7 253 12.2058 0.6325 0 0 0 1035 1035 285 
194 253 1 7 253 12.2058 0.6325 0 0 0 1044 1044 286 
195 253 1 7 253 12.2058 0.6325 0 0 0 1053 1053 287 
196 259 1 7 259 12.3926 0.6475 0 0 0 1062 1062 289 
197 259 1 7 259 12.3926 0.6475 0 0 0 1071 1071 290 
198 259 1 7 259 12.3926 0.6475 0 0 0 1080 1080 291 
199 259 1 7 259 12.3926 0.6475 0 0 0 1089 1089 292 
200 259 1 7 259 12.3926 0.6475 0 0 0 1098 1098 293 
201 259 1 7 259 12.3926 0.6475 0 0 0 1108 1108 294 
202 259 1 7 259 12.3926 0.6475 0 0 0 1118 1118 295 
203 259 1 7 259 12.3926 0.6475 0 0 0 1128 1128 296 
204 259 1 7 259 12.3926 0.6475 0 0 0 1138 1138 297 
205 259 1 7 259 12.3926 0.6475 0 0 0 1149 1149 304 
206 260 1 7 260 12.5465 0.65 0 0 0 1159 1159 308 
207 260 1 7 260 12.5465 0.65 0 0 0 1169 1169 309 
208 260 1 7 260 12.5465 0.65 0 0 0 1180 1180 310 
209 260 1 7 260 12.5465 0.65 0 0 0 1190 1190 311 
210 266 1 7 266 12.6013 0.665 0 0 0 1201 1201 313 
211 266 1 7 266 12.6013 0.665 0 0 0 1212 1212 314 
212 266 1 7 266 12.6013 0.665 0 0 0 1222 1222 315 
213 266 1 7 266 12.6013 0.665 0 0 0 1232 1232 316 
214 266 1 7 266 12.6013 0.665 0 0 0 1242 1242 317 
215 266 1 7 266 12.6013 0.665 0 0 0 1253 1253 318 
216 266 1 7 266 12.6013 0.665 0 0 0 1264 1264 319 
217 266 1 7 266 12.6013 0.665 0 0 0 1275 1275 320 
218 266 1 7 266 12.6013 0.665 0 0 0 1286 1286 321 
219 266 1 7 266 12.6013 0.665 0 0 0 1297 1297 322 
220 266 1 7 266 12.6013 0.665 0 0 0 1308 1308 323 
221 266 1 7 266 12.6013 0.665 0 0 0 1320 1320 324 
222 266 1 7 266 12.6013 0.665 0 0 0 1331 1331 325 
223 266 1 7 266 12.6013 0.665 0 0 0 1345 1345 326 
224 266 1 7 266 12.6013 0.665 0 0 0 1357 1357 327 
225 266 1 7 266 12.6013 0.665 0 0 0 1369 1369 328 
226 266 1 7 266 12.6013 0.665 0 0 0 1381 1381 329 
227 266 1 7 266 12.6013 0.665 0 0 0 1393 1393 330 
228 266 1 7 266 12.6013 0.665 0 0 0 1406 1406 331 
229 266 1 7 266 12.6013 0.665 0 0 0 1418 1418 332 
230 277 1 7 277 12.6582 0.6925 0 0 0 1430 1430 334 
231 277 1 7 277 12.6582 0.6925 0 0 0 1442 1442 335 
232 277 1 7 277 12.6582 0.6925 0 0 0 1454 1454 336 
233 277 1 7 277 12.6582 0.6925 0 0 0 1466 1466 337 
234 277 1 7 277 12.6582 0.6925 0 0 0 1478 1478 338 
235 277 1 7 277 12.6582 0.6925 0 0 0 1491 1491 339 
236 277 1 7 277 12.6582 0.6925 0 0 0 1503 1503 340 
237 277 1 7 277 12.6582 0.6925 0 0 0 1516 1516 341 
238 277 1 7 277 12.6582 0.6925 0 0 0 1529 1529 342 
239 277 1 7 277 12.6582 0.6925 0 0 0 1541 1541 343 
240 277 1 7 277 12.6582 0.6925 0 0 0 1554 1554 344 
241 277 1 7 277 12.6582 0.6925 0 0 0 1568 1568 345 
242 277 1 7 277 12.6582 0.6925 0 0 0 1581 1581 346 
243 277 1 7 277 12.6582 0.6925 0 0 0 1594 1594 347 
244 277 1 7 277 12.6582 0.6925 0 0 0 1607 1607 348 
245 283 1 7 283 12.7204 0.7075 0 0 0 1621 1621 350 
246 283 1 7 283 12.7204 0.7075 0 0 0 1635 1635 351 
247 283 1 7 283 12.7204 0.7075 0 0 0 1649 1649 352 
248 283 1 7 283 12.7204 0.7075 0 0 0 1664 1664 353 
249 283 1 7 283 12.7204 0.7075 0 0 0 1679 1679 354 
250 283 1 7 283 12.7204 0.7075 0 0 0 1694 1694 355 
251 284 1 7 284 16.857 0.71 0 0 0 1712 1712 362 
252 284 1 7 284 16.3285 0.71 0 0 0 1730 1730 365 
253 284 1 7 284 16.3285 0.71 0 0 0 1755 1755 374 
254 284 1 7 284 16.3285 0.71 0 0 0 1776 1776 375 
255 284 1 7 284 16.3285 0.71 0 0 0 1798 1798 379 
256 284 1 7 284 16.3285 0.71 0 0 0 1819 1819 380 
257 284 1 7 284 16.3285 0.71 0 0 0 1840 1840 383 
258 284 1 7 284 16.3285 0.71 0 0 0 1859 1859 384 
259 284 1 7 284 16.3285 0.71 0 0 0 1878 1878 385 
260 284 1 7 284 16.3285 0.71 0 0 0 1897 1897 386 
261 284 1 7 284 16.3285 0.71 0 0 0 1916 1916 387 
262 284 1 7 284 16.3285 0.71 0 0 0 1935 1935 389 
263 284 1 7 284 16.3285 0.71 0 0 0 1954 1954 390 
264 284 1 7 284 16.3285 0.71 0 0 0 1973 1973 391 
265 284 1 7 284 16.3285 0.71 0 0 0 1992 1992 395 
266 284 1 7 284 16.3285 0.71 0 0 0 2011 2011 396 
267 284 1 7 284 16.3285 0.71 0 0 0 2030 2030 397 
268 284 1 7 284 16.3285 0.71 0 0 0 2049 2049 398 
269 284 1 7 284 16.3285 0.71 0 0 0 2069 2069 399 
270 284 1 7 284 16.3285 0.71 0 0 0 2089 2089 400 
271 284 1 7 284 16.3285 0.71 0 0 0 2108 2108 401 
272 284 1 7 284 16.3285 0.71 0 0 0 2127 2127 402 
273 284 1 7 284 16.3285 0.71 0 0 0 2147 2147 403 
274 284 1 7 284 16.3285 0.71 0 0 0 2167 2167 404 
275 284 1 7 284 16.3285 0.71 0 0 0 2188 2188 405 
276 284 1 7 284 16.3285 0.71 0 0 0 2208 2208 406 
277 284 1 7 284 16.3285 0.71 0 0 0 2228 2228 407 
278 284 1 7 284 16.3285 0.71 0 0 0 2247 2247 408 
279 284 1 7 284 16.3285 0.71 0 0 0 2267 2267 409 
280 287 1 7 287 20.254 0.7175 0 0 0 2299 2299 415 
281 295 1 7 295 17.0669 0.7375 0 0 0 2320 2320 421 
282 295 1 7 295 17.0669 0.7375 0 0 0 2341 2341 422 
283 295 1 7 295 17.0669 0.7375 0 0 0 2363 2363 423 
284 295 1 7 295 17.0669 0.7375 0 0 0 2385 2385 424 
285 295 1 7 295 17.0669 0.7375 0 0 0 2406 2406 425 
286 295 1 7 295 17.0669 0.7375 0 0 0 2427 2427 426 
287 295 1 7 295 17.0669 0.7375 0 0 0 2448 2448 427 
288 298 1 7 298 19.3661 0.745 0 0 0 2471 2471 434 
289 298 1 7 298 19.3661 0.745 0 0 0 2494 2494 435 
290 300 1 7 300 19.7247 0.75 0 0 0 2518 2518 442 
291 300 1 7 300 19.7247 0.75 0 0 0 2543 2543 445 
292 300 1 7 300 19.7247 0.75 0 0 0 2568 2568 446 
293 300 1 7 300 19.7247 0.75 0 0 0 2595 2595 447 
294 300 1 7 300 19.7247 0.75 0 0 0 2619 2619 448 
295 300 1 7 300 19.6513 0.75 0 0 0 2643 2643 451 
296 300 1 7 300 19.6513 0.75 0 0 0 2668 2668 452 
297 300 1 7 300 19.6513 0.75 0 0 0 2692 2692 456 
298 304 1 7 304 23.4543 0.76 0 0 0 2721 2721 463 
299 304 1 7 304 23.3258 0.76 0 0 0 2751 2751 465 
300 304 1 7 304 23.3258 0.76 0 0 0 2784 2784 466 
301 304 1 7 304 23.3258 0.76 0 0 0 2816 2816 467 
302 304 1 7 304 23.0707 0.76 0 0 0 2846 2846 469 
303 304 1 7 304 23.0707 0.76 0 0 0 2875 2875 470 
304 304 1 7 304 23.0707 0.76 0 0 0 2904 2904 475 
305 304 1 7 304 23.0707 0.76 0 0 0 2933 2933 476 
306 304 1 7 304 22.9904 0.76 0 0 0 2962 2962 477 
307 304 1 7 304 22.9904 0.76 0 0 0 2990 2990 478 
308 304 1 7 304 22.9904 0.76 0 0 0 3019 3019 479 
309 304 1 7 304 22.9904 0.76 0 0 0 3047 3047 480 
310 304 1 7 304 22.9904 0.76 0 0 0 3076 3076 481 
311 304 1 7 304 22.9904 0.76 0 0 0 3105 3105 482 
312 304 1 7 304 22.9904 0.76 0 0 0 3140 3140 486 
313 304 1 7 304 22.9904 0.76 0 0 0 3173 3173 497 
314 304 1 7 304 22.9904 0.76 0 0 0 3207 3207 498 
315 305 1 7 305 23.8663 0.7625 0 0 0 3246 3246 505 
316 305 1 7 305 23.8449 0.7625 0 0 0 3288 3288 508 
317 305 1 7 305 23.8449 0.7625 0 0 0 3331 3331 509 
318 305 1 7 305 23.8449 0.7625 0 0 0 3373 3373 510 
319 305 1 7 305 23.8449 0.7625 0 0 0 3416 3416 511 
320 305 1 7 305 23.8449 0.7625 0 0 0 3444 3444 518 
321 305 1 7 305 23.8449 0.7625 0 0 0 3481 3481 519 
322 305 1 7 305 23.8449 0.7625 0 0 0 3523 3523 524 
323 305 1 7 305 23.8449 0.7625 0 0 0 3567 3567 528 
324 305 1 7 305 23.7319 0.7625 0 0 0 3605 3605 530 
325 305 1 7 305 23.6921 0.7625 0 0 0 3642 3642 534 
326 305 1 7 305 23.6921 0.7625 0 0 0 3684 3684 535 
327 305 1 7 305 23.6921 0.7625 0 0 0 3722 3722 538 
328 305 1 7 305 23.6921 0.7625 0 0 0 3758 3758 539 
329 305 1 7 305 23.6921 0.7625 0 0 0 3795 3795 540 
330 305 1 7 305 23.6921 0.7625 0 0 0 3838 3838 541 
331 305 1 7 305 23.6921 0.7625 0 0 0 3880 3880 542 
332 305 1 7 305 23.6921 0.7625 0 0 0 3918 3918 543 
333 305 1 7 305 23.6921 0.7625 0 0 0 3958 3958 546 
334 305 1 7 305 23.6921 0.7625 0 0 0 4000 4000 549 
335 305 1 7 305 23.6921 0.7625 0 0 0 4044 4044 550 
336 305 1 7 305 23.6921 0.7625 0 0 0 4085 4085 551 
337 305 1 7 305 23.6921 0.7625 0 0 0 4129 4129 552 
338 305 1 7 305 23.6921 0.7625 0 0 0 4166 4166 553 
339 305 1 7 305 23.6921 0.7625 0 0 0 4204 4204 554 
340 305 1 7 305 23.6921 0.7625 0 0 0 4242 4242 555 
341 305 1 7 305 23.6921 0.7625 0 0 0 4286 4286 556 
342 305 1 7 305 23.6768 0.7625 0 0 0 4329 4329 559 
343 305 1 7 305 23.6768 0.7625 0 0 0 4368 4368 562 
344 305 1 7 305 23.6768 0.7625 0 0 0 4411 4411 563 
345 305 1 7 305 23.6768 0.7625 0 0 0 4454 4454 564 
346 305 1 7 305 23.6768 0.7625 0 0 0 4495 4495 569 
347 305 1 7 305 23.6768 0.7625 0 0 0 4539 4539 570 
348 306 1 7 306 24.1025 0.765 0 0 0 4577 4577 575 
349 306 1 7 306 24.0442 0.765 0 0 0 4621 4621 576 
350 306 1 7 306 23.9886 0.765 0 0 0 4658 4658 581 
351 306 1 7 306 23.9886 0.765 0 0 0 4696 4696 582 
352 306 1 7 306 23.9886 0.765 0 0 0 4734 4734 590 
353 306 1 7 306 23.9886 0.765 0 0 0 4775 4775 591 
354 306 1 7 306 23.9886 0.765 0 0 0 4818 4818 592 
355 306 1 7 306 23.9886 0.765 0 0 0 4862 4862 593 
356 306 1 7 306 23.9886 0.765 0 0 0 4901 4901 594 
357 306 1 7 306 23.7492 0.765 0 0 0 4937 4937 599 
358 312 1 7 312 29.2223 0.78 0 0 0 4991 4991 608 
359 312 1 7 312 25.5351 0.78 0 0 0 5060 5060 622 
360 312 1 7 312 25.5351 0.78 0 0 0 5129 5129 623 
361 312 1 7 312 25.5351 0.78 0 0 0 5196 5196 624 
362 312 1 7 312 25.5351 0.78 0 0 0 5263 5263 625 
363 312 1 7 312 25.3427 0.78 0 0 0 5330 5330 627 
364 312 1 7 312 25.3427 0.78 0 0 0 5397 5397 628 
365 312 1 7 312 25.3427 0.78 0 0 0 5466 5466 629 
366 312 1 7 312 25.3427 0.78 0 0 0 5534 5534 630 
367 312 1 7 312 25.3427 0.78 0 0 0 5603 5603 631 
368 312 1 7 312 25.3427 0.78 0 0 0 5671 5671 632 
369 312 1 7 312 25.3427 0.78 0 0 0 5739 5739 633 
370 312 1 7 312 25.3427 0.78 0 0 0 5817 5817 639 
371 312 1 7 312 25.3427 0.78 0 0 0 5937 5937 644 
372 312 1 7 312 25.3427 0.78 0 0 0 5977 5977 650 
373 312 1 7 312 25.3427 0.78 0 0 0 6016 6016 651 
374 312 1 7 312 25.3427 0.78 0 0 0 6054 6054 654 
375 312 1 7 312 25.3427 0.78 0 0 0 6094 6094 657 
376 312 1 7 312 25.3427 0.78 0 0 0 6134 6134 658 
377 312 1 7 312 25.3427 0.78 0 0 0 6173 6173 659 
378 312 1 7 312 25.3427 0.78 0 0 0 6213 6213 660 
379 312 1 7 312 25.3427 0.78 0 0 0 6253 6253 661 
380 312 1 7 312 25.3427 0.78 0 0 0 6293 6293 662 
381 312 1 7 312 25.3427 0.78 0 0 0 6333 6333 663 
382 312 1 7 312 25.3427 0.78 0 0 0 6374 6374 664 
383 314 1 7 314 24.8105 0.785 0 0 0 6470 6470 681 
384 314 1 7 314 24.8105 0.785 0 0 0 6514 6514 695 
385 314 1 7 314 24.8105 0.785 0 0 0 6559 6559 698 
386 314 1 7 314 24.8105 0.785 0 0 0 6602 6602 701 
387 314 1 7 314 24.8105 0.785 0 0 0 6646 6646 702 
388 314 1 7 314 24.8105 0.785 0 0 0 6690 6690 703 
389 314 1 7 314 24.8105 0.785 0 0 0 6735 6735 704 
390 314 1 7 314 24.8105 0.785 0 0 0 6779 6779 705 
391 314 1 7 314 24.8105 0.785 0 0 0 6824 6824 706 
392 314 1 7 314 24.8105 0.785 0 0 0 6868 6868 707 
393 314 1 7 314 24.8105 0.785 0 0 0 6912 6912 708 
394 314 1 7 314 24.8105 0.785 0 0 0 6957 6957 709 
395 318 1 7 318 26.4044 0.795 0 0 0 7032 7032 717 
396 321 1 7 321 26.4457 0.8025 0 0 0 7100 7100 722 
397 322 1 7 322 26.4001 0.805 0 0 0 7172 7172 731 
398 322 1 7 322 26.4001 0.805 0 0 0 7244 7244 732 
399 322 1 7 322 26.4001 0.805 0 0 0 7316 7316 733 
400 322 1 7 322 26.4001 0.805 0 0 0 7388 7388 734 
401 322 1 7 322 26.4001 0.805 0 0 0 7460 7460 735 
402 322 1 7 322 26.4001 0.805 0 0 0 7531 7531 736 
403 322 1 7 322 26.4001 0.805 0 0 0 7604 7604 737 
404 322 1 7 322 26.1945 0.805 0 0 0 7675 7675 740 
405 322 1 7 322 26.1945 0.805 0 0 0 7747 7747 741 
406 323 1 7 323 26.7057 0.8075 0 0 0 7816 7816 747 
407 323 1 7 323 26.7057 0.8075 0 0 0 7885 7885 748 
408 323 1 7 323 26.7057 0.8075 0 0 0 7955 7955 749 
409 323 1 7 323 26.7057 0.8075 0 0 0 8025 8025 750 
410 323 1 7 323 26.7057 0.8075 0 0 0 8096 8096 751 
411 323 1 7 323 26.7057 0.8075 0 0 0 8167 8167 752 
412 323 1 7 323 26.7057 0.8075 0 0 0 8236 8236 753 
413 323 1 7 323 26.7057 0.8075 0 0 0 8308 8308 754 
414 341 1 7 341 26.775 0.8525 0 0 0 8382 8382 759 
415 341 1 7 341 26.775 0.8525 0 0 0 8454 8454 760 
416 341 1 7 341 26.775 0.8525 0 0 0 8525 8525 761 
417 341 1 7 341 26.775 0.8525 0 0 0 8596 8596 762 
418 341 1 7 341 26.775 0.8525 0 0 0 8667 8667 763 
419 341 1 7 341 26.775 0.8525 0 0 0 8718 8718 768 
420 341 1 7 341 26.775 0.8525 0 0 0 8770 8770 772 
421 341 1 7 341 26.775 0.8525 0 0 0 8846 8846 773 
422 341 1 7 341 26.775 0.8525 0 0 0 8919 8919 774 
423 341 1 7 341 26.775 0.8525 0 0 0 8992 8992 775 
424 341 1 7 341 26.7541 0.8525 0 0 0 9063 9063 776 
425 342 1 7 342 26.8215 0.855 0 0 0 9136 9136 779 
426 342 1 7 342 26.8187 0.855 0 0 0 9216 9216 782 
427 342 1 7 342 26.8187 0.855 0 0 0 9294 9294 783 
428 342 1 7 342 26.8187 0.855 0 0 0 9373 9373 784 
429 342 1 7 342 26.8187 0.855 0 0 0 9450 9450 785 
430 342 1 7 342 26.8187 0.855 0 0 0 9530 9530 786 
431 342 1 7 342 26.8187 0.855 0 0 0 9608 9608 787 
432 353 1 7 353 26.8139 0.8825 0 0 0 9687 9687 791 
433 355 1 7 355 31.283 0.8875 0 0 0 9783 9783 809 
434 355 1 7 355 31.2347 0.8875 0 0 0 9880 9880 812 
435 355 1 7 355 31.2347 0.8875 0 0 0 9981 9981 813 
436 356 1 7 356 31.383 0.89 0 0 0 10080 10080 814 
437 356 1 7 356 31.383 0.89 0 0 0 10179 10179 815 
438 356 1 7 356 31.383 0.89 0 0 0 10278 10278 816 
439 356 1 7 356 31.383 0.89 0 0 0 10375 10375 818 
440 356 1 7 356 31.383 0.89 0 0 0 10474 10474 819 
441 356 1 7 356 31.383 0.89 0 0 0 10606 10606 827 
442 356 1 7 356 31.383 0.89 0 0 0 10738 10738 829 
443 356 1 7 356 31.383 0.89 0 0 0 10836 10836 830 
444 356 1 7 356 31.383 0.89 0 0 0 10937 10937 831 
445 357 1 7 357 32.383 0.8925 0 0 0 11053 11053 846 
446 358 1 7 358 32.7111 0.895 0 0 0 11170 11170 852 
447 358 1 7 358 32.7111 0.895 0 0 0 11306 11306 865 
448 358 1 7 358 32.7111 0.895 0 0 0 11442 11442 869 
449 358 1 7 358 32.7111 0.895 0 0 0 11586 11586 876 
450 358 1 7 358 32.7111 0.895 0 0 0 11729 11729 877 
451 358 1 7 358 32.7111 0.895 0 0 0 11874 11874 878 
452 358 1 7 358 32.7111 0.895 0 0 0 12020 12020 879 
453 358 1 7 358 32.7111 0.895 0 0 0 12176 12176 889 
454 358 1 7 358 32.7111 0.895 0 0 0 12327 12327 904 
455 358 1 7 358 32.7111 0.895 0 0 0 12475 12475 905 
456 358 1 7 358 32.7111 0.895 0 0 0 12624 12624 914 
457 358 1 7 358 32.7111 0.895 0 0 0 12773 12773 921 
458 358 1 7 358 32.7111 0.895 0 0 0 12922 12922 922 
459 358 1 7 358 32.7111 0.895 0 0 0 13071 13071 923 
460 358 1 7 358 32.7111 0.895 0 0 0 13221 13221 924 
461 358 1 7 358 32.7111 0.895 0 0 0 13372 13372 925 
462 358 1 7 358 32.7111 0.895 0 0 0 13521 13521 926 
463 358 1 7 358 32.7111 0.895 0 0 0 13671 13671 927 
464 358 1 7 358 32.7111 0.895 0 0 0 13822 13822 930 
465 358 1 7 358 32.7111 0.895 0 0 0 13972 13972 931 
466 358 1 7 358 32.7111 0.895 0 0 0 14123 14123 932 
467 358 1 7 358 32.7111 0.895 0 0 0 14275 14275 936 
468 358 1 7 358 32.7111 0.895 0 0 0 14426 14426 939 
469 358 1 7 358 32.7111 0.895 0 0 0 14574 14574 940 
470 358 1 7 358 32.7111 0.895 0 0 0 14728 14728 942 
471 358 1 7 358 32.7111 0.895 0 0 0 14882 14882 943 
472 358 1 7 358 32.7111 0.895 0 0 0 15035 15035 946 
473 358 1 7 358 32.7111 0.895 0 0 0 15191 15191 947 
474 358 1 7 358 32.7111 0.895 0 0 0 15340 15340 948 
475 358 1 7 358 32.7111 0.895 0 0 0 15493 15493 949 
476 359 1 7 359 30.0322 0.8975 0 0 0 15562 15562 956 
477 359 1 7 359 29.917 0.8975 0 0 0 15631 15631 967 
478 359 1 7 359 29.917 0.8975 0 0 0 15704 15704 968 
479 359 1 7 359 29.917 0.8975 0 0 0 15775 15775 973 
480 359 1 7 359 29.8203 0.8975 0 0 0 15846 15846 974 
481 359 1 7 359 29.8203 0.8975 0 0 0 15916 15916 975 
482 359 1 7 359 29.8203 0.8975 0 0 0 15985 15985 978 
483 359 1 7 359 29.8203 0.8975 0 0 0 16058 16058 979 
484 359 1 7 359 29.8203 0.8975 0 0 0 16129 16129 980 
485 362 1 7 362 34.9273 0.905 0 0 0 16240 16240 988 
486 362 1 7 362 34.9069 0.905 0 0 0 16350 16350 989 
487 362 1 7 362 34.9069 0.905 0 0 0 16458 16458 990 
488 362 1 7 362 34.9069 0.905 0 0 0 16569 16569 994 
489 365 1 7 365 35.027 0.9125 0 0 0 16680 16680 996 
490 365 1 7 365 35.027 0.9125 0 0 0 16789 16789 997 
491 365 1 7 365 34.9517 0.9125 0 0 0 16900 16900 998 
492 365 1 7 365 34.9517 0.9125 0 0 0 17010 17010 999 
493 365 1 7 365 34.9517 0.9125 0 0 0 17119 17119 1000 
494 365 1 7 365 34.9517 0.9125 0 0 0 17231 17231 1001 
495 365 1 7 365 34.9517 0.9125 0 0 0 17341 17341 1006 
496 365 1 7 365 34.9517 0.9125 0 0 0 17538 17538 1025 
497 365 1 7 365 34.9517 0.9125 0 0 0 17750 17750 1038 
498 365 1 7 365 34.9517 0.9125 0 0 0 17953 17953 1048 
499 365 1 7 365 34.9517 0.9125 0 0 0 18161 18161 1049 
500 366 1 7 366 36.8373 0.915 0 0 0 18382 18382 1054 
501 366 1 7 366 36.8056 0.915 0 0 0 18602 18602 1055 
502 366 1 7 366 36.8056 0.915 0 0 0 18820 18820 1060 
503 366 1 7 366 36.8056 0.915 0 0 0 19040 19040 1061 
504 366 1 7 366 32.0081 0.915 0 0 0 19255 19255 1071 
505 366 1 7 366 32.0081 0.915 0 0 0 19469 19469 1072 
506 366 1 7 366 32.0081 0.915 0 0 0 19685 19685 1075 
507 367 1 7 367 37.1559 0.9175 0 0 0 19898 19898 1080 
508 367 1 7 367 37.1559 0.9175 0 0 0 20128 20128 1086 
509 367 1 7 367 37.1559 0.9175 0 0 0 20351 20351 1087 
510 367 1 7 367 32.2597 0.9175 0 0 0 20580 20580 1094 
511 367 1 7 367 32.2597 0.9175 0 0 0 20830 20830 1095 
512 367 1 7 367 32.2597 0.9175 0 0 0 21044 21044 1098 
513 367 1 7 367 32.2597 0.9175 0 0 0 21274 21274 1101 
514 367 1 7 367 32.0365 0.9175 0 0 0 21501 21501 1106 
515 367 1 7 367 32.0365 0.9175 0 0 0 21726 21726 1108 
516 367 1 7 367 32.0365 0.9175 0 0 0 21875 21875 1114 
517 367 1 7 367 32.0365 0.9175 0 0 0 22018 22018 1121 
518 367 1 7 367 32.0365 0.9175 0 0 0 22225 22225 1125 
519 368 1 7 368 33.0776 0.92 0 0 0 22368 22368 1131 
520 368 1 7 368 33.0776 0.92 0 0 0 22511 22511 1132 
521 368 1 7 368 33.0776 0.92 0 0 0 22662 22662 1133 
522 368 1 7 368 33.0776 0.92 0 0 0 22869 22869 1138 
523 368 1 7 368 33.0776 0.92 0 0 0 23021 23021 1139 
524 368 1 7 368 33.0776 0.92 0 0 0 23169 23169 1140 
525 368 1 7 368 33.0776 0.92 0 0 0 23337 23337 1147 
526 368 1 7 368 33.0776 0.92 0 0 0 23488 23488 1148 
527 368 1 7 368 33.0776 0.92 0 0 0 23631 23631 1149 
528 368 1 7 368 33.0776 0.92 0 0 0 23781 23781 1150 
529 369 1 7 369 33.6186 0.9225 0 0 0 23969 23969 1158 
530 369 1 7 369 33.6186 0.9225 0 0 0 24167 24167 1167 
531 370 1 7 370 39.7587 0.925 0 0 0 24645 24645 1177 
532 370 1 7 370 39.6964 0.925 0 0 0 25130 25130 1178 
533 370 1 7 370 39.6964 0.925 0 0 0 25612 25612 1182 
534 370 1 7 370 39.6964 0.925 0 0 0 26012 26012 1195 
535 370 1 7 370 39.6964 0.925 0 0 0 26489 26489 1196 
536 370 1 7 370 39.6964 0.925 0 0 0 26974 26974 1197 
537 370 1 7 370 39.6964 0.925 0 0 0 27455 27455 1198 
538 370 1 7 370 39.5289 0.925 0 0 0 27948 27948 1201 
539 370 1 7 370 39.5289 0.925 0 0 0 28418 28418 1216 
540 370 1 7 370 39.5289 0.925 0 0 0 28927 28927 1218 
541 370 1 7 370 39.5289 0.925 0 0 0 29733 29733 1239 
542 370 1 7 370 39.5289 0.925 0 0 0 30234 30234 1241 
543 370 1 7 370 39.5289 0.925 0 0 0 30740 30740 1242 
544 370 1 7 370 39.5289 0.925 0 0 0 31229 31229 1247 
545 370 1 7 370 39.5289 0.925 0 0 0 31652 31652 1267 
546 370 1 7 370 39.5289 0.925 0 0 0 31839 31839 1283 
547 370 1 7 370 39.5289 0.925 0 0 0 32293 32293 1301 
548 371 1 7 371 48.5934 0.9275 0 0 0 32760 32760 1321 
549 371 1 7 371 44.2854 0.9275 0 0 0 33139 33139 1338 
550 371 1 7 371 44.2854 0.9275 0 0 0 33606 33606 1345 
551 371 1 7 371 44.2854 0.9275 0 0 0 34075 34075 1350 
552 371 1 7 371 44.2854 0.9275 0 0 0 34675 34675 1362 
553 371 1 7 371 39.9439 0.9275 0 0 0 34931 34931 1372 
554 371 1 7 371 39.9439 0.9275 0 0 0 35240 35240 1385 
555 371 1 7 371 39.9439 0.9275 0 0 0 35487 35487 1394 
556 371 1 7 371 39.9439 0.9275 0 0 0 35962 35962 1396 
557 371 1 7 371 39.9439 0.9275 0 0 0 36200 36200 1406 
558 371 1 7 371 39.9439 0.9275 0 0 0 36435 36435 1411 
559 371 1 7 371 39.9439 0.9275 0 0 0 36905 36905 1417 
560 371 1 7 371 39.9038 0.9275 0 0 0 37142 37142 1419 
561 371 1 7 371 39.9038 0.9275 0 0 0 37710 37710 1429 
562 371 1 7 371 39.9038 0.9275 0 0 0 38277 38277 1436 
563 371 1 7 371 39.9038 0.9275 0 0 0 38491 38491 1440 
564 371 1 7 371 39.9038 0.9275 0 0 0 39059 39059 1447 
565 371 1 7 371 39.9038 0.9275 0 0 0 39270 39270 1453 
566 371 1 7 371 39.9038 0.9275 0 0 0 39834 39834 1461 
567 371 1 7 371 39.9038 0.9275 0 0 0 40410 40410 1470 
568 371 1 7 371 39.9038 0.9275 0 0 0 40980 40980 1472 
569 371 1 7 371 39.9038 0.9275 0 0 0 41197 41197 1479 
570 371 1 7 371 39.9038 0.9275 0 0 0 41638 41638 1487 
571 371 1 7 371 39.9038 0.9275 0 0 0 42002 42002 1503 
572 371 1 7 371 39.8545 0.9275 0 0 0 42214 42214 1507 
573 371 1 7 371 39.8545 0.9275 0 0 0 43038 43038 1512 
574 371 1 7 371 39.8545 0.9275 0 0 0 43254 43254 1515 
575 371 1 7 371 39.8545 0.9275 0 0 0 43767 43767 1527 
576 371 1 7 371 39.8545 0.9275 0 0 0 44015 44015 1539 
577 372 1 7 372 41.5385 0.93 0 0 0 44245 44245 1546 
578 372 1 7 372 41.5385 0.93 0 0 0 44759 44759 1553 
579 372 1 7 372 41.5385 0.93 0 0 0 45010 45010 1561 
580 372 1 7 372 41.5385 0.93 0 0 0 45254 45254 1567 
581 372 1 7 372 41.5385 0.93 0 0 0 45734 45734 1579 
582 372 1 7 372 41.5385 0.93 0 0 0 46223 46223 1595 
583 372 1 7 372 41.5385 0.93 0 0 0 46715 46715 1602 
584 372 1 7 372 41.5385 0.93 0 0 0 46962 46962 1611 
585 372 1 7 372 41.5385 0.93 0 0 0 47199 47199 1618 
586 372 1 7 372 41.5385 0.93 0 0 0 47435 47435 1621 
587 372 1 7 372 41.5385 0.93 0 0 0 47674 47674 1624 
588 372 1 7 372 41.5385 0.93 0 0 0 48155 48155 1631 
589 372 1 7 372 41.5385 0.93 0 0 0 48403 48403 1636 
590 372 1 7 372 41.5385 0.93 0 0 0 48842 48842 1653 
591 372 1 7 372 41.5385 0.93 0 0 0 49335 49335 1661 
592 372 1 7 372 41.5385 0.93 0 0 0 49770 49770 1662 
593 372 1 7 372 41.5385 0.93 0 0 0 50230 50230 1665 
594 372 1 7 372 41.5385 0.93 0 0 0 50673 50673 1666 
595 372 1 7 372 41.5385 0.93 0 0 0 51114 51114 1672 
596 372 1 7 372 41.5385 0.93 0 0 0 51556 51556 1676 
597 372 1 7 372 41.5385 0.93 0 0 0 52042 52042 1680 
598 372 1 7 372 41.5385 0.93 0 0 0 52290 52290 1682 
599 372 1 7 372 41.5385 0.93 0 0 0 52730 52730 1684 
600 372 1 7 372 41.5385 0.93 0 0 0 53227 53227 1688 
601 372 1 7 372 41.5385 0.93 0 0 0 53725 53725 1690 
602 372 1 7 372 41.5385 0.93 0 0 0 54166 54166 1693 
603 372 1 7 372 41.5385 0.93 0 0 0 54610 54610 1697 
604 372 1 7 372 41.5385 0.93 0 0 0 54841 54841 1700 
605 372 1 7 372 41.5385 0.93 0 0 0 55104 55104 1702 
606 372 1 7 372 41.5385 0.93 0 0 0 55600 55600 1705 
607 372 1 7 372 41.5385 0.93 0 0 0 56102 56102 1708 
608 372 1 7 372 41.5385 0.93 0 0 0 56544 56544 1712 
609 372 1 7 372 41.5385 0.93 0 0 0 56797 56797 1716 
610 372 1 7 372 41.5385 0.93 0 0 0 57055 57055 1727 
611 372 1 7 372 41.5385 0.93 0 0 0 57317 57317 1735 
612 372 1 7 372 41.5385 0.93 0 0 0 57818 57818 1736 
613 372 1 7 372 41.5385 0.93 0 0 0 58318 58318 1752 
614 372 1 7 372 41.5385 0.93 0 0 0 58664 58664 1761 
615 372 1 7 372 41.0487 0.93 0 0 0 59213 59213 1770 
616 372 1 7 372 41.0487 0.93 0 0 0 59471 59471 1777 
617 372 1 7 372 41.0487 0.93 0 0 0 59864 59864 1786 
618 372 1 7 372 41.0487 0.93 0 0 0 60121 60121 1795 
619 372 1 7 372 41.0487 0.93 0 0 0 60379 60379 1799 
620 372 1 7 372 41.0487 0.93 0 0 0 60861 60861 1803 
621 372 1 7 372 41.0487 0.93 0 0 0 61320 61320 1806 
622 372 1 7 372 41.0487 0.93 0 0 0 61780 61780 1810 
623 372 1 7 372 41.0487 0.93 0 0 0 62231 62231 1811 
624 372 1 7 372 41.0487 0.93 0 0 0 62740 62740 1824 
625 373 1 7 373 49.772 0.9325 0 0 0 63203 63203 1842 
626 373 1 7 373 49.772 0.9325 0 0 0 63878 63878 1850 
627 373 1 7 373 49.7042 0.9325 0 0 0 64343 64343 1851 
628 373 1 7 373 49.7042 0.9325 0 0 0 64738 64738 1855 
629 376 1 7 376 48.3025 0.94 0 0 0 65193 65193 1864 
630 376 1 7 376 48.3025 0.94 0 0 0 65656 65656 1865 
631 376 1 7 376 47.1991 0.94 0 0 0 66454 66454 1876 
632 376 1 7 376 47.1991 0.94 0 0 0 67352 67352 1891 
633 376 1 7 376 47.1991 0.94 0 0 0 67748 67748 1900 
634 379 1 7 379 48.2012 0.9475 0 0 0 68568 68568 1910 
635 379 1 7 379 47.6789 0.9475 0 0 0 69390 69390 1914 
636 379 1 7 379 47.6789 0.9475 0 0 0 70254 70254 1921 
637 379 1 7 379 47.6789 0.9475 0 0 0 70689 70689 1934 
638 379 1 7 379 47.2995 0.9475 0 0 0 71509 71509 1940 
639 379 1 7 379 47.2995 0.9475 0 0 0 72014 72014 1948 
640 379 1 7 379 47.2995 0.9475 0 0 0 72876 72876 1955 
641 379 1 7 379 47.2995 0.9475 0 0 0 73434 73434 1958 
642 382 1 7 382 49.7784 0.955 0 0 0 74050 74050 1981 
643 385 1 7 385 51.8563 0.9625 0 0 0 74367 74367 2002 
644 385 1 7 385 50.4731 0.9625 0 0 0 75072 75072 2004 
645 388 1 7 388 49.519 0.97 0 0 0 75608 75608 2006 
646 388 1 7 388 49.5035 0.97 0 0 0 76083 76083 2007 
647 388 1 7 388 49.5035 0.97 0 0 0 76490 76490 2027 
648 388 1 7 388 49.1659 0.97 0 0 0 76986 76986 2028 
649 388 1 7 388 49.1659 0.97 0 0 0 77746 77746 2033 
650 388 1 7 388 49.1659 0.97 0 0 0 78138 78138 2042 
651 388 1 7 388 49.0848 0.97 0 0 0 78522 78522 2044 
652 388 1 7 388 49.0848 0.97 0 0 0 79267 79267 2048 
653 388 1 7 388 49.0848 0.97 0 0 0 80028 80028 2054 
654 388 1 7 388 49.0848 0.97 0 0 0 80518 80518 2058 
655 388 1 7 388 49.0848 0.97 0 0 0 81278 81278 2063 
656 388 1 7 388 49.0848 0.97 0 0 0 81673 81673 2069 
657 388 1 7 388 49.0848 0.97 0 0 0 82431 82431 2071 
658 388 1 7 388 49.0848 0.97 0 0 0 82907 82907 2073 
659 388 1 7 388 47.4626 0.97 0 0 0 83795 83795 2084 
660 388 1 7 388 47.4626 0.97 0 0 0 84598 84598 2100 
661 388 1 7 388 47.4626 0.97 0 0 0 85002 85002 2125 
662 388 1 7 388 47.4626 0.97 0 0 0 85400 85400 2128 
663 388 1 7 388 47.4626 0.97 0 0 0 86214 86214 2138 
664 388 1 7 388 43.2379 0.97 0 0 0 86811 86811 2143 
665 388 1 7 388 43.2379 0.97 0 0 0 87624 87624 2147 
666 388 1 7 388 43.2379 0.97 0 0 0 88187 88187 2173 
667 388 1 7 388 43.2379 0.97 0 0 0 88586 88586 2175 
668 388 1 7 388 43.2379 0.97 0 0 0 88925 88925 2190 
669 388 1 7 388 43.2379 0.97 0 0 0 89980 89980 2194 
670 388 1 7 388 43.2379 0.97 0 0 0 90734 90734 2203 
671 388 1 7 388 43.2379 0.97 0 0 0 91561 91561 2204 
672 389 1 7 389 51.7923 0.9725 0 0 0 92411 92411 2223 
673 389 1 7 389 51.7923 0.9725 0 0 0 92953 92953 2231 
674 389 1 7 389 50.5131 0.9725 0 0 0 93356 93356 2233 
675 389 1 7 389 48.597 0.9725 0 0 0 94204 94204 2240 
676 389 1 7 389 47.974 0.9725 0 0 0 95068 95068 2242 
677 389 1 7 389 47.974 0.9725 0 0 0 95455 95455 2249 
678 389 1 7 389 47.974 0.9725 0 0 0 96300 96300 2250 
679 389 1 7 389 47.974 0.9725 0 0 0 96703 96703 2251 
680 389 1 7 389 47.6215 0.9725 0 0 0 97146 97146 2264 
681 389 1 7 389 47.4832 0.9725 0 0 0 97932 97932 2267 
682 389 1 7 389 47.4832 0.9725 0 0 0 98798 98798 2268 
683 389 1 7 389 47.4832 0.9725 0 0 0 99112 99112 2271 
684 389 1 7 389 47.3501 0.9725 0 0 0 99891 99891 2274 
685 389 1 7 389 47.3501 0.9725 0 0 0 100343 100343 2277 
686 389 1 7 389 47.3501 0.9725 0 0 0 100778 100778 2279 
687 389 1 7 389 47.3501 0.9725 0 0 0 101661 101661 2284 
688 389 1 7 389 47.3501 0.9725 0 0 0 102138 102138 2298 
689 389 1 7 389 47.1719 0.9725 0 0 0 103002 103002 2299 
690 389 1 7 389 47.1719 0.9725 0 0 0 103636 103636 2308 
691 389 1 7 389 47.1719 0.9725 0 0 0 104463 104463 2318 
692 389 1 7 389 47.1719 0.9725 0 0 0 104838 104838 2326 
693 389 1 7 389 47.1719 0.9725 0 0 0 105674 105674 2337 
694 389 1 7 389 47.1719 0.9725 0 0 0 106011 106011 2350 
695 389 1 7 389 47.1719 0.9725 0 0 0 106385 106385 2355 
696 389 1 7 389 47.1719 0.9725 0 0 0 107127 107127 2364 
697 389 1 7 389 47.1719 0.9725 0 0 0 107976 107976 2370 
698 389 1 7 389 47.1719 0.9725 0 0 0 108825 108825 2376 
699 389 1 7 389 47.1719 0.9725 0 0 0 109692 109692 2383 
700 389 1 7 389 47.1719 0.9725 0 0 0 110453 110453 2390 
701 389 1 7 389 47.1719 0.9725 0 0 0 111334 111334 2394 
702 389 1 7 389 47.1719 0.9725 0 0 0 111887 111887 2402 
703 389 1 7 389 47.1719 0.9725 0 0 0 112652 112652 2408 
704 389 1 7 389 47.1719 0.9725 0 0 0 113285 113285 2416 
705 389 1 7 389 47.1719 0.9725 0 0 0 114041 114041 2418 
706 389 1 7 389 47.1719 0.9725 0 0 0 114885 114885 2428 
707 389 1 7 389 47.1719 0.9725 0 0 0 115563 115563 2444 
708 389 1 7 389 47.1719 0.9725 0 0 0 116151 116151 2469 
709 389 1 7 389 47.1719 0.9725 0 0 0 116708 116708 2471 
710 389 1 7 389 47.1719 0.9725 0 0 0 117635 117635 2489 
711 389 1 7 389 47.1719 0.9725 0 0 0 118564 118564 2492 
712 389 1 7 389 47.1719 0.9725 0 0 0 119146 119146 2518 
713 389 1 7 389 47.1719 0.9725 0 0 0 119775 119775 2530 
714 389 1 7 389 47.1719 0.9725 0 0 0 120496 120496 2533 
715 389 1 7 389 47.1719 0.9725 0 0 0 121074 121074 2541 
716 389 1 7 389 47.1719 0.9725 0 0 0 121818 121818 2548 
717 389 1 7 389 47.1719 0.9725 0 0 0 122994 122994 2564 
718 389 1 7 389 47.1719 0.9725 0 0 0 123576 123576 2572 
719 389 1 7 389 47.1719 0.9725 0 0 0 124152 124152 2573 
720 389 1 7 389 47.1719 0.9725 0 0 0 125088 125088 2577 
721 389 1 7 389 47.1719 0.9725 0 0 0 125603 125603 2586 
722 389 1 7 389 47.1719 0.9725 0 0 0 126296 126296 2602 
723 389 1 7 389 47.1719 0.9725 0 0 0 126844 126844 2611 
724 389 1 7 389 47.1719 0.9725 0 0 0 127415 127415 2618 
725 389 1 7 389 47.1719 0.9725 0 0 0 127884 127884 2634 
726 389 1 7 389 47.1719 0.9725 0 0 0 128469 128469 2638 
727 389 1 7 389 47.1719 0.9725 0 0 0 129047 129047 2641 
728 389 1 7 389 47.1719 0.9725 0 0 0 129810 129810 2649 
729 389 1 7 389 47.1719 0.9725 0 0 0 130846 130846 2656 
730 389 1 7 389 47.1719 0.9725 0 0 0 131833 131833 2670 
731 389 1 7 389 47.1719 0.9725 0 0 0 132573 132573 2672 
732 389 1 7 389 47.1719 0.9725 0 0 0 133154 133154 2675 
733 389 1 7 389 47.1719 0.9725 0 0 0 134114 134114 2688 
734 389 1 7 389 47.1719 0.9725 0 0 0 134901 134901 2706 
735 389 1 7 389 47.1719 0.9725 0 0 0 135666 135666 2710 
736 389 1 7 389 47.1719 0.9725 0 0 0 136693 136693 2721 
737 389 1 7 389 47.1719 0.9725 0 0 0 137495 137495 2727 
738 389 1 7 389 47.1719 0.9725 0 0 0 138019 138019 2737 
739 389 1 7 389 47.1719 0.9725 0 0 0 139065 139065 2751 
740 389 1 7 389 47.1719 0.9725 0 0 0 139833 139833 2755 
741 389 1 7 389 46.7995 0.9725 0 0 0 140313 140313 2766 
742 389 1 7 389 46.7995 0.9725 0 0 0 141078 141078 2770 
743 389 1 7 389 46.7995 0.9725 0 0 0 142211 142211 2776 
744 389 1 7 389 46.7995 0.9725 0 0 0 143349 143349 2787 
745 389 1 7 389 42.3 0.9725 0 0 0 144360 144360 2792 
746 389 1 7 389 42.3 0.9725 0 0 0 145147 145147 2798 
747 389 1 7 389 42.3 0.9725 0 0 0 146292 146292 2802 
748 389 1 7 389 42.3 0.9725 0 0 0 147356 147356 2808 
749 389 1 7 389 42.3 0.9725 0 0 0 148499 148499 2815 
750 389 1 7 389 42.2783 0.9725 0 0 0 149270 149270 2821 
751 389 1 7 389 42.2783 0.9725 0 0 0 150056 150056 2825 
752 389 1 7 389 42.2783 0.9725 0 0 0 150860 150860 2833 
753 389 1 7 389 42.2783 0.9725 0 0 0 151662 151662 2842 
754 389 1 7 389 42.2783 0.9725 0 0 0 152320 152320 2849 
755 389 1 7 389 42.2783 0.9725 0 0 0 152959 152959 2852 
756 389 1 7 389 42.2783 0.9725 0 0 0 153560 153560 2858 
757 389 1 7 389 42.2783 0.9725 0 0 0 154020 154020 2874 
758 389 1 7 389 42.2783 0.9725 0 0 0 154562 154562 2879 
759 389 1 7 389 42.2783 0.9725 0 0 0 155370 155370 2891 
760 389 1 7 389 42.2783 0.9725 0 0 0 155909 155909 2902 
761 389 1 7 389 42.2783 0.9725 0 0 0 156450 156450 2905 
762 389 1 7 389 42.2783 0.9725 0 0 0 156988 156988 2906 
763 389 1 7 389 42.2783 0.9725 0 0 0 157457 157457 2911 
764 389 1 7 389 42.2783 0.9725 0 0 0 157992 157992 2914 
765 389 1 7 389 42.2783 0.9725 0 0 0 158860 158860 2917 
766 389 1 7 389 42.2783 0.9725 0 0 0 159402 159402 2918 
767 389 1 7 389 42.2783 0.9725 0 0 0 159916 159916 2926 
768 389 1 7 389 42.2783 0.9725 0 0 0 160456 160456 2927 
769 389 1 7 389 42.2783 0.9725 0 0 0 160977 160977 2930 
770 389 1 7 389 42.2783 0.9725 0 0 0 161498 161498 2931 
771 389 1 7 389 42.2783 0.9725 0 0 0 162021 162021 2933 
772 389 1 7 389 42.2783 0.9725 0 0 0 162539 162539 2934 
773 389 1 7 389 42.2783 0.9725 0 0 0 163054 163054 2935 
774 389 1 7 389 42.2783 0.9725 0 0 0 163575 163575 2936 
775 389 1 7 389 42.2783 0.9725 0 0 0 164091 164091 2937 
776 389 1 7 389 42.2783 0.9725 0 0 0 165061 165061 2945 
777 389 1 7 389 42.2783 0.9725 0 0 0 165579 165579 2947 
778 389 1 7 389 42.2783 0.9725 0 0 0 166097 166097 2949 
779 389 1 7 389 42.2783 0.9725 0 0 0 166622 166622 2950 
780 389 1 7 389 42.2783 0.9725 0 0 0 167136 167136 2951 
781 389 1 7 389 42.2783 0.9725 0 0 0 167661 167661 2952 
782 389 1 7 389 42.2783 0.9725 0 0 0 168188 168188 2953 
783 389 1 7 389 42.2783 0.9725 0 0 0 168715 168715 2954 
784 389 1 7 389 42.2783 0.9725 0 0 0 169280 169280 2957 
785 389 1 7 389 42.2783 0.9725 0 0 0 169806 169806 2960 
786 389 1 7 389 42.2783 0.9725 0 0 0 170381 170381 2962 
787 389 1 7 389 42.2783 0.9725 0 0 0 170905 170905 2966 
788 389 1 7 389 42.2783 0.9725 0 0 0 171917 171917 2970 
789 389 1 7 389 42.2783 0.9725 0 0 0 172449 172449 2974 
790 389 1 7 389 42.2783 0.9725 0 0 0 172982 172982 2975 
791 389 1 7 389 42.2783 0.9725 0 0 0 173507 173507 2977 
792 389 1 7 389 42.2783 0.9725 0 0 0 174033 174033 2978 
793 389 1 7 389 42.2783 0.9725 0 0 0 174562 174562 2979 
794 389 1 7 389 42.2783 0.9725 0 0 0 175083 175083 2980 
795 389 1 7 389 42.2783 0.9725 0 0 0 175627 175627 2981 
796 389 1 7 389 42.2783 0.9725 0 0 0 176159 176159 2984 
797 389 1 7 389 42.2783 0.9725 0 0 0 176690 176690 2985 
798 389 1 7 389 42.2783 0.9725 0 0 0 177701 177701 2987 
799 389 1 7 389 42.2783 0.9725 0 0 0 178238 178238 2988 
800 389 1 7 389 42.2783 0.9725 0 0 0 178767 178767 2989 
801 389 1 7 389 42.2783 0.9725 0 0 0 179290 179290 2991 
802 389 1 7 389 42.2783 0.9725 0 0 0 179817 179817 2994 
803 389 1 7 389 42.2783 0.9725 0 0 0 180265 180265 3008 
804 389 1 7 389 42.2783 0.9725 0 0 0 180967 180967 3016 
805 389 1 7 389 42.2783 0.9725 0 0 0 181412 181412 3017 
806 389 1 7 389 42.2783 0.9725 0 0 0 181857 181857 3018 
807 389 1 7 389 42.2783 0.9725 0 0 0 182518 182518 3020 
808 389 1 7 389 42.2783 0.9725 0 0 0 182987 182987 3021 
809 389 1 7 389 42.2783 0.9725 0 0 0 183438 183438 3022 
810 389 1 7 389 42.2783 0.9725 0 0 0 183891 183891 3026 
811 389 1 7 389 42.2783 0.9725 0 0 0 184343 184343 3028 
812 389 1 7 389 42.2783 0.9725 0 0 0 184789 184789 3029 
813 389 1 7 389 42.2783 0.9725 0 0 0 185242 185242 3030 
814 389 1 7 389 42.2783 0.9725 0 0 0 186495 186495 3035 
815 389 1 7 389 42.2783 0.9725 0 0 0 187606 187606 3052 
816 389 1 7 389 42.2783 0.9725 0 0 0 188632 188632 3060 
817 389 1 7 389 42.2783 0.9725 0 0 0 189566 189566 3064 
818 389 1 7 389 42.2783 0.9725 0 0 0 190247 190247 3072 
819 389 1 7 389 42.2783 0.9725 0 0 0 191202 191202 3077 
820 389 1 7 389 42.2783 0.9725 0 0 0 192095 192095 3087 
821 389 1 7 389 42.2783 0.9725 0 0 0 193065 193065 3092 
822 389 1 7 389 42.2783 0.9725 0 0 0 194048 194048 3100 
823 392 1 7 392 61.0935 0.98 0 0 0 195289 195289 3109 
824 392 1 7 392 54.846 0.98 0 0 0 195755 195755 3113 
825 392 1 7 392 54.846 0.98 0 0 0 196195 196195 3117 
826 392 1 7 392 54.846 0.98 0 0 0 196623 196623 3124 
827 392 1 7 392 54.5837 0.98 0 0 0 197237 197237 3136 
828 392 1 7 392 54.5837 0.98 0 0 0 197699 197699 3140 
829 392 1 7 392 54.1068 0.98 0 0 0 198174 198174 3147 
830 392 1 7 392 51.7603 0.98 0 0 0 199107 199107 3152 
831 392 1 7 392 51.7603 0.98 0 0 0 199571 199571 3156 
832 392 1 7 392 51.7603 0.98 0 0 0 199992 199992 3161 
833 392 1 7 392 51.7603 0.98 0 0 0 200458 200458 3163 
834 392 1 7 392 51.7603 0.98 0 0 0 200885 200885 3167 
835 392 1 7 392 51.7603 0.98 0 0 0 201309 201309 3173 
836 392 1 7 392 51.7603 0.98 0 0 0 201736 201736 3174 
837 392 1 7 392 51.7603 0.98 0 0 0 202462 202462 3178 
838 392 1 7 392 51.5417 0.98 0 0 0 203353 203353 3181 
839 392 1 7 392 51.5417 0.98 0 0 0 203788 203788 3182 
840 392 1 7 392 51.5417 0.98 0 0 0 204212 204212 3186 
841 392 1 7 392 51.5417 0.98 0 0 0 204634 204634 3187 
842 392 1 7 392 51.5417 0.98 0 0 0 205098 205098 3188 
843 392 1 7 392 51.5417 0.98 0 0 0 205530 205530 3189 
844 392 1 7 392 50.8229 0.98 0 0 0 206251 206251 3197 
845 392 1 7 392 50.8229 0.98 0 0 0 207593 207593 3216 
846 392 1 7 392 50.8229 0.98 0 0 0 208322 208322 3236 
847 392 1 7 392 50.8229 0.98 0 0 0 209031 209031 3238 
848 392 1 7 392 50.8229 0.98 0 0 0 209779 209779 3241 
849 392 1 7 392 50.5851 0.98 0 0 0 210537 210537 3245 
850 392 1 7 392 50.5851 0.98 0 0 0 211282 211282 3246 
851 392 1 7 392 50.5851 0.98 0 0 0 212087 212087 3247 
852 392 1 7 392 50.5851 0.98 0 0 0 212755 212755 3251 
853 392 1 7 392 50.5851 0.98 0 0 0 213472 213472 3252 
854 392 1 7 392 50.5851 0.98 0 0 0 214220 214220 3261 
855 392 1 7 392 50.5851 0.98 0 0 0 215084 215084 3269 
856 392 1 7 392 50.5851 0.98 0 0 0 215982 215982 3278 
857 392 1 7 392 50.5851 0.98 0 0 0 217111 217111 3285 
858 392 1 7 392 50.5851 0.98 0 0 0 218533 218533 3293 
859 392 1 7 392 50.5851 0.98 0 0 0 219906 219906 3295 
860 392 1 7 392 50.5851 0.98 0 0 0 221394 221394 3310 
861 394 1 7 394 64.77 0.985 0 0 0 222527 222527 3323 
862 394 1 7 394 50.6814 0.985 0 0 0 223027 223027 3332 
863 394 1 7 394 50.6814 0.985 0 0 0 223538 223538 3334 
864 394 1 7 394 50.6814 0.985 0 0 0 224026 224026 3339 
865 394 1 7 394 47.8964 0.985 0 0 0 224531 224531 3345 
866 394 1 7 394 47.8964 0.985 0 0 0 225151 225151 3357 
867 394 1 7 394 47.8964 0.985 0 0 0 225652 225652 3363 
868 394 1 7 394 47.8964 0.985 0 0 0 226160 226160 3364 
869 394 1 7 394 47.8964 0.985 0 0 0 226702 226702 3369 
870 394 1 7 394 47.8964 0.985 0 0 0 227288 227288 3380 
871 394 1 7 394 47.8964 0.985 0 0 0 227792 227792 3381 
872 394 1 7 394 47.8964 0.985 0 0 0 228299 228299 3382 
873 394 1 7 394 47.8964 0.985 0 0 0 228807 228807 3387 
874 394 1 7 394 47.8964 0.985 0 0 0 229309 229309 3388 
875 394 1 7 394 47.8964 0.985 0 0 0 229832 229832 3394 
876 394 1 7 394 47.8964 0.985 0 0 0 230339 230339 3395 
877 394 1 7 394 47.8964 0.985 0 0 0 230876 230876 3397 
878 394 1 7 394 47.8964 0.985 0 0 0 231428 231428 3407 
879 394 1 7 394 47.8964 0.985 0 0 0 231962 231962 3416 
880 394 1 7 394 47.8964 0.985 0 0 0 232492 232492 3419 
881 394 1 7 394 47.8964 0.985 0 0 0 232995 232995 3420 
882 394 1 7 394 47.8964 0.985 0 0 0 233503 233503 3422 
883 394 1 7 394 47.8964 0.985 0 0 0 234014 234014 3425 
884 394 1 7 394 47.8964 0.985 0 0 0 234515 234515 3427 
885 394 1 7 394 47.8964 0.985 0 0 0 235041 235041 3429 
886 394 1 7 394 47.8964 0.985 0 0 0 235684 235684 3436 
887 394 1 7 394 47.8964 0.985 0 0 0 236203 236203 3437 
888 394 1 7 394 47.8964 0.985 0 0 0 236725 236725 3438 
889 394 1 7 394 47.8964 0.985 0 0 0 237236 237236 3440 
890 394 1 7 394 47.8964 0.985 0 0 0 237754 237754 3441 
891 394 1 7 394 47.8964 0.985 0 0 0 238279 238279 3443 
892 394 1 7 394 47.8964 0.985 0 0 0 238801 238801 3444 
893 394 1 7 394 47.8964 0.985 0 0 0 239356 239356 3447 
894 394 1 7 394 47.8964 0.985 0 0 0 239889 239889 3448 
895 394 1 7 394 47.8964 0.985 0 0 0 240422 240422 3461 
896 394 1 7 394 47.8964 0.985 0 0 0 241062 241062 3471 
897 394 1 7 394 47.8964 0.985 0 0 0 241673 241673 3479 
898 394 1 7 394 47.8964 0.985 0 0 0 242243 242243 3482 
899 394 1 7 394 47.8964 0.985 0 0 0 242850 242850 3484 
900 394 1 7 394 47.8964 0.985 0 0 0 243402 243402 3491 
901 394 1 7 394 47.8964 0.985 0 0 0 244241 244241 3496 
902 394 1 7 394 47.8964 0.985 0 0 0 245074 245074 3502 
903 394 1 7 394 47.8964 0.985 0 0 0 245668 245668 3513 
904 394 1 7 394 47.8964 0.985 0 0 0 246416 246416 3533 
905 394 1 7 394 47.8964 0.985 0 0 0 246985 246985 3538 
906 394 1 7 394 47.8964 0.985 0 0 0 247551 247551 3540 
907 394 1 7 394 47.8964 0.985 0 0 0 248264 248264 3550 
908 394 1 7 394 47.8964 0.985 0 0 0 248810 248810 3556 
909 394 1 7 394 43.5545 0.985 0 0 0 249630 249630 3561 
910 394 1 7 394 43.5545 0.985 0 0 0 250185 250185 3566 
911 394 1 7 394 43.5545 0.985 0 0 0 251780 251780 3589 
912 395 1 7 395 45.6362 0.9875 0 0 0 252759 252759 3598 
913 395 1 7 395 45.6362 0.9875 0 0 0 253367 253367 3613 
914 395 1 7 395 45.6362 0.9875 0 0 0 254375 254375 3616 
915 395 1 7 395 45.6095 0.9875 0 0 0 255366 255366 3620 
916 395 1 7 395 45.6095 0.9875 0 0 0 256035 256035 3629 
917 395 1 7 395 45.6095 0.9875 0 0 0 257021 257021 3632 
918 395 1 7 395 45.6095 0.9875 0 0 0 258033 258033 3637 
919 395 1 7 395 45.6095 0.9875 0 0 0 259394 259394 3642 
920 395 1 7 395 45.5765 0.9875 0 0 0 260380 260380 3643 
921 395 1 7 395 45.5765 0.9875 0 0 0 261773 261773 3647 
922 395 1 7 395 45.5765 0.9875 0 0 0 262697 262697 3660 
923 395 1 7 395 45.5765 0.9875 0 0 0 264148 264148 3675 
924 395 1 7 395 45.5765 0.9875 0 0 0 265160 265160 3678 
925 395 1 7 395 45.0442 0.9875 0 0 0 266317 266317 3682 
926 395 1 7 395 44.5694 0.9875 0 0 0 267590 267590 3687 
927 395 1 7 395 44.5694 0.9875 0 0 0 268798 268798 3700 
928 395 1 7 395 44.5694 0.9875 0 0 0 270122 270122 3712 
929 395 1 7 395 44.5694 0.9875 0 0 0 271193 271193 3717 
930 395 1 7 395 44.5694 0.9875 0 0 0 272549 272549 3724 
931 395 1 7 395 44.5694 0.9875 0 0 0 273601 273601 3728 
932 395 1 7 395 44.5694 0.9875 0 0 0 274635 274635 3734 
933 395 1 7 395 44.5694 0.9875 0 0 0 275954 275954 3744 
934 395 1 7 395 44.5694 0.9875 0 0 0 276969 276969 3748 
935 395 1 7 395 44.5694 0.9875 0 0 0 277941 277941 3755 
936 395 1 7 395 44.5694 0.9875 0 0 0 278940 278940 3762 
937 395 1 7 395 44.5694 0.9875 0 0 0 279972 279972 3767 
938 395 1 7 395 44.5694 0.9875 0 0 0 281043 281043 3773 
939 395 1 7 395 44.5694 0.9875 0 0 0 281864 281864 3777 
940 395 1 7 395 44.5694 0.9875 0 0 0 282938 282938 3781 
941 395 1 7 395 44.5694 0.9875 0 0 0 283724 283724 3784 
942 395 1 7 395 44.5694 0.9875 0 0 0 286232 286232 3792 
943 395 1 7 395 44.5694 0.9875 0 0 0 288036 288036 3809 
944 395 1 7 395 44.5694 0.9875 0 0 0 289849 289849 3821 
945 395 1 7 395 44.5694 0.9875 0 0 0 291060 291060 3829 
946 395 1 7 395 44.5694 0.9875 0 0 0 293122 293122 3834 
947 395 1 7 395 44.5694 0.9875 0 0 0 294942 294942 3845 
948 395 1 7 395 44.5694 0.9875 0 0 0 297060 297060 3849 
949 395 1 7 395 44.5694 0.9875 0 0 0 298859 298859 3858 
950 395 1 7 395 44.5694 0.9875 0 0 0 300651 300651 3861 
951 395 1 7 395 44.5694 0.9875 0 0 0 301642 301642 3870 
952 395 1 7 395 44.5694 0.9875 0 0 0 303591 303591 3873 
953 395 1 7 395 44.5694 0.9875 0 0 0 305409 305409 3876 
954 395 1 7 395 44.5694 0.9875 0 0 0 307405 307405 3878 
955 395 1 7 395 44.5694 0.9875 0 0 0 309335 309335 3880 
956 395 1 7 395 44.5694 0.9875 0 0 0 311137 311137 3884 
957 395 1 7 395 44.5694 0.9875 0 0 0 312494 312494 3893 
958 395 1 7 395 44.5694 0.9875 0 0 0 314174 314174 3903 
959 395 1 7 395 44.5694 0.9875 0 0 0 316192 316192 3914 
960 395 1 7 395 44.5694 0.9875 0 0 0 318226 318226 3915 
961 395 1 7 395 44.5694 0.9875 0 0 0 319500 319500 3924 
962 395 1 7 395 44.5694 0.9875 0 0 0 321722 321722 3928 
963 395 1 7 395 44.5694 0.9875 0 0 0 322413 322413 3937 
964 395 1 7 395 44.5694 0.9875 0 0 0 324290 324290 3941 
965 395 1 7 395 44.5694 0.9875 0 0 0 326143 326143 3948 
966 395 1 7 395 44.5694 0.9875 0 0 0 326924 326924 3953 
967 395 1 7 395 44.5694 0.9875 0 0 0 328490 328490 3961 
968 395 1 7 395 44.5694 0.9875 0 0 0 330580 330580 3962 
969 395 1 7 395 44.5694 0.9875 0 0 0 332670 332670 3973 
970 395 1 7 395 44.5694 0.9875 0 0 0 334461 334461 3991 
971 395 1 7 395 44.5694 0.9875 0 0 0 336370 336370 3996 
972 395 1 7 395 44.5694 0.9875 0 0 0 338618 338618 3997 
973 395 1 7 395 44.5694 0.9875 0 0 0 340854 340854 4005 
974 395 1 7 395 44.5694 0.9875 0 0 0 342890 342890 4014 
975 395 1 7 395 44.5694 0.9875 0 0 0 344772 344772 4020 
976 395 1 7 395 44.5694 0.9875 0 0 0 346542 346542 4026 
977 395 1 7 395 44.5694 0.9875 0 0 0 348436 348436 4032 
978 395 1 7 395 44.5694 0.9875 0 0 0 350328 350328 4034 
979 395 1 7 395 44.5694 0.9875 0 0 0 352988 352988 4041 
980 395 1 7 395 44.5694 0.9875 0 0 0 354431 354431 4052 
981 395 1 7 395 44.5694 0.9875 0 0 0 355586 355586 4068 
982 395 1 7 395 42.4474 0.9875 0 0 0 357072 357072 4074 
983 395 1 7 395 42.3013 0.9875 0 0 0 358506 358506 4077 
984 395 1 7 395 42.1099 0.9875 0 0 0 359946 359946 4080 
985 395 1 7 395 42.1099 0.9875 0 0 0 360449 360449 4092 
986 395 1 7 395 42.1099 0.9875 0 0 0 361426 361426 4094 
987 395 1 7 395 42.1099 0.9875 0 0 0 362580 362580 4098 
988 395 1 7 395 42.1099 0.9875 0 0 0 363229 363229 4100 
989 395 1 7 395 42.1099 0.9875 0 0 0 363890 363890 4103 
990 395 1 7 395 42.1099 0.9875 0 0 0 364537 364537 4104 
991 395 1 7 395 42.1099 0.9875 0 0 0 365191 365191 4105 
992 395 1 7 395 42.1099 0.9875 0 0 0 365835 365835 4106 
993 395 1 7 395 42.1099 0.9875 0 0 0 366480 366480 4107 
994 395 1 7 395 42.1099 0.9875 0 0 0 367125 367125 4108 
995 395 1 7 395 42.1099 0.9875 0 0 0 367774 367774 4109 
996 395 1 7 395 42.1099 0.9875 0 0 0 368428 368428 4111 
997 395 1 7 395 42.1099 0.9875 0 0 0 369097 369097 4112 
998 395 1 7 395 42.1099 0.9875 0 0 0 369619 369619 4118 
999 395 1 7 395 42.1099 0.9875 0 0 0 370398 370398 4127 
1000 395 1 7 395 42.1099 0.9875 0 0 0 371109 371109 4142 
1001 398 1 7 398 47.9005 0.995 0 0 0 372290 372290 4150 
1002 398 1 7 398 45.1039 0.995 0 0 0 373343 373343 4152 
1003 398 1 7 398 44.5252 0.995 0 0 0 374198 374198 4156 
1004 398 1 7 398 44.5252 0.995 0 0 0 375183 375183 4161 
1005 398 1 7 398 44.5252 0.995 0 0 0 376068 376068 4165 
1006 398 1 7 398 44.5252 0.995 0 0 0 376989 376989 4174 
1007 398 1 7 398 44.5252 0.995 0 0 0 377981 377981 4175 
1008 398 1 7 398 44.5252 0.995 0 0 0 378863 378863 4179 
1009 398 1 7 398 44.5252 0.995 0 0 0 380277 380277 4182 
1010 398 1 7 398 44.5252 0.995 0 0 0 381178 381178 4183 
1011 398 1 7 398 44.5252 0.995 0 0 0 382153 382153 4189 
