1 105 0.01 6.435 105 0 0.2625 0 0 0 0 0 0 
95 178 0.615104 2.50182 170 4.19824 0.425 0 0 0 8 8 107 
144 231 0.764783 1.52891 215 4.97481 0.5375 0 0 0 31 31 169 
189 253 0.850359 0.972669 232 6.09809 0.58 0 0 0 78 78 225 
210 266 0.878831 0.787597 250 6.11306 0.625 0 0 0 147 147 255 
232 277 0.902867 0.631362 266 6.28331 0.665 0 0 0 231 231 284 
275 284 0.936951 0.409819 267 6.02115 0.6675 0 0 0 479 479 333 
280 287 0.940041 0.389734 272 6.32111 0.68 0 0 0 865 865 349 
281 295 0.940641 0.385836 281 6.25376 0.7025 0 0 0 1325 1325 358 
288 298 0.944673 0.359625 284 6.19479 0.71 0 0 0 2058 2058 367 
292 300 0.946853 0.345454 292 6.30252 0.73 0 0 0 2746 2746 377 
315 305 0.957822 0.274157 293 6.49719 0.7325 0 0 0 6296 6296 409 
322 305 0.960687 0.255532 294 6.9754 0.735 0 0 0 14502 14502 427 
331 305 0.964087 0.233433 295 7.49065 0.7375 0 0 0 26227 26227 448 
341 305 0.967521 0.211113 298 8.22023 0.745 0 0 0 54868 54868 474 
358 312 0.972622 0.177956 304 9.34229 0.76 0 0 0 177265 177265 505 
365 312 0.974482 0.165867 305 11.543 0.7625 0 0 0 303878 303878 530 
378 312 0.977607 0.145552 306 11.5064 0.765 0 0 0 569623 569623 555 
383 314 0.978705 0.138418 308 12.2832 0.77 0 0 0 963902 963902 569 
394 314 0.980934 0.123931 309 12.4334 0.7725 0 0 0 1502036 1502036 594 
