1 105 0.01 7.425 105 0 0.2625 0 0 0 0 0 0 
95 178 0.615104 2.88672 170 4.19824 0.425 0 0 0 8 8 107 
144 231 0.764783 1.76412 220 8.13203 0.55 0 0 0 28 28 175 
196 259 0.860524 1.04607 238 8.32436 0.595 0 0 0 77 77 245 
225 266 0.895788 0.781592 249 6.58918 0.6225 0 0 0 137 137 283 
230 277 0.900895 0.743286 259 6.38973 0.6475 0 0 0 202 202 301 
246 283 0.915616 0.632877 271 6.3865 0.6775 0 0 0 279 279 323 
281 295 0.940641 0.445196 278 6.46582 0.695 0 0 0 564 564 366 
284 295 0.942404 0.431973 289 6.56542 0.7225 0 0 0 875 875 375 
300 304 0.950959 0.367807 294 8.40108 0.735 0 0 0 2237 2237 399 
331 305 0.964087 0.269346 295 7.7139 0.7375 0 0 0 11034 11034 443 
341 305 0.967521 0.243592 298 8.78111 0.745 0 0 0 34464 34464 468 
358 312 0.972622 0.205334 304 10.2673 0.76 0 0 0 136593 136593 501 
365 312 0.974482 0.191385 305 9.46484 0.7625 0 0 0 202508 202508 523 
378 312 0.977607 0.167944 306 11.6481 0.765 0 0 0 433548 433548 552 
383 314 0.978705 0.159713 308 12.2012 0.77 0 0 0 725285 725285 570 
394 314 0.980934 0.142997 309 11.8985 0.7725 0 0 0 1164061 1164061 596 
395 318 0.981124 0.141567 312 12.0618 0.78 0 0 0 1649297 1649297 613 
