1 105 1 9 105 0 0.2625 0 0 0 0 0 0 
2 108 1 9 108 0.1 0.27 0 0 0 0 0 1 
3 110 1 9 110 0.195919 0.275 0 0 0 0 0 3 
4 112 1 9 112 0.295919 0.28 0 0 0 0 0 4 
5 114 1 9 114 0.395919 0.285 0 0 0 0 0 5 
6 115 1 9 115 0.488365 0.2875 0 0 0 0 0 7 
7 115 1 9 115 0.488365 0.2875 0 0 0 0 0 8 
8 122 1 9 122 0.62186 0.305 0 0 0 0 0 10 
9 122 1 9 122 0.62186 0.305 0 0 0 0 0 11 
10 122 1 9 122 0.62186 0.305 0 0 0 0 0 12 
11 131 1 9 131 0.72186 0.3275 0 0 0 0 0 13 
12 131 1 9 131 0.72186 0.3275 0 0 0 0 0 14 
13 132 1 9 132 1.03084 0.33 0 0 0 0 0 16 
14 133 1 9 133 1.15732 0.3325 0 0 0 0 0 19 
15 141 1 9 141 1.25557 0.3525 0 0 0 0 0 22 
16 141 1 9 141 1.25557 0.3525 0 0 0 0 0 23 
17 142 1 9 142 1.40416 0.355 0 0 0 0 0 25 
18 143 1 9 143 1.50416 0.3575 0 0 0 0 0 26 
19 145 1 9 145 1.65811 0.3625 0 0 0 0 0 28 
20 145 1 9 145 1.65811 0.3625 0 0 0 0 0 29 
21 145 1 9 145 1.65811 0.3625 0 0 0 0 0 30 
22 145 1 9 145 1.65811 0.3625 0 0 0 0 0 31 
23 146 1 9 146 1.7409 0.365 0 0 0 0 0 33 
24 146 1 9 146 1.7409 0.365 0 0 0 1 1 34 
25 147 1 9 147 2.02836 0.3675 0 0 0 1 1 36 
26 148 1 9 148 2.08592 0.37 0 0 0 1 1 38 
27 148 1 9 148 2.08592 0.37 0 0 0 1 1 42 
28 148 1 9 148 2.08592 0.37 0 0 0 1 1 43 
29 148 1 9 148 2.08592 0.37 0 0 0 2 2 44 
30 150 1 9 150 2.51612 0.375 0 0 0 3 3 46 
31 150 1 9 150 2.51612 0.375 0 0 0 4 4 47 
32 150 1 9 150 2.51612 0.375 0 0 0 5 5 48 
33 150 1 9 150 2.51612 0.375 0 0 0 6 6 49 
34 150 1 9 150 2.51612 0.375 0 0 0 7 7 50 
35 150 1 9 150 2.51612 0.375 0 0 0 8 8 51 
36 150 1 9 150 2.51612 0.375 0 0 0 9 9 52 
37 150 1 9 150 2.51612 0.375 0 0 0 10 10 53 
38 150 1 9 150 2.51612 0.375 0 0 0 11 11 54 
39 150 1 9 150 2.51612 0.375 0 0 0 12 12 55 
40 150 1 9 150 2.51612 0.375 0 0 0 13 13 56 
41 150 1 9 150 2.51612 0.375 0 0 0 14 14 57 
42 150 1 9 150 2.51612 0.375 0 0 0 15 15 58 
43 151 1 9 151 3.0701 0.3775 0 0 0 16 16 60 
44 152 1 9 152 3.12806 0.38 0 0 0 17 17 62 
45 152 1 9 152 3.12806 0.38 0 0 0 18 18 63 
46 152 1 9 152 3.12806 0.38 0 0 0 19 19 64 
47 152 1 9 152 3.12806 0.38 0 0 0 20 20 65 
48 152 1 9 152 3.12806 0.38 0 0 0 21 21 66 
49 152 1 9 152 3.12806 0.38 0 0 0 22 22 67 
50 152 1 9 152 3.12806 0.38 0 0 0 23 23 68 
51 152 1 9 152 3.12806 0.38 0 0 0 25 25 69 
52 152 1 9 152 3.12806 0.38 0 0 0 26 26 70 
53 152 1 9 152 3.12806 0.38 0 0 0 27 27 71 
54 152 1 9 152 3.12806 0.38 0 0 0 28 28 72 
55 159 1 9 159 3.53263 0.3975 0 0 0 30 30 74 
56 159 1 9 159 3.53263 0.3975 0 0 0 31 31 75 
57 165 1 9 165 3.88679 0.4125 0 0 0 33 33 78 
58 165 1 9 165 3.88679 0.4125 0 0 0 35 35 79 
59 165 1 9 165 3.88679 0.4125 0 0 0 37 37 80 
60 165 1 9 165 3.88679 0.4125 0 0 0 39 39 81 
61 165 1 9 165 3.88679 0.4125 0 0 0 41 41 82 
62 166 1 9 166 4.53395 0.415 0 0 0 43 43 85 
63 166 1 9 166 4.53395 0.415 0 0 0 46 46 86 
64 166 1 9 166 4.53395 0.415 0 0 0 48 48 87 
65 166 1 9 166 4.53395 0.415 0 0 0 50 50 88 
66 166 1 9 166 4.53395 0.415 0 0 0 52 52 89 
67 166 1 9 166 4.53395 0.415 0 0 0 54 54 90 
68 166 1 9 166 4.53395 0.415 0 0 0 56 56 91 
69 166 1 9 166 4.53395 0.415 0 0 0 58 58 92 
70 166 1 9 166 4.53395 0.415 0 0 0 60 60 95 
71 166 1 9 166 4.53395 0.415 0 0 0 62 62 96 
72 166 1 9 166 4.53395 0.415 0 0 0 64 64 97 
73 166 1 9 166 4.53395 0.415 0 0 0 66 66 98 
74 166 1 9 166 4.53395 0.415 0 0 0 68 68 99 
75 166 1 9 166 4.53395 0.415 0 0 0 70 70 100 
76 166 1 9 166 4.53395 0.415 0 0 0 72 72 101 
77 166 1 9 166 4.53395 0.415 0 0 0 75 75 102 
78 166 1 9 166 4.53395 0.415 0 0 0 77 77 103 
79 166 1 9 166 4.53395 0.415 0 0 0 79 79 104 
80 166 1 9 166 4.53395 0.415 0 0 0 81 81 105 
81 166 1 9 166 4.53395 0.415 0 0 0 83 83 106 
82 166 1 9 166 4.53395 0.415 0 0 0 85 85 107 
83 166 1 9 166 4.53395 0.415 0 0 0 87 87 108 
84 166 1 9 166 4.53395 0.415 0 0 0 89 89 109 
85 166 1 9 166 4.53395 0.415 0 0 0 91 91 110 
86 166 1 9 166 4.53395 0.415 0 0 0 93 93 111 
87 166 1 9 166 4.53395 0.415 0 0 0 95 95 112 
88 166 1 9 166 4.53395 0.415 0 0 0 97 97 115 
89 166 1 9 166 4.53395 0.415 0 0 0 99 99 116 
90 166 1 9 166 4.53395 0.415 0 0 0 101 101 117 
91 166 1 9 166 4.53395 0.415 0 0 0 103 103 118 
92 166 1 9 166 4.53395 0.415 0 0 0 105 105 119 
93 166 1 9 166 4.53395 0.415 0 0 0 107 107 120 
94 166 1 9 166 4.53395 0.415 0 0 0 110 110 121 
95 178 1 9 178 5.95551 0.445 0 0 0 113 113 125 
96 181 1 9 181 6.91491 0.4525 0 0 0 116 116 128 
97 182 1 9 182 6.95297 0.455 0 0 0 121 121 130 
98 182 1 9 182 6.95297 0.455 0 0 0 125 125 131 
99 182 1 9 182 6.95297 0.455 0 0 0 129 129 132 
100 187 1 9 187 7.50161 0.4675 0 0 0 132 132 135 
101 187 1 9 187 7.50161 0.4675 0 0 0 136 136 136 
102 187 1 9 187 7.50161 0.4675 0 0 0 140 140 137 
103 187 1 9 187 7.50161 0.4675 0 0 0 144 144 138 
104 187 1 9 187 7.50161 0.4675 0 0 0 147 147 139 
105 187 1 9 187 7.50161 0.4675 0 0 0 151 151 140 
106 187 1 9 187 7.50161 0.4675 0 0 0 155 155 141 
107 187 1 9 187 7.50161 0.4675 0 0 0 159 159 142 
108 187 1 9 187 7.50161 0.4675 0 0 0 163 163 143 
109 187 1 9 187 7.50161 0.4675 0 0 0 167 167 144 
110 187 1 9 187 7.50161 0.4675 0 0 0 171 171 145 
111 187 1 9 187 7.50161 0.4675 0 0 0 175 175 146 
112 187 1 9 187 7.50161 0.4675 0 0 0 179 179 147 
113 187 1 9 187 7.50161 0.4675 0 0 0 183 183 148 
114 187 1 9 187 7.50161 0.4675 0 0 0 187 187 149 
115 187 1 9 187 7.50161 0.4675 0 0 0 191 191 150 
116 187 1 9 187 7.50161 0.4675 0 0 0 195 195 151 
117 187 1 9 187 7.50161 0.4675 0 0 0 199 199 152 
118 187 1 9 187 7.50161 0.4675 0 0 0 203 203 153 
119 187 1 9 187 7.50161 0.4675 0 0 0 207 207 154 
120 193 1 9 193 7.82983 0.4825 0 0 0 211 211 160 
121 193 1 9 193 7.82983 0.4825 0 0 0 215 215 161 
122 193 1 9 193 7.82983 0.4825 0 0 0 220 220 162 
123 196 1 9 196 10.0199 0.49 0 0 0 227 227 166 
124 196 1 9 196 10.0199 0.49 0 0 0 233 233 167 
125 196 1 9 196 10.0199 0.49 0 0 0 241 241 168 
126 196 1 9 196 10.0199 0.49 0 0 0 248 248 169 
127 196 1 9 196 10.0199 0.49 0 0 0 258 258 175 
128 211 1 9 211 11.6161 0.5275 0 0 0 267 267 182 
129 211 1 9 211 11.6161 0.5275 0 0 0 276 276 183 
130 211 1 9 211 11.6161 0.5275 0 0 0 286 286 184 
131 211 1 9 211 11.6161 0.5275 0 0 0 296 296 185 
132 211 1 9 211 11.6161 0.5275 0 0 0 305 305 186 
133 211 1 9 211 11.6161 0.5275 0 0 0 316 316 187 
134 211 1 9 211 11.6161 0.5275 0 0 0 325 325 188 
135 211 1 9 211 11.6161 0.5275 0 0 0 335 335 189 
136 211 1 9 211 11.6161 0.5275 0 0 0 345 345 190 
137 211 1 9 211 11.6161 0.5275 0 0 0 355 355 191 
138 211 1 9 211 11.6161 0.5275 0 0 0 366 366 192 
139 211 1 9 211 11.6161 0.5275 0 0 0 376 376 193 
140 211 1 9 211 11.6161 0.5275 0 0 0 388 388 194 
141 211 1 9 211 11.6161 0.5275 0 0 0 401 401 195 
142 213 1 9 213 11.952 0.5325 0 0 0 409 409 202 
143 213 1 9 213 11.952 0.5325 0 0 0 416 416 203 
144 231 1 9 231 13.6459 0.5775 0 0 0 424 424 208 
145 232 1 9 232 13.6705 0.58 0 0 0 431 431 212 
146 232 1 9 232 13.6705 0.58 0 0 0 438 438 213 
147 232 1 9 232 13.6705 0.58 0 0 0 445 445 214 
148 232 1 9 232 13.6705 0.58 0 0 0 452 452 215 
149 232 1 9 232 13.6705 0.58 0 0 0 460 460 216 
150 232 1 9 232 13.6705 0.58 0 0 0 467 467 217 
151 232 1 9 232 13.6705 0.58 0 0 0 474 474 218 
152 232 1 9 232 13.6705 0.58 0 0 0 481 481 219 
153 232 1 9 232 13.5939 0.58 0 0 0 489 489 222 
154 233 1 9 233 14.5034 0.5825 0 0 0 500 500 227 
155 233 1 9 233 14.5034 0.5825 0 0 0 512 512 228 
156 233 1 9 233 14.5034 0.5825 0 0 0 524 524 229 
157 233 1 9 233 14.5034 0.5825 0 0 0 536 536 230 
158 233 1 9 233 14.5034 0.5825 0 0 0 549 549 231 
159 233 1 9 233 14.5034 0.5825 0 0 0 562 562 232 
160 233 1 9 233 14.5034 0.5825 0 0 0 574 574 233 
161 233 1 9 233 14.5034 0.5825 0 0 0 588 588 234 
162 233 1 9 233 14.5034 0.5825 0 0 0 600 600 235 
163 233 1 9 233 14.5034 0.5825 0 0 0 612 612 236 
164 233 1 9 233 14.5034 0.5825 0 0 0 625 625 237 
165 233 1 9 233 14.5034 0.5825 0 0 0 637 637 238 
166 233 1 9 233 14.5034 0.5825 0 0 0 649 649 239 
167 233 1 9 233 14.5034 0.5825 0 0 0 662 662 240 
168 233 1 9 233 14.5034 0.5825 0 0 0 675 675 241 
169 233 1 9 233 14.5034 0.5825 0 0 0 687 687 242 
170 233 1 9 233 14.5034 0.5825 0 0 0 702 702 243 
171 236 1 9 236 17.0214 0.59 0 0 0 753 753 250 
172 236 1 9 236 17.0214 0.59 0 0 0 800 800 251 
173 237 1 9 237 14.6815 0.5925 0 0 0 814 814 255 
174 237 1 9 237 14.6815 0.5925 0 0 0 827 827 256 
175 237 1 9 237 14.6815 0.5925 0 0 0 840 840 257 
176 237 1 9 237 14.6815 0.5925 0 0 0 854 854 258 
177 237 1 9 237 14.6815 0.5925 0 0 0 868 868 259 
178 237 1 9 237 14.6815 0.5925 0 0 0 881 881 260 
179 237 1 9 237 12.2081 0.5925 0 0 0 888 888 262 
180 243 1 9 243 15.2823 0.6075 0 0 0 897 897 268 
181 245 1 9 245 15.3402 0.6125 0 0 0 906 906 270 
182 245 1 9 245 15.3402 0.6125 0 0 0 915 915 271 
183 253 1 9 253 14.3525 0.6325 0 0 0 923 923 276 
184 253 1 9 253 14.3525 0.6325 0 0 0 931 931 277 
185 253 1 9 253 14.3525 0.6325 0 0 0 939 939 278 
186 253 1 9 253 14.3525 0.6325 0 0 0 947 947 279 
187 253 1 9 253 14.3525 0.6325 0 0 0 955 955 280 
188 253 1 9 253 14.3525 0.6325 0 0 0 963 963 281 
189 253 1 9 253 14.3525 0.6325 0 0 0 972 972 282 
190 253 1 9 253 14.3525 0.6325 0 0 0 983 983 283 
191 253 1 9 253 14.3525 0.6325 0 0 0 992 992 284 
192 253 1 9 253 14.3525 0.6325 0 0 0 1000 1000 285 
193 253 1 9 253 14.3525 0.6325 0 0 0 1008 1008 286 
194 253 1 9 253 14.3525 0.6325 0 0 0 1016 1016 287 
195 253 1 9 253 14.3525 0.6325 0 0 0 1025 1025 288 
196 259 1 9 259 14.5393 0.6475 0 0 0 1034 1034 290 
197 259 1 9 259 14.5393 0.6475 0 0 0 1043 1043 291 
198 259 1 9 259 14.5393 0.6475 0 0 0 1051 1051 292 
199 259 1 9 259 14.5393 0.6475 0 0 0 1060 1060 293 
200 259 1 9 259 14.5393 0.6475 0 0 0 1069 1069 294 
201 259 1 9 259 14.5393 0.6475 0 0 0 1078 1078 295 
202 259 1 9 259 14.5393 0.6475 0 0 0 1087 1087 296 
203 259 1 9 259 14.5393 0.6475 0 0 0 1097 1097 297 
204 259 1 9 259 14.5393 0.6475 0 0 0 1106 1106 298 
205 259 1 9 259 14.5393 0.6475 0 0 0 1115 1115 299 
206 260 1 9 260 15.518 0.65 0 0 0 1126 1126 308 
207 260 1 9 260 15.518 0.65 0 0 0 1137 1137 309 
208 260 1 9 260 15.518 0.65 0 0 0 1149 1149 310 
209 260 1 9 260 15.518 0.65 0 0 0 1160 1160 311 
210 266 1 9 266 15.5728 0.665 0 0 0 1171 1171 313 
211 266 1 9 266 15.5728 0.665 0 0 0 1182 1182 314 
212 266 1 9 266 15.5728 0.665 0 0 0 1194 1194 315 
213 266 1 9 266 15.5728 0.665 0 0 0 1205 1205 316 
214 266 1 9 266 15.5728 0.665 0 0 0 1216 1216 317 
215 266 1 9 266 15.5728 0.665 0 0 0 1227 1227 318 
216 266 1 9 266 15.5728 0.665 0 0 0 1239 1239 319 
217 266 1 9 266 15.5728 0.665 0 0 0 1251 1251 320 
218 266 1 9 266 15.5728 0.665 0 0 0 1262 1262 321 
219 266 1 9 266 15.5728 0.665 0 0 0 1273 1273 322 
220 266 1 9 266 15.5728 0.665 0 0 0 1286 1286 323 
221 266 1 9 266 15.5728 0.665 0 0 0 1299 1299 324 
222 266 1 9 266 15.5728 0.665 0 0 0 1312 1312 325 
223 266 1 9 266 15.5728 0.665 0 0 0 1324 1324 326 
224 266 1 9 266 15.5728 0.665 0 0 0 1336 1336 327 
225 266 1 9 266 15.5728 0.665 0 0 0 1348 1348 328 
226 266 1 9 266 15.5728 0.665 0 0 0 1361 1361 329 
227 266 1 9 266 15.5728 0.665 0 0 0 1373 1373 330 
228 266 1 9 266 15.5728 0.665 0 0 0 1385 1385 331 
229 266 1 9 266 15.5728 0.665 0 0 0 1397 1397 332 
230 277 1 9 277 15.6298 0.6925 0 0 0 1410 1410 334 
231 277 1 9 277 15.6298 0.6925 0 0 0 1423 1423 335 
232 277 1 9 277 15.6298 0.6925 0 0 0 1435 1435 336 
233 277 1 9 277 15.6298 0.6925 0 0 0 1448 1448 337 
234 277 1 9 277 15.6298 0.6925 0 0 0 1460 1460 338 
235 277 1 9 277 15.6298 0.6925 0 0 0 1473 1473 339 
236 277 1 9 277 15.6298 0.6925 0 0 0 1486 1486 340 
237 277 1 9 277 15.6298 0.6925 0 0 0 1499 1499 341 
238 277 1 9 277 15.6298 0.6925 0 0 0 1512 1512 342 
239 277 1 9 277 15.6298 0.6925 0 0 0 1526 1526 343 
240 277 1 9 277 15.6298 0.6925 0 0 0 1540 1540 344 
241 277 1 9 277 15.6298 0.6925 0 0 0 1554 1554 345 
242 277 1 9 277 15.6298 0.6925 0 0 0 1568 1568 346 
243 277 1 9 277 15.6298 0.6925 0 0 0 1582 1582 347 
244 277 1 9 277 15.6298 0.6925 0 0 0 1596 1596 348 
245 283 1 9 283 15.6919 0.7075 0 0 0 1610 1610 350 
246 283 1 9 283 15.6919 0.7075 0 0 0 1625 1625 351 
247 283 1 9 283 15.6919 0.7075 0 0 0 1639 1639 352 
248 283 1 9 283 15.6919 0.7075 0 0 0 1653 1653 353 
249 283 1 9 283 15.6919 0.7075 0 0 0 1667 1667 354 
250 283 1 9 283 15.6919 0.7075 0 0 0 1681 1681 355 
251 284 1 9 284 19.3001 0.71 0 0 0 1701 1701 361 
252 284 1 9 284 19.3001 0.71 0 0 0 1720 1720 362 
253 284 1 9 284 19.3001 0.71 0 0 0 1741 1741 370 
254 284 1 9 284 19.3001 0.71 0 0 0 1765 1765 375 
255 284 1 9 284 19.3001 0.71 0 0 0 1787 1787 379 
256 284 1 9 284 19.3001 0.71 0 0 0 1809 1809 381 
257 284 1 9 284 19.3001 0.71 0 0 0 1831 1831 382 
258 284 1 9 284 19.3001 0.71 0 0 0 1850 1850 383 
259 284 1 9 284 19.3001 0.71 0 0 0 1870 1870 384 
260 284 1 9 284 19.3001 0.71 0 0 0 1890 1890 385 
261 284 1 9 284 19.3001 0.71 0 0 0 1910 1910 386 
262 284 1 9 284 19.3001 0.71 0 0 0 1931 1931 394 
263 284 1 9 284 19.3001 0.71 0 0 0 1952 1952 395 
264 284 1 9 284 19.3001 0.71 0 0 0 1973 1973 396 
265 284 1 9 284 19.3001 0.71 0 0 0 1995 1995 397 
266 284 1 9 284 19.3001 0.71 0 0 0 2016 2016 398 
267 284 1 9 284 19.3001 0.71 0 0 0 2037 2037 399 
268 284 1 9 284 19.3001 0.71 0 0 0 2059 2059 400 
269 284 1 9 284 19.3001 0.71 0 0 0 2080 2080 401 
270 284 1 9 284 19.3001 0.71 0 0 0 2101 2101 402 
271 284 1 9 284 19.3001 0.71 0 0 0 2121 2121 403 
272 284 1 9 284 19.3001 0.71 0 0 0 2142 2142 404 
273 284 1 9 284 19.3001 0.71 0 0 0 2163 2163 405 
274 284 1 9 284 19.3001 0.71 0 0 0 2183 2183 406 
275 284 1 9 284 19.3001 0.71 0 0 0 2203 2203 407 
276 284 1 9 284 19.3001 0.71 0 0 0 2223 2223 408 
277 284 1 9 284 19.3001 0.71 0 0 0 2243 2243 409 
278 284 1 9 284 19.3001 0.71 0 0 0 2264 2264 410 
279 284 1 9 284 19.3001 0.71 0 0 0 2285 2285 411 
280 287 1 9 287 23.2255 0.7175 0 0 0 2318 2318 417 
281 295 1 9 295 20.0029 0.7375 0 0 0 2340 2340 422 
282 295 1 9 295 20.0029 0.7375 0 0 0 2362 2362 423 
283 295 1 9 295 20.0029 0.7375 0 0 0 2385 2385 427 
284 295 1 9 295 20.0029 0.7375 0 0 0 2408 2408 428 
285 295 1 9 295 20.0029 0.7375 0 0 0 2431 2431 429 
286 295 1 9 295 20.0029 0.7375 0 0 0 2454 2454 430 
287 295 1 9 295 20.0029 0.7375 0 0 0 2476 2476 431 
288 298 1 9 298 20.3033 0.745 0 0 0 2500 2500 434 
289 298 1 9 298 20.3033 0.745 0 0 0 2524 2524 435 
290 300 1 9 300 20.6715 0.75 0 0 0 2548 2548 440 
291 300 1 9 300 20.6715 0.75 0 0 0 2573 2573 443 
292 300 1 9 300 20.6715 0.75 0 0 0 2598 2598 444 
293 300 1 9 300 20.6715 0.75 0 0 0 2623 2623 445 
294 300 1 9 300 20.6715 0.75 0 0 0 2647 2647 446 
295 300 1 9 300 20.6715 0.75 0 0 0 2671 2671 447 
296 300 1 9 300 20.6715 0.75 0 0 0 2696 2696 448 
297 300 1 9 300 20.6715 0.75 0 0 0 2720 2720 449 
298 304 1 9 304 24.2987 0.76 0 0 0 2749 2749 455 
299 304 1 9 304 23.7608 0.76 0 0 0 2788 2788 460 
300 304 1 9 304 23.7608 0.76 0 0 0 2817 2817 461 
301 304 1 9 304 23.7608 0.76 0 0 0 2845 2845 462 
302 304 1 9 304 23.7608 0.76 0 0 0 2874 2874 468 
303 304 1 9 304 23.7608 0.76 0 0 0 2902 2902 469 
304 304 1 9 304 23.7608 0.76 0 0 0 2931 2931 470 
305 304 1 9 304 23.7608 0.76 0 0 0 2959 2959 471 
306 304 1 9 304 23.7608 0.76 0 0 0 2987 2987 472 
307 304 1 9 304 23.7608 0.76 0 0 0 3015 3015 473 
308 304 1 9 304 23.7608 0.76 0 0 0 3043 3043 474 
309 304 1 9 304 23.7608 0.76 0 0 0 3070 3070 475 
310 304 1 9 304 23.7608 0.76 0 0 0 3098 3098 477 
311 304 1 9 304 23.7608 0.76 0 0 0 3125 3125 478 
312 304 1 9 304 23.7608 0.76 0 0 0 3160 3160 482 
313 304 1 9 304 23.7608 0.76 0 0 0 3201 3201 484 
314 304 1 9 304 23.7608 0.76 0 0 0 3237 3237 486 
315 305 1 9 305 24.9095 0.7625 0 0 0 3280 3280 498 
316 305 1 9 305 24.898 0.7625 0 0 0 3323 3323 501 
317 305 1 9 305 24.898 0.7625 0 0 0 3366 3366 502 
318 305 1 9 305 24.898 0.7625 0 0 0 3410 3410 503 
319 305 1 9 305 24.898 0.7625 0 0 0 3452 3452 504 
320 305 1 9 305 24.898 0.7625 0 0 0 3494 3494 505 
321 305 1 9 305 24.898 0.7625 0 0 0 3534 3534 509 
322 305 1 9 305 24.898 0.7625 0 0 0 3572 3572 511 
323 305 1 9 305 24.898 0.7625 0 0 0 3609 3609 512 
324 305 1 9 305 24.898 0.7625 0 0 0 3653 3653 514 
325 305 1 9 305 24.811 0.7625 0 0 0 3692 3692 515 
326 305 1 9 305 24.811 0.7625 0 0 0 3731 3731 516 
327 305 1 9 305 24.811 0.7625 0 0 0 3774 3774 517 
328 305 1 9 305 24.811 0.7625 0 0 0 3811 3811 518 
329 305 1 9 305 24.811 0.7625 0 0 0 3848 3848 519 
330 305 1 9 305 24.811 0.7625 0 0 0 3876 3876 531 
331 305 1 9 305 24.811 0.7625 0 0 0 3914 3914 533 
332 305 1 9 305 24.811 0.7625 0 0 0 3951 3951 534 
333 305 1 9 305 24.811 0.7625 0 0 0 3994 3994 537 
334 305 1 9 305 24.7787 0.7625 0 0 0 4037 4037 538 
335 305 1 9 305 24.7787 0.7625 0 0 0 4079 4079 539 
336 305 1 9 305 24.7787 0.7625 0 0 0 4116 4116 540 
337 305 1 9 305 24.7787 0.7625 0 0 0 4153 4153 541 
338 305 1 9 305 24.7787 0.7625 0 0 0 4191 4191 542 
339 305 1 9 305 24.745 0.7625 0 0 0 4228 4228 543 
340 305 1 9 305 24.745 0.7625 0 0 0 4266 4266 544 
341 305 1 9 305 24.745 0.7625 0 0 0 4309 4309 545 
342 305 1 9 305 24.745 0.7625 0 0 0 4348 4348 550 
343 305 1 9 305 24.7235 0.7625 0 0 0 4390 4390 551 
344 305 1 9 305 24.7235 0.7625 0 0 0 4427 4427 557 
345 305 1 9 305 24.7235 0.7625 0 0 0 4465 4465 558 
346 305 1 9 305 24.7235 0.7625 0 0 0 4501 4501 564 
347 305 1 9 305 24.7235 0.7625 0 0 0 4539 4539 565 
348 306 1 9 306 24.6946 0.765 0 0 0 4579 4579 568 
349 306 1 9 306 24.6946 0.765 0 0 0 4619 4619 572 
350 306 1 9 306 24.6946 0.765 0 0 0 4661 4661 573 
351 306 1 9 306 24.6946 0.765 0 0 0 4698 4698 579 
352 306 1 9 306 24.6624 0.765 0 0 0 4744 4744 580 
353 306 1 9 306 24.6624 0.765 0 0 0 4790 4790 581 
354 306 1 9 306 24.5602 0.765 0 0 0 4831 4831 582 
355 306 1 9 306 24.5602 0.765 0 0 0 4872 4872 583 
356 306 1 9 306 24.5602 0.765 0 0 0 4913 4913 584 
357 306 1 9 306 24.4067 0.765 0 0 0 4954 4954 587 
358 312 1 9 312 29.9994 0.78 0 0 0 5012 5012 595 
359 312 1 9 312 26.1533 0.78 0 0 0 5085 5085 610 
360 312 1 9 312 26.1533 0.78 0 0 0 5156 5156 611 
361 312 1 9 312 26.1533 0.78 0 0 0 5227 5227 612 
362 312 1 9 312 26.1533 0.78 0 0 0 5298 5298 613 
363 312 1 9 312 26.1533 0.78 0 0 0 5369 5369 614 
364 312 1 9 312 26.1533 0.78 0 0 0 5440 5440 615 
365 312 1 9 312 26.1533 0.78 0 0 0 5511 5511 616 
366 312 1 9 312 26.1533 0.78 0 0 0 5581 5581 617 
367 312 1 9 312 26.1533 0.78 0 0 0 5652 5652 618 
368 312 1 9 312 26.1533 0.78 0 0 0 5723 5723 619 
369 312 1 9 312 26.1533 0.78 0 0 0 5794 5794 620 
370 312 1 9 312 26.1533 0.78 0 0 0 5873 5873 626 
371 312 1 9 312 26.1533 0.78 0 0 0 5953 5953 627 
372 312 1 9 312 26.1533 0.78 0 0 0 5997 5997 636 
373 312 1 9 312 26.1533 0.78 0 0 0 6039 6039 639 
374 312 1 9 312 26.1533 0.78 0 0 0 6081 6081 640 
375 312 1 9 312 26.1533 0.78 0 0 0 6124 6124 641 
376 312 1 9 312 26.1533 0.78 0 0 0 6167 6167 642 
377 312 1 9 312 26.1533 0.78 0 0 0 6210 6210 646 
378 312 1 9 312 26.1533 0.78 0 0 0 6254 6254 648 
379 312 1 9 312 26.1533 0.78 0 0 0 6298 6298 649 
380 312 1 9 312 26.1533 0.78 0 0 0 6341 6341 650 
381 312 1 9 312 26.1533 0.78 0 0 0 6384 6384 651 
382 312 1 9 312 26.1533 0.78 0 0 0 6430 6430 652 
383 314 1 9 314 29.4116 0.785 0 0 0 6471 6471 668 
384 314 1 9 314 29.381 0.785 0 0 0 6512 6512 670 
385 314 1 9 314 29.0841 0.785 0 0 0 6554 6554 673 
386 314 1 9 314 28.9704 0.785 0 0 0 6596 6596 677 
387 314 1 9 314 28.9704 0.785 0 0 0 6639 6639 678 
388 314 1 9 314 28.9704 0.785 0 0 0 6683 6683 679 
389 314 1 9 314 28.9704 0.785 0 0 0 6725 6725 680 
390 314 1 9 314 28.9704 0.785 0 0 0 6768 6768 681 
391 314 1 9 314 28.9704 0.785 0 0 0 6812 6812 682 
392 314 1 9 314 28.6459 0.785 0 0 0 6872 6872 690 
393 314 1 9 314 28.6459 0.785 0 0 0 6915 6915 691 
394 314 1 9 314 28.6459 0.785 0 0 0 6958 6958 692 
395 318 1 9 318 29.6699 0.795 0 0 0 7031 7031 699 
396 321 1 9 321 29.7112 0.8025 0 0 0 7101 7101 704 
397 322 1 9 322 29.5565 0.805 0 0 0 7172 7172 710 
398 322 1 9 322 29.5565 0.805 0 0 0 7241 7241 711 
399 322 1 9 322 29.5565 0.805 0 0 0 7311 7311 712 
400 322 1 9 322 29.5565 0.805 0 0 0 7381 7381 713 
401 322 1 9 322 29.5565 0.805 0 0 0 7451 7451 714 
402 322 1 9 322 29.5565 0.805 0 0 0 7520 7520 715 
403 322 1 9 322 29.5565 0.805 0 0 0 7589 7589 716 
404 322 1 9 322 29.5565 0.805 0 0 0 7659 7659 717 
405 322 1 9 322 29.5565 0.805 0 0 0 7729 7729 718 
406 323 1 9 323 29.9712 0.8075 0 0 0 7796 7796 724 
407 323 1 9 323 29.9712 0.8075 0 0 0 7867 7867 725 
408 323 1 9 323 29.9712 0.8075 0 0 0 7934 7934 726 
409 323 1 9 323 29.9712 0.8075 0 0 0 8001 8001 727 
410 323 1 9 323 29.9712 0.8075 0 0 0 8069 8069 728 
411 323 1 9 323 29.8621 0.8075 0 0 0 8137 8137 729 
412 323 1 9 323 29.8621 0.8075 0 0 0 8205 8205 730 
413 323 1 9 323 29.8621 0.8075 0 0 0 8273 8273 731 
414 341 1 9 341 29.9313 0.8525 0 0 0 8342 8342 735 
415 341 1 9 341 29.9313 0.8525 0 0 0 8411 8411 736 
416 341 1 9 341 29.9313 0.8525 0 0 0 8480 8480 737 
417 341 1 9 341 29.9313 0.8525 0 0 0 8549 8549 738 
418 341 1 9 341 29.9313 0.8525 0 0 0 8618 8618 739 
419 341 1 9 341 29.9313 0.8525 0 0 0 8688 8688 740 
420 341 1 9 341 29.9313 0.8525 0 0 0 8757 8757 741 
421 341 1 9 341 29.9313 0.8525 0 0 0 8826 8826 742 
422 341 1 9 341 29.9313 0.8525 0 0 0 8896 8896 743 
423 341 1 9 341 29.9313 0.8525 0 0 0 8966 8966 744 
424 341 1 9 341 29.9313 0.8525 0 0 0 9035 9035 745 
425 342 1 9 342 30.087 0.855 0 0 0 9111 9111 748 
426 342 1 9 342 30.087 0.855 0 0 0 9166 9166 755 
427 342 1 9 342 30.087 0.855 0 0 0 9241 9241 756 
428 342 1 9 342 30.087 0.855 0 0 0 9317 9317 757 
429 342 1 9 342 30.087 0.855 0 0 0 9393 9393 758 
430 342 1 9 342 30.087 0.855 0 0 0 9474 9474 761 
431 342 1 9 342 29.4819 0.855 0 0 0 9539 9539 768 
432 353 1 9 353 30.0794 0.8825 0 0 0 9617 9617 772 
433 355 1 9 355 34.5776 0.8875 0 0 0 9714 9714 786 
434 355 1 9 355 34.5776 0.8875 0 0 0 9809 9809 787 
435 355 1 9 355 33.9054 0.8875 0 0 0 9908 9908 789 
436 356 1 9 356 34.7944 0.89 0 0 0 10005 10005 792 
437 356 1 9 356 34.2229 0.89 0 0 0 10103 10103 799 
438 356 1 9 356 34.2229 0.89 0 0 0 10201 10201 802 
439 356 1 9 356 34.2229 0.89 0 0 0 10298 10298 803 
440 356 1 9 356 34.2229 0.89 0 0 0 10402 10402 809 
441 356 1 9 356 34.2229 0.89 0 0 0 10497 10497 810 
442 356 1 9 356 34.2229 0.89 0 0 0 10594 10594 811 
443 356 1 9 356 34.2229 0.89 0 0 0 10689 10689 812 
444 356 1 9 356 34.2229 0.89 0 0 0 10791 10791 813 
445 357 1 9 357 34.6583 0.8925 0 0 0 10907 10907 827 
446 358 1 9 358 34.7734 0.895 0 0 0 11022 11022 835 
447 358 1 9 358 34.4188 0.895 0 0 0 11155 11155 844 
448 358 1 9 358 34.3066 0.895 0 0 0 11287 11287 845 
449 358 1 9 358 34.3066 0.895 0 0 0 11429 11429 853 
450 358 1 9 358 34.3066 0.895 0 0 0 11569 11569 854 
451 358 1 9 358 34.3066 0.895 0 0 0 11709 11709 855 
452 358 1 9 358 34.3066 0.895 0 0 0 11850 11850 856 
453 358 1 9 358 34.3066 0.895 0 0 0 12006 12006 865 
454 358 1 9 358 34.3066 0.895 0 0 0 12162 12162 875 
455 358 1 9 358 34.3066 0.895 0 0 0 12315 12315 876 
456 358 1 9 358 34.3066 0.895 0 0 0 12468 12468 877 
457 358 1 9 358 34.3066 0.895 0 0 0 12622 12622 878 
458 358 1 9 358 34.3066 0.895 0 0 0 12775 12775 879 
459 358 1 9 358 34.3066 0.895 0 0 0 12929 12929 882 
460 358 1 9 358 34.3066 0.895 0 0 0 13084 13084 883 
461 358 1 9 358 34.3066 0.895 0 0 0 13240 13240 887 
462 358 1 9 358 34.3066 0.895 0 0 0 13394 13394 888 
463 358 1 9 358 34.3066 0.895 0 0 0 13546 13546 889 
464 358 1 9 358 34.3066 0.895 0 0 0 13703 13703 890 
465 358 1 9 358 34.3066 0.895 0 0 0 13857 13857 891 
466 358 1 9 358 34.3066 0.895 0 0 0 14012 14012 892 
467 358 1 9 358 34.3066 0.895 0 0 0 14165 14165 893 
468 358 1 9 358 34.3066 0.895 0 0 0 14317 14317 894 
469 358 1 9 358 34.3066 0.895 0 0 0 14468 14468 895 
470 358 1 9 358 34.3066 0.895 0 0 0 14622 14622 898 
471 358 1 9 358 34.3066 0.895 0 0 0 14777 14777 899 
472 358 1 9 358 34.3066 0.895 0 0 0 14945 14945 900 
473 358 1 9 358 34.3066 0.895 0 0 0 15045 15045 910 
474 358 1 9 358 34.3066 0.895 0 0 0 15205 15205 911 
475 358 1 9 358 34.3066 0.895 0 0 0 15363 15363 912 
476 359 1 9 359 29.4258 0.8975 0 0 0 15430 15430 921 
477 359 1 9 359 29.4258 0.8975 0 0 0 15501 15501 930 
478 359 1 9 359 29.4258 0.8975 0 0 0 15571 15571 931 
479 359 1 9 359 29.4258 0.8975 0 0 0 15644 15644 932 
480 359 1 9 359 29.4258 0.8975 0 0 0 15716 15716 933 
481 359 1 9 359 29.4258 0.8975 0 0 0 15788 15788 934 
482 359 1 9 359 29.4258 0.8975 0 0 0 15860 15860 937 
483 359 1 9 359 29.4258 0.8975 0 0 0 15932 15932 938 
484 359 1 9 359 29.4258 0.8975 0 0 0 16004 16004 940 
485 362 1 9 362 35.5334 0.905 0 0 0 16115 16115 946 
486 362 1 9 362 35.5334 0.905 0 0 0 16226 16226 947 
487 362 1 9 362 35.5334 0.905 0 0 0 16336 16336 948 
488 362 1 9 362 35.5334 0.905 0 0 0 16446 16446 949 
489 365 1 9 365 35.5579 0.9125 0 0 0 16558 16558 951 
490 365 1 9 365 35.5579 0.9125 0 0 0 16670 16670 952 
491 365 1 9 365 35.5579 0.9125 0 0 0 16781 16781 953 
492 365 1 9 365 35.5579 0.9125 0 0 0 16891 16891 954 
493 365 1 9 365 35.5579 0.9125 0 0 0 17003 17003 955 
494 365 1 9 365 35.5579 0.9125 0 0 0 17114 17114 956 
495 365 1 9 365 35.5579 0.9125 0 0 0 17224 17224 959 
496 365 1 9 365 35.5579 0.9125 0 0 0 17334 17334 965 
497 365 1 9 365 35.5579 0.9125 0 0 0 17445 17445 966 
498 365 1 9 365 35.5579 0.9125 0 0 0 17556 17556 967 
499 365 1 9 365 35.5579 0.9125 0 0 0 17668 17668 968 
500 366 1 9 366 36.0623 0.915 0 0 0 17783 17783 972 
501 366 1 9 366 36.0623 0.915 0 0 0 17898 17898 977 
502 366 1 9 366 36.0623 0.915 0 0 0 18012 18012 978 
503 366 1 9 366 36.0623 0.915 0 0 0 18126 18126 980 
504 366 1 9 366 36.0623 0.915 0 0 0 18239 18239 981 
505 366 1 9 366 36.0623 0.915 0 0 0 18353 18353 982 
506 366 1 9 366 36.0623 0.915 0 0 0 18468 18468 983 
507 367 1 9 367 36.2599 0.9175 0 0 0 18583 18583 988 
508 367 1 9 367 36.2599 0.9175 0 0 0 18698 18698 989 
509 367 1 9 367 36.2599 0.9175 0 0 0 18813 18813 990 
510 367 1 9 367 36.2599 0.9175 0 0 0 18930 18930 991 
511 367 1 9 367 36.2599 0.9175 0 0 0 19046 19046 992 
512 367 1 9 367 36.2599 0.9175 0 0 0 19162 19162 993 
513 367 1 9 367 36.2599 0.9175 0 0 0 19279 19279 994 
514 367 1 9 367 36.2599 0.9175 0 0 0 19395 19395 995 
515 367 1 9 367 36.2304 0.9175 0 0 0 19512 19512 999 
516 367 1 9 367 36.2304 0.9175 0 0 0 19631 19631 1003 
517 367 1 9 367 36.2304 0.9175 0 0 0 19749 19749 1004 
518 367 1 9 367 36.2304 0.9175 0 0 0 19868 19868 1005 
519 368 1 9 368 36.3842 0.92 0 0 0 19986 19986 1008 
520 368 1 9 368 36.3842 0.92 0 0 0 20104 20104 1009 
521 368 1 9 368 36.3842 0.92 0 0 0 20221 20221 1010 
522 368 1 9 368 36.3842 0.92 0 0 0 20343 20343 1011 
523 368 1 9 368 36.3842 0.92 0 0 0 20462 20462 1014 
524 368 1 9 368 36.3842 0.92 0 0 0 20582 20582 1015 
525 368 1 9 368 36.3824 0.92 0 0 0 20702 20702 1017 
526 368 1 9 368 36.3824 0.92 0 0 0 20821 20821 1018 
527 368 1 9 368 36.3824 0.92 0 0 0 20942 20942 1024 
528 368 1 9 368 36.3824 0.92 0 0 0 21061 21061 1025 
529 369 1 9 369 33.7891 0.9225 0 0 0 21221 21221 1031 
530 369 1 9 369 33.7891 0.9225 0 0 0 21381 21381 1032 
531 370 1 9 370 40.8906 0.925 0 0 0 21767 21767 1043 
532 370 1 9 370 40.8906 0.925 0 0 0 22164 22164 1047 
533 370 1 9 370 40.8906 0.925 0 0 0 22565 22565 1048 
534 370 1 9 370 40.8906 0.925 0 0 0 22967 22967 1050 
535 370 1 9 370 40.8906 0.925 0 0 0 23264 23264 1060 
536 370 1 9 370 40.8906 0.925 0 0 0 23665 23665 1061 
537 370 1 9 370 40.8906 0.925 0 0 0 24137 24137 1076 
538 370 1 9 370 40.8906 0.925 0 0 0 24541 24541 1077 
539 370 1 9 370 40.8906 0.925 0 0 0 24802 24802 1119 
540 370 1 9 370 40.8906 0.925 0 0 0 25393 25393 1132 
541 370 1 9 370 40.8906 0.925 0 0 0 25994 25994 1136 
542 370 1 9 370 39.4598 0.925 0 0 0 26611 26611 1138 
543 370 1 9 370 39.4598 0.925 0 0 0 27209 27209 1139 
544 370 1 9 370 39.4598 0.925 0 0 0 28165 28165 1148 
545 370 1 9 370 39.4598 0.925 0 0 0 28638 28638 1180 
546 370 1 9 370 39.4598 0.925 0 0 0 29100 29100 1192 
547 370 1 9 370 39.4598 0.925 0 0 0 29584 29584 1205 
548 371 1 9 371 48.3303 0.9275 0 0 0 30065 30065 1222 
549 371 1 9 371 48.3303 0.9275 0 0 0 30557 30557 1226 
550 371 1 9 371 41.7896 0.9275 0 0 0 30972 30972 1252 
551 371 1 9 371 41.7896 0.9275 0 0 0 31458 31458 1257 
552 371 1 9 371 41.7896 0.9275 0 0 0 31863 31863 1265 
553 371 1 9 371 41.7896 0.9275 0 0 0 32360 32360 1268 
554 371 1 9 371 41.7896 0.9275 0 0 0 32897 32897 1281 
555 371 1 9 371 41.7896 0.9275 0 0 0 33425 33425 1285 
556 371 1 9 371 41.7896 0.9275 0 0 0 33809 33809 1295 
557 371 1 9 371 41.7896 0.9275 0 0 0 34300 34300 1296 
558 371 1 9 371 41.7896 0.9275 0 0 0 34801 34801 1300 
559 371 1 9 371 41.7896 0.9275 0 0 0 35299 35299 1302 
560 371 1 9 371 41.7896 0.9275 0 0 0 35793 35793 1309 
561 371 1 9 371 41.0931 0.9275 0 0 0 36368 36368 1329 
562 371 1 9 371 41.0931 0.9275 0 0 0 36945 36945 1331 
563 371 1 9 371 41.0931 0.9275 0 0 0 37530 37530 1341 
564 371 1 9 371 41.0931 0.9275 0 0 0 38112 38112 1345 
565 371 1 9 371 41.0931 0.9275 0 0 0 38692 38692 1349 
566 371 1 9 371 40.7776 0.9275 0 0 0 39275 39275 1353 
567 371 1 9 371 40.7776 0.9275 0 0 0 39859 39859 1361 
568 371 1 9 371 40.7776 0.9275 0 0 0 40444 40444 1366 
569 371 1 9 371 40.7776 0.9275 0 0 0 41040 41040 1372 
570 371 1 9 371 40.7776 0.9275 0 0 0 41627 41627 1380 
571 371 1 9 371 40.7776 0.9275 0 0 0 42214 42214 1384 
572 371 1 9 371 40.7776 0.9275 0 0 0 42809 42809 1386 
573 371 1 9 371 40.7776 0.9275 0 0 0 43410 43410 1389 
574 371 1 9 371 40.7776 0.9275 0 0 0 44011 44011 1390 
575 371 1 9 371 40.7776 0.9275 0 0 0 44612 44612 1391 
576 371 1 9 371 40.7776 0.9275 0 0 0 45213 45213 1394 
577 372 1 9 372 49.7286 0.93 0 0 0 45683 45683 1403 
578 372 1 9 372 42.3358 0.93 0 0 0 46148 46148 1404 
579 372 1 9 372 42.0243 0.93 0 0 0 46629 46629 1405 
580 372 1 9 372 41.7972 0.93 0 0 0 47099 47099 1406 
581 372 1 9 372 41.7972 0.93 0 0 0 47577 47577 1407 
582 372 1 9 372 41.7972 0.93 0 0 0 48174 48174 1412 
583 372 1 9 372 41.7972 0.93 0 0 0 48562 48562 1441 
584 372 1 9 372 41.7972 0.93 0 0 0 48899 48899 1446 
585 372 1 9 372 41.7972 0.93 0 0 0 49286 49286 1452 
586 372 1 9 372 41.7972 0.93 0 0 0 49673 49673 1457 
587 372 1 9 372 41.7972 0.93 0 0 0 50065 50065 1461 
588 372 1 9 372 41.7972 0.93 0 0 0 50450 50450 1476 
589 372 1 9 372 41.7972 0.93 0 0 0 50839 50839 1480 
590 372 1 9 372 41.7972 0.93 0 0 0 51442 51442 1482 
591 372 1 9 372 41.7972 0.93 0 0 0 52040 52040 1490 
592 372 1 9 372 41.7972 0.93 0 0 0 52657 52657 1491 
593 372 1 9 372 41.7972 0.93 0 0 0 53052 53052 1496 
594 372 1 9 372 41.7972 0.93 0 0 0 53542 53542 1504 
595 372 1 9 372 41.7972 0.93 0 0 0 53938 53938 1505 
596 372 1 9 372 41.7972 0.93 0 0 0 54321 54321 1513 
597 372 1 9 372 41.7972 0.93 0 0 0 54712 54712 1517 
598 372 1 9 372 41.7972 0.93 0 0 0 54985 54985 1535 
599 372 1 9 372 41.7972 0.93 0 0 0 55375 55375 1538 
600 372 1 9 372 41.7972 0.93 0 0 0 55989 55989 1540 
601 372 1 9 372 41.7972 0.93 0 0 0 56382 56382 1547 
602 372 1 9 372 41.7972 0.93 0 0 0 56774 56774 1550 
603 372 1 9 372 41.7972 0.93 0 0 0 57165 57165 1551 
604 372 1 9 372 41.7972 0.93 0 0 0 57425 57425 1563 
605 372 1 9 372 41.7972 0.93 0 0 0 57826 57826 1567 
606 372 1 9 372 41.7972 0.93 0 0 0 58095 58095 1584 
607 372 1 9 372 41.7972 0.93 0 0 0 58496 58496 1587 
608 372 1 9 372 41.7972 0.93 0 0 0 58752 58752 1591 
609 372 1 9 372 41.7972 0.93 0 0 0 59237 59237 1599 
610 372 1 9 372 41.7972 0.93 0 0 0 59499 59499 1606 
611 372 1 9 372 41.7972 0.93 0 0 0 59902 59902 1624 
612 372 1 9 372 41.7972 0.93 0 0 0 60278 60278 1635 
613 372 1 9 372 41.7972 0.93 0 0 0 60686 60686 1639 
614 372 1 9 372 41.7972 0.93 0 0 0 61127 61127 1645 
615 372 1 9 372 41.7972 0.93 0 0 0 61570 61570 1653 
616 372 1 9 372 41.7972 0.93 0 0 0 62417 62417 1671 
617 372 1 9 372 41.7972 0.93 0 0 0 63330 63330 1675 
618 372 1 9 372 41.7972 0.93 0 0 0 64193 64193 1682 
619 372 1 9 372 41.7972 0.93 0 0 0 64940 64940 1690 
620 372 1 9 372 41.7972 0.93 0 0 0 65686 65686 1705 
621 372 1 9 372 41.7972 0.93 0 0 0 66529 66529 1711 
622 372 1 9 372 41.7972 0.93 0 0 0 67251 67251 1714 
623 372 1 9 372 41.7972 0.93 0 0 0 67982 67982 1719 
624 372 1 9 372 41.7972 0.93 0 0 0 68805 68805 1725 
625 373 1 9 373 50.484 0.9325 0 0 0 69668 69668 1733 
626 373 1 9 373 50.484 0.9325 0 0 0 70621 70621 1745 
627 373 1 9 373 50.484 0.9325 0 0 0 71433 71433 1767 
628 373 1 9 373 47.053 0.9325 0 0 0 72366 72366 1781 
629 376 1 9 376 52.3413 0.94 0 0 0 73282 73282 1793 
630 376 1 9 376 51.3528 0.94 0 0 0 74235 74235 1800 
631 376 1 9 376 51.3528 0.94 0 0 0 75396 75396 1806 
632 376 1 9 376 51.3528 0.94 0 0 0 76289 76289 1820 
633 376 1 9 376 51.3528 0.94 0 0 0 77282 77282 1831 
634 379 1 9 379 52.4723 0.9475 0 0 0 78195 78195 1848 
635 379 1 9 379 52.4723 0.9475 0 0 0 79212 79212 1871 
636 379 1 9 379 51.4496 0.9475 0 0 0 80269 80269 1878 
637 379 1 9 379 51.3784 0.9475 0 0 0 81282 81282 1884 
638 379 1 9 379 50.8196 0.9475 0 0 0 82235 82235 1890 
639 379 1 9 379 50.8196 0.9475 0 0 0 83306 83306 1893 
640 379 1 9 379 50.8196 0.9475 0 0 0 84162 84162 1902 
641 379 1 9 379 50.8196 0.9475 0 0 0 85209 85209 1910 
642 382 1 9 382 48.6518 0.955 0 0 0 86181 86181 1930 
643 385 1 9 385 54.2987 0.9625 0 0 0 87619 87619 1944 
644 385 1 9 385 50.5604 0.9625 0 0 0 88590 88590 1949 
645 388 1 9 388 55.3768 0.97 0 0 0 89526 89526 1966 
646 388 1 9 388 55.3768 0.97 0 0 0 90555 90555 1991 
647 388 1 9 388 51.5902 0.97 0 0 0 91405 91405 2000 
648 388 1 9 388 50.9023 0.97 0 0 0 92475 92475 2007 
649 388 1 9 388 50.9023 0.97 0 0 0 93335 93335 2013 
650 388 1 9 388 50.9023 0.97 0 0 0 94269 94269 2019 
651 388 1 9 388 50.9023 0.97 0 0 0 95204 95204 2032 
652 388 1 9 388 50.8796 0.97 0 0 0 96302 96302 2035 
653 388 1 9 388 50.7561 0.97 0 0 0 97203 97203 2041 
654 388 1 9 388 50.7561 0.97 0 0 0 98125 98125 2046 
655 388 1 9 388 50.7561 0.97 0 0 0 99038 99038 2058 
656 388 1 9 388 50.7561 0.97 0 0 0 100143 100143 2067 
657 388 1 9 388 50.7561 0.97 0 0 0 100970 100970 2082 
658 388 1 9 388 50.7561 0.97 0 0 0 101943 101943 2094 
659 388 1 9 388 47.864 0.97 0 0 0 103039 103039 2100 
660 388 1 9 388 47.864 0.97 0 0 0 103968 103968 2104 
661 388 1 9 388 47.864 0.97 0 0 0 105124 105124 2109 
662 388 1 9 388 47.864 0.97 0 0 0 106057 106057 2112 
663 388 1 9 388 47.864 0.97 0 0 0 106984 106984 2115 
664 388 1 9 388 47.864 0.97 0 0 0 108065 108065 2123 
665 388 1 9 388 47.864 0.97 0 0 0 109144 109144 2127 
666 388 1 9 388 47.864 0.97 0 0 0 110098 110098 2134 
667 388 1 9 388 47.864 0.97 0 0 0 111072 111072 2136 
668 388 1 9 388 47.864 0.97 0 0 0 112147 112147 2144 
669 388 1 9 388 47.864 0.97 0 0 0 113098 113098 2154 
670 388 1 9 388 47.864 0.97 0 0 0 114098 114098 2161 
671 388 1 9 388 47.864 0.97 0 0 0 115088 115088 2165 
672 389 1 9 389 51.2806 0.9725 0 0 0 116042 116042 2169 
673 389 1 9 389 47.3752 0.9725 0 0 0 116883 116883 2187 
674 389 1 9 389 47.3752 0.9725 0 0 0 117682 117682 2190 
675 389 1 9 389 47.3752 0.9725 0 0 0 118644 118644 2195 
676 389 1 9 389 47.3752 0.9725 0 0 0 119686 119686 2197 
677 389 1 9 389 47.3752 0.9725 0 0 0 120663 120663 2203 
678 389 1 9 389 47.3752 0.9725 0 0 0 121596 121596 2207 
679 389 1 9 389 47.3752 0.9725 0 0 0 122637 122637 2209 
680 389 1 9 389 47.3752 0.9725 0 0 0 123596 123596 2215 
681 389 1 9 389 47.3752 0.9725 0 0 0 124556 124556 2218 
682 389 1 9 389 47.3752 0.9725 0 0 0 125517 125517 2223 
683 389 1 9 389 47.3752 0.9725 0 0 0 126566 126566 2226 
684 389 1 9 389 47.3752 0.9725 0 0 0 127562 127562 2229 
685 389 1 9 389 47.3752 0.9725 0 0 0 128469 128469 2231 
686 389 1 9 389 47.3752 0.9725 0 0 0 129459 129459 2233 
687 389 1 9 389 47.3752 0.9725 0 0 0 130483 130483 2248 
688 389 1 9 389 47.3752 0.9725 0 0 0 131476 131476 2253 
689 389 1 9 389 47.3752 0.9725 0 0 0 132391 132391 2259 
690 389 1 9 389 47.3752 0.9725 0 0 0 133307 133307 2265 
691 389 1 9 389 47.3752 0.9725 0 0 0 134376 134376 2268 
692 389 1 9 389 47.3752 0.9725 0 0 0 135178 135178 2275 
693 389 1 9 389 47.3752 0.9725 0 0 0 136108 136108 2285 
694 389 1 9 389 47.3752 0.9725 0 0 0 137176 137176 2290 
695 389 1 9 389 47.3752 0.9725 0 0 0 138328 138328 2291 
696 389 1 9 389 47.3752 0.9725 0 0 0 139482 139482 2293 
697 389 1 9 389 47.3752 0.9725 0 0 0 140250 140250 2302 
698 389 1 9 389 47.3752 0.9725 0 0 0 141356 141356 2313 
699 389 1 9 389 47.3752 0.9725 0 0 0 142286 142286 2326 
700 389 1 9 389 47.3752 0.9725 0 0 0 143448 143448 2335 
701 389 1 9 389 47.3752 0.9725 0 0 0 143827 143827 2357 
702 389 1 9 389 47.3752 0.9725 0 0 0 144194 144194 2365 
703 389 1 9 389 47.3752 0.9725 0 0 0 144499 144499 2382 
704 389 1 9 389 47.3752 0.9725 0 0 0 145041 145041 2389 
705 389 1 9 389 47.3752 0.9725 0 0 0 145349 145349 2392 
706 389 1 9 389 47.3752 0.9725 0 0 0 146273 146273 2407 
707 389 1 9 389 43.8931 0.9725 0 0 0 147169 147169 2417 
708 389 1 9 389 43.8931 0.9725 0 0 0 147977 147977 2428 
709 389 1 9 389 43.8931 0.9725 0 0 0 148469 148469 2444 
710 389 1 9 389 43.8931 0.9725 0 0 0 149211 149211 2454 
711 389 1 9 389 43.8931 0.9725 0 0 0 150354 150354 2463 
712 389 1 9 389 43.8931 0.9725 0 0 0 151040 151040 2472 
713 389 1 9 389 43.8931 0.9725 0 0 0 151725 151725 2479 
714 389 1 9 389 43.8931 0.9725 0 0 0 152565 152565 2487 
715 389 1 9 389 43.8931 0.9725 0 0 0 153057 153057 2494 
716 389 1 9 389 43.8931 0.9725 0 0 0 153735 153735 2497 
717 389 1 9 389 43.8931 0.9725 0 0 0 154557 154557 2508 
718 389 1 9 389 43.8931 0.9725 0 0 0 155244 155244 2517 
719 389 1 9 389 43.8931 0.9725 0 0 0 156287 156287 2524 
720 389 1 9 389 43.8931 0.9725 0 0 0 156971 156971 2527 
721 389 1 9 389 43.8931 0.9725 0 0 0 158140 158140 2533 
722 389 1 9 389 43.8931 0.9725 0 0 0 158840 158840 2546 
723 389 1 9 389 43.8931 0.9725 0 0 0 159530 159530 2548 
724 389 1 9 389 43.8931 0.9725 0 0 0 160212 160212 2551 
725 389 1 9 389 43.8931 0.9725 0 0 0 160892 160892 2555 
726 389 1 9 389 43.8931 0.9725 0 0 0 161985 161985 2564 
727 389 1 9 389 43.8931 0.9725 0 0 0 162849 162849 2570 
728 389 1 9 389 43.8931 0.9725 0 0 0 163598 163598 2572 
729 389 1 9 389 43.8931 0.9725 0 0 0 164314 164314 2582 
730 389 1 9 389 43.8931 0.9725 0 0 0 165029 165029 2590 
731 389 1 9 389 43.8931 0.9725 0 0 0 165687 165687 2598 
732 389 1 9 389 43.8931 0.9725 0 0 0 166369 166369 2601 
733 389 1 9 389 43.8931 0.9725 0 0 0 167421 167421 2627 
734 389 1 9 389 43.8931 0.9725 0 0 0 168489 168489 2639 
735 389 1 9 389 43.8931 0.9725 0 0 0 169559 169559 2643 
736 389 1 9 389 43.8931 0.9725 0 0 0 170618 170618 2647 
737 389 1 9 389 43.8931 0.9725 0 0 0 171673 171673 2655 
738 389 1 9 389 43.8931 0.9725 0 0 0 172723 172723 2658 
739 389 1 9 389 43.8931 0.9725 0 0 0 173744 173744 2671 
740 389 1 9 389 43.8931 0.9725 0 0 0 174788 174788 2672 
741 389 1 9 389 43.8931 0.9725 0 0 0 175834 175834 2680 
742 389 1 9 389 43.8931 0.9725 0 0 0 177370 177370 2695 
743 389 1 9 389 43.8931 0.9725 0 0 0 178463 178463 2701 
744 389 1 9 389 43.8931 0.9725 0 0 0 179712 179712 2704 
745 389 1 9 389 43.8931 0.9725 0 0 0 180738 180738 2709 
746 389 1 9 389 43.8931 0.9725 0 0 0 181778 181778 2716 
747 389 1 9 389 43.8931 0.9725 0 0 0 182383 182383 2724 
748 389 1 9 389 43.8931 0.9725 0 0 0 183449 183449 2725 
749 389 1 9 389 43.8931 0.9725 0 0 0 183765 183765 2736 
750 389 1 9 389 43.8931 0.9725 0 0 0 184855 184855 2743 
751 389 1 9 389 43.8931 0.9725 0 0 0 185885 185885 2744 
752 389 1 9 389 43.8931 0.9725 0 0 0 186905 186905 2745 
753 389 1 9 389 43.8931 0.9725 0 0 0 187939 187939 2747 
754 389 1 9 389 43.8931 0.9725 0 0 0 190018 190018 2751 
755 389 1 9 389 43.8931 0.9725 0 0 0 191056 191056 2753 
756 389 1 9 389 43.8931 0.9725 0 0 0 192107 192107 2758 
757 389 1 9 389 43.8931 0.9725 0 0 0 193135 193135 2766 
758 389 1 9 389 43.8931 0.9725 0 0 0 194188 194188 2773 
759 389 1 9 389 43.8931 0.9725 0 0 0 194954 194954 2781 
760 389 1 9 389 43.8931 0.9725 0 0 0 196029 196029 2788 
761 389 1 9 389 43.8931 0.9725 0 0 0 197138 197138 2797 
762 389 1 9 389 43.8931 0.9725 0 0 0 198543 198543 2806 
763 389 1 9 389 43.8931 0.9725 0 0 0 199629 199629 2814 
764 389 1 9 389 43.8931 0.9725 0 0 0 200705 200705 2817 
765 389 1 9 389 43.8931 0.9725 0 0 0 202135 202135 2828 
766 389 1 9 389 43.8931 0.9725 0 0 0 203263 203263 2834 
767 389 1 9 389 43.8931 0.9725 0 0 0 204342 204342 2835 
768 389 1 9 389 43.8931 0.9725 0 0 0 205950 205950 2847 
769 389 1 9 389 43.8931 0.9725 0 0 0 206644 206644 2855 
770 389 1 9 389 43.8931 0.9725 0 0 0 207355 207355 2869 
771 389 1 9 389 43.8931 0.9725 0 0 0 208060 208060 2871 
772 389 1 9 389 43.8931 0.9725 0 0 0 209277 209277 2885 
773 389 1 9 389 43.8931 0.9725 0 0 0 209992 209992 2893 
774 389 1 9 389 43.8931 0.9725 0 0 0 210699 210699 2899 
775 389 1 9 389 43.8931 0.9725 0 0 0 211424 211424 2901 
776 389 1 9 389 43.8931 0.9725 0 0 0 212731 212731 2921 
777 389 1 9 389 43.8931 0.9725 0 0 0 213450 213450 2924 
778 389 1 9 389 43.8931 0.9725 0 0 0 214159 214159 2926 
779 389 1 9 389 43.8931 0.9725 0 0 0 214863 214863 2929 
780 389 1 9 389 43.8931 0.9725 0 0 0 215436 215436 2938 
781 389 1 9 389 43.8931 0.9725 0 0 0 216145 216145 2941 
782 389 1 9 389 43.8931 0.9725 0 0 0 217621 217621 2946 
783 389 1 9 389 43.8931 0.9725 0 0 0 218341 218341 2950 
784 389 1 9 389 43.8931 0.9725 0 0 0 219420 219420 2965 
785 389 1 9 389 43.8931 0.9725 0 0 0 220222 220222 2974 
786 389 1 9 389 43.8931 0.9725 0 0 0 220935 220935 2976 
787 389 1 9 389 43.8931 0.9725 0 0 0 221652 221652 2979 
788 389 1 9 389 43.8931 0.9725 0 0 0 222370 222370 2981 
789 389 1 9 389 43.8931 0.9725 0 0 0 223563 223563 2996 
790 389 1 9 389 43.8931 0.9725 0 0 0 224285 224285 2999 
791 389 1 9 389 43.8931 0.9725 0 0 0 225600 225600 3007 
792 389 1 9 389 43.8931 0.9725 0 0 0 226383 226383 3011 
793 389 1 9 389 43.8931 0.9725 0 0 0 227108 227108 3014 
794 389 1 9 389 43.8931 0.9725 0 0 0 227813 227813 3021 
795 389 1 9 389 43.8931 0.9725 0 0 0 228540 228540 3023 
796 389 1 9 389 43.8931 0.9725 0 0 0 229265 229265 3024 
797 389 1 9 389 43.8931 0.9725 0 0 0 229984 229984 3027 
798 389 1 9 389 43.8931 0.9725 0 0 0 230781 230781 3038 
799 389 1 9 389 43.8931 0.9725 0 0 0 231504 231504 3042 
800 389 1 9 389 43.8931 0.9725 0 0 0 232241 232241 3044 
801 389 1 9 389 43.8931 0.9725 0 0 0 233469 233469 3053 
802 389 1 9 389 43.8931 0.9725 0 0 0 234293 234293 3061 
803 389 1 9 389 43.8931 0.9725 0 0 0 235144 235144 3075 
804 389 1 9 389 43.8931 0.9725 0 0 0 236018 236018 3078 
805 389 1 9 389 43.8931 0.9725 0 0 0 236734 236734 3091 
806 389 1 9 389 43.8931 0.9725 0 0 0 237625 237625 3098 
807 389 1 9 389 43.8931 0.9725 0 0 0 238518 238518 3102 
808 389 1 9 389 43.8931 0.9725 0 0 0 239346 239346 3110 
809 389 1 9 389 43.8931 0.9725 0 0 0 240250 240250 3118 
810 389 1 9 389 43.8931 0.9725 0 0 0 240969 240969 3123 
811 389 1 9 389 43.8931 0.9725 0 0 0 241670 241670 3127 
812 389 1 9 389 43.8931 0.9725 0 0 0 242538 242538 3131 
813 389 1 9 389 43.8931 0.9725 0 0 0 243498 243498 3137 
814 389 1 9 389 43.8931 0.9725 0 0 0 244227 244227 3144 
815 389 1 9 389 43.8931 0.9725 0 0 0 244959 244959 3150 
816 389 1 9 389 43.8931 0.9725 0 0 0 245855 245855 3153 
817 389 1 9 389 43.8931 0.9725 0 0 0 246779 246779 3159 
818 389 1 9 389 43.8931 0.9725 0 0 0 247676 247676 3162 
819 389 1 9 389 43.8931 0.9725 0 0 0 248564 248564 3166 
820 389 1 9 389 43.8931 0.9725 0 0 0 249452 249452 3171 
821 389 1 9 389 43.8931 0.9725 0 0 0 250356 250356 3172 
822 389 1 9 389 43.8931 0.9725 0 0 0 251092 251092 3173 
823 392 1 9 392 64.6332 0.98 0 0 0 252005 252005 3178 
824 392 1 9 392 64.0426 0.98 0 0 0 252898 252898 3183 
825 392 1 9 392 62.0183 0.98 0 0 0 253803 253803 3191 
826 392 1 9 392 62.0183 0.98 0 0 0 254679 254679 3197 
827 392 1 9 392 62.0183 0.98 0 0 0 255591 255591 3198 
828 392 1 9 392 62.0183 0.98 0 0 0 256264 256264 3211 
829 392 1 9 392 62.0183 0.98 0 0 0 257187 257187 3216 
830 392 1 9 392 51.1972 0.98 0 0 0 258137 258137 3224 
831 392 1 9 392 51.1972 0.98 0 0 0 258971 258971 3226 
832 392 1 9 392 51.1972 0.98 0 0 0 259932 259932 3231 
833 392 1 9 392 51.1972 0.98 0 0 0 260852 260852 3236 
834 392 1 9 392 51.1972 0.98 0 0 0 261774 261774 3237 
835 392 1 9 392 51.1972 0.98 0 0 0 262701 262701 3239 
836 392 1 9 392 51.1972 0.98 0 0 0 263620 263620 3245 
837 392 1 9 392 51.1972 0.98 0 0 0 265005 265005 3261 
838 392 1 9 392 51.1972 0.98 0 0 0 266053 266053 3268 
839 392 1 9 392 50.2834 0.98 0 0 0 266882 266882 3275 
840 392 1 9 392 50.2834 0.98 0 0 0 267781 267781 3279 
841 392 1 9 392 50.2834 0.98 0 0 0 268556 268556 3284 
842 392 1 9 392 50.2834 0.98 0 0 0 269449 269449 3285 
843 392 1 9 392 50.2834 0.98 0 0 0 270293 270293 3294 
844 392 1 9 392 50.2834 0.98 0 0 0 271572 271572 3325 
845 392 1 9 392 50.2834 0.98 0 0 0 272441 272441 3336 
846 392 1 9 392 50.2834 0.98 0 0 0 273969 273969 3345 
847 392 1 9 392 50.2834 0.98 0 0 0 274647 274647 3358 
848 392 1 9 392 50.2834 0.98 0 0 0 275290 275290 3364 
849 392 1 9 392 50.2834 0.98 0 0 0 276028 276028 3373 
850 392 1 9 392 50.2834 0.98 0 0 0 277275 277275 3383 
851 392 1 9 392 50.2834 0.98 0 0 0 278379 278379 3395 
852 392 1 9 392 50.2834 0.98 0 0 0 279738 279738 3407 
853 392 1 9 392 50.2834 0.98 0 0 0 280751 280751 3419 
854 392 1 9 392 50.2834 0.98 0 0 0 281824 281824 3428 
855 392 1 9 392 50.2834 0.98 0 0 0 282505 282505 3434 
856 392 1 9 392 50.2834 0.98 0 0 0 283258 283258 3446 
857 392 1 9 392 50.2834 0.98 0 0 0 283902 283902 3456 
858 392 1 9 392 50.2834 0.98 0 0 0 284796 284796 3460 
859 392 1 9 392 50.2834 0.98 0 0 0 285938 285938 3471 
860 392 1 9 392 50.2834 0.98 0 0 0 287053 287053 3475 
861 394 1 9 394 64.0012 0.985 0 0 0 287871 287871 3479 
862 394 1 9 394 64.0012 0.985 0 0 0 288948 288948 3490 
863 394 1 9 394 64.0012 0.985 0 0 0 289917 289917 3503 
864 394 1 9 394 60.1745 0.985 0 0 0 291325 291325 3516 
865 394 1 9 394 60.1745 0.985 0 0 0 292098 292098 3522 
866 394 1 9 394 60.1745 0.985 0 0 0 292996 292996 3528 
867 394 1 9 394 60.1745 0.985 0 0 0 293890 293890 3537 
868 394 1 9 394 60.1745 0.985 0 0 0 294661 294661 3542 
869 394 1 9 394 60.1745 0.985 0 0 0 295503 295503 3552 
870 394 1 9 394 58.1838 0.985 0 0 0 296366 296366 3572 
871 394 1 9 394 58.1838 0.985 0 0 0 297238 297238 3575 
872 394 1 9 394 58.1838 0.985 0 0 0 298082 298082 3578 
873 394 1 9 394 58.1838 0.985 0 0 0 298830 298830 3583 
874 394 1 9 394 58.1838 0.985 0 0 0 299729 299729 3587 
875 394 1 9 394 45.9402 0.985 0 0 0 300574 300574 3591 
876 394 1 9 394 45.9402 0.985 0 0 0 301438 301438 3593 
877 394 1 9 394 45.9402 0.985 0 0 0 302229 302229 3601 
878 394 1 9 394 45.9402 0.985 0 0 0 303237 303237 3607 
879 394 1 9 394 45.9402 0.985 0 0 0 304072 304072 3612 
880 394 1 9 394 45.9402 0.985 0 0 0 305036 305036 3614 
881 394 1 9 394 45.9402 0.985 0 0 0 305838 305838 3623 
882 394 1 9 394 45.9402 0.985 0 0 0 306745 306745 3635 
883 394 1 9 394 45.9402 0.985 0 0 0 307642 307642 3643 
884 394 1 9 394 45.9402 0.985 0 0 0 308476 308476 3649 
885 394 1 9 394 45.9402 0.985 0 0 0 309208 309208 3655 
886 394 1 9 394 45.9402 0.985 0 0 0 310068 310068 3656 
887 394 1 9 394 45.9402 0.985 0 0 0 311040 311040 3663 
888 394 1 9 394 45.9402 0.985 0 0 0 312020 312020 3668 
889 394 1 9 394 45.9402 0.985 0 0 0 313108 313108 3677 
890 394 1 9 394 45.9402 0.985 0 0 0 314098 314098 3679 
891 394 1 9 394 45.9402 0.985 0 0 0 314940 314940 3682 
892 394 1 9 394 45.9402 0.985 0 0 0 315932 315932 3688 
893 394 1 9 394 45.9402 0.985 0 0 0 316908 316908 3692 
894 394 1 9 394 45.9402 0.985 0 0 0 317911 317911 3704 
895 394 1 9 394 45.9402 0.985 0 0 0 319092 319092 3705 
896 394 1 9 394 45.9402 0.985 0 0 0 319827 319827 3710 
897 394 1 9 394 45.9402 0.985 0 0 0 320569 320569 3715 
898 394 1 9 394 45.9402 0.985 0 0 0 321240 321240 3717 
899 394 1 9 394 45.9402 0.985 0 0 0 321823 321823 3725 
900 394 1 9 394 45.9402 0.985 0 0 0 322451 322451 3733 
901 394 1 9 394 45.9402 0.985 0 0 0 323150 323150 3735 
902 394 1 9 394 45.9402 0.985 0 0 0 323853 323853 3738 
903 394 1 9 394 45.9402 0.985 0 0 0 324629 324629 3744 
904 394 1 9 394 45.9402 0.985 0 0 0 325298 325298 3747 
905 394 1 9 394 45.9402 0.985 0 0 0 326054 326054 3750 
906 394 1 9 394 45.9402 0.985 0 0 0 326731 326731 3752 
907 394 1 9 394 45.9402 0.985 0 0 0 327345 327345 3754 
908 394 1 9 394 45.9402 0.985 0 0 0 327983 327983 3762 
909 394 1 9 394 45.9402 0.985 0 0 0 328683 328683 3770 
910 394 1 9 394 45.9402 0.985 0 0 0 329324 329324 3774 
911 394 1 9 394 45.9402 0.985 0 0 0 330444 330444 3783 
912 395 1 9 395 51.3305 0.9875 0 0 0 331888 331888 3792 
913 395 1 9 395 51.3305 0.9875 0 0 0 333402 333402 3809 
914 395 1 9 395 51.3305 0.9875 0 0 0 334907 334907 3817 
915 395 1 9 395 51.3305 0.9875 0 0 0 336572 336572 3822 
916 395 1 9 395 51.3305 0.9875 0 0 0 337932 337932 3844 
917 395 1 9 395 46.7395 0.9875 0 0 0 339303 339303 3849 
918 395 1 9 395 46.7395 0.9875 0 0 0 340832 340832 3863 
919 395 1 9 395 46.7395 0.9875 0 0 0 342709 342709 3878 
920 395 1 9 395 46.7395 0.9875 0 0 0 344444 344444 3885 
921 395 1 9 395 46.7395 0.9875 0 0 0 345841 345841 3897 
922 395 1 9 395 46.7395 0.9875 0 0 0 347502 347502 3904 
923 395 1 9 395 46.1442 0.9875 0 0 0 349725 349725 3908 
924 395 1 9 395 46.1442 0.9875 0 0 0 351043 351043 3921 
925 395 1 9 395 45.8853 0.9875 0 0 0 352478 352478 3931 
926 395 1 9 395 45.8853 0.9875 0 0 0 353772 353772 3936 
927 395 1 9 395 45.8853 0.9875 0 0 0 355930 355930 3941 
928 395 1 9 395 45.8853 0.9875 0 0 0 357431 357431 3944 
929 395 1 9 395 45.8853 0.9875 0 0 0 359117 359117 3948 
930 395 1 9 395 45.8853 0.9875 0 0 0 360517 360517 3956 
931 395 1 9 395 45.8853 0.9875 0 0 0 362004 362004 3965 
932 395 1 9 395 45.8853 0.9875 0 0 0 363484 363484 3976 
933 395 1 9 395 45.8853 0.9875 0 0 0 364146 364146 3989 
934 395 1 9 395 45.8853 0.9875 0 0 0 364813 364813 3992 
935 395 1 9 395 45.8853 0.9875 0 0 0 365479 365479 3993 
936 395 1 9 395 45.8853 0.9875 0 0 0 366176 366176 3996 
937 395 1 9 395 45.8853 0.9875 0 0 0 366926 366926 4002 
938 395 1 9 395 45.8853 0.9875 0 0 0 367564 367564 4005 
939 395 1 9 395 45.8853 0.9875 0 0 0 368121 368121 4010 
940 395 1 9 395 45.8853 0.9875 0 0 0 369477 369477 4020 
941 395 1 9 395 45.8853 0.9875 0 0 0 370184 370184 4022 
942 395 1 9 395 45.8853 0.9875 0 0 0 370967 370967 4028 
943 395 1 9 395 45.8853 0.9875 0 0 0 371657 371657 4037 
944 395 1 9 395 45.8853 0.9875 0 0 0 372500 372500 4046 
945 395 1 9 395 45.8853 0.9875 0 0 0 373431 373431 4049 
946 395 1 9 395 45.8853 0.9875 0 0 0 374283 374283 4052 
947 395 1 9 395 45.8853 0.9875 0 0 0 375208 375208 4053 
948 395 1 9 395 45.8853 0.9875 0 0 0 376103 376103 4054 
949 395 1 9 395 45.8853 0.9875 0 0 0 376919 376919 4055 
950 395 1 9 395 45.8853 0.9875 0 0 0 377691 377691 4060 
951 395 1 9 395 45.8853 0.9875 0 0 0 378545 378545 4064 
952 395 1 9 395 45.8853 0.9875 0 0 0 379433 379433 4065 
953 395 1 9 395 45.8853 0.9875 0 0 0 380315 380315 4068 
954 395 1 9 395 45.8853 0.9875 0 0 0 381124 381124 4073 
955 395 1 9 395 45.8853 0.9875 0 0 0 381954 381954 4074 
956 395 1 9 395 45.8853 0.9875 0 0 0 382881 382881 4075 
957 395 1 9 395 45.8853 0.9875 0 0 0 383769 383769 4084 
958 395 1 9 395 45.8853 0.9875 0 0 0 384592 384592 4085 
959 395 1 9 395 45.8853 0.9875 0 0 0 385518 385518 4090 
960 395 1 9 395 45.8853 0.9875 0 0 0 386387 386387 4092 
961 395 1 9 395 45.8853 0.9875 0 0 0 387338 387338 4093 
962 395 1 9 395 45.8853 0.9875 0 0 0 388858 388858 4107 
963 395 1 9 395 45.8853 0.9875 0 0 0 389812 389812 4108 
964 395 1 9 395 45.8853 0.9875 0 0 0 390548 390548 4109 
965 395 1 9 395 45.8853 0.9875 0 0 0 391304 391304 4112 
966 395 1 9 395 45.8853 0.9875 0 0 0 392071 392071 4114 
967 395 1 9 395 45.8853 0.9875 0 0 0 392588 392588 4124 
968 395 1 9 395 45.8853 0.9875 0 0 0 393557 393557 4125 
969 395 1 9 395 45.8853 0.9875 0 0 0 394378 394378 4129 
970 395 1 9 395 45.8853 0.9875 0 0 0 395243 395243 4134 
971 395 1 9 395 45.8853 0.9875 0 0 0 396027 396027 4138 
972 395 1 9 395 45.8853 0.9875 0 0 0 396889 396889 4139 
973 395 1 9 395 45.8853 0.9875 0 0 0 397803 397803 4141 
974 395 1 9 395 45.8853 0.9875 0 0 0 398679 398679 4142 
975 395 1 9 395 45.8853 0.9875 0 0 0 399540 399540 4144 
976 395 1 9 395 45.8853 0.9875 0 0 0 400400 400400 4147 
977 395 1 9 395 45.8853 0.9875 0 0 0 401262 401262 4150 
978 395 1 9 395 45.8853 0.9875 0 0 0 401848 401848 4166 
979 395 1 9 395 45.8853 0.9875 0 0 0 402719 402719 4167 
980 395 1 9 395 45.8853 0.9875 0 0 0 403286 403286 4171 
981 395 1 9 395 45.8853 0.9875 0 0 0 403786 403786 4172 
982 395 1 9 395 45.8853 0.9875 0 0 0 404275 404275 4174 
983 395 1 9 395 45.8853 0.9875 0 0 0 404907 404907 4176 
984 395 1 9 395 45.8853 0.9875 0 0 0 405614 405614 4189 
985 395 1 9 395 45.8853 0.9875 0 0 0 406523 406523 4202 
986 395 1 9 395 45.8853 0.9875 0 0 0 407499 407499 4210 
987 395 1 9 395 45.8853 0.9875 0 0 0 408395 408395 4220 
988 395 1 9 395 45.8853 0.9875 0 0 0 409385 409385 4230 
989 395 1 9 395 45.8853 0.9875 0 0 0 410198 410198 4245 
990 395 1 9 395 45.8853 0.9875 0 0 0 410966 410966 4255 
991 395 1 9 395 45.8853 0.9875 0 0 0 412686 412686 4258 
992 395 1 9 395 44.8507 0.9875 0 0 0 414587 414587 4264 
993 395 1 9 395 44.8507 0.9875 0 0 0 415084 415084 4268 
994 395 1 9 395 44.8507 0.9875 0 0 0 415992 415992 4280 
995 395 1 9 395 44.8507 0.9875 0 0 0 416492 416492 4285 
996 395 1 9 395 44.8507 0.9875 0 0 0 417242 417242 4287 
997 395 1 9 395 44.8507 0.9875 0 0 0 418617 418617 4302 
998 395 1 9 395 44.8507 0.9875 0 0 0 419486 419486 4320 
999 395 1 9 395 44.8507 0.9875 0 0 0 420609 420609 4329 
1000 395 1 9 395 44.8507 0.9875 0 0 0 421660 421660 4337 
1001 398 1 9 398 54.6845 0.995 0 0 0 422829 422829 4355 
1002 398 1 9 398 54.6845 0.995 0 0 0 423662 423662 4370 
1003 398 1 9 398 54.6845 0.995 0 0 0 424497 424497 4377 
1004 398 1 9 398 53.3411 0.995 0 0 0 425814 425814 4385 
1005 398 1 9 398 53.3411 0.995 0 0 0 426823 426823 4394 
1006 398 1 9 398 53.3411 0.995 0 0 0 427777 427777 4419 
1007 398 1 9 398 53.3411 0.995 0 0 0 428582 428582 4424 
1008 398 1 9 398 53.3411 0.995 0 0 0 429544 429544 4434 
1009 398 1 9 398 53.3411 0.995 0 0 0 430451 430451 4439 
1010 398 1 9 398 53.3411 0.995 0 0 0 431166 431166 4446 
1011 398 1 9 398 53.3411 0.995 0 0 0 432371 432371 4461 
