1 105 0.01 1.485 105 0 0.2625 0 0 0 0 0 0 
95 178 0.615104 0.577344 165 2.79434 0.4125 0 0 0 8 8 103 
144 231 0.764783 0.352825 213 3.53637 0.5325 0 0 0 29 29 161 
184 253 0.842647 0.23603 232 5.28004 0.58 0 0 0 116 116 214 
210 266 0.878831 0.181753 234 5.26082 0.585 0 0 0 325 325 247 
211 266 0.880043 0.179936 239 5.32875 0.5975 0 0 0 542 542 253 
228 266 0.898883 0.151676 240 5.50009 0.6 0 0 0 1066 1066 276 
230 277 0.900895 0.148657 250 5.532 0.625 0 0 0 1486 1486 286 
232 277 0.902867 0.145699 254 5.56136 0.635 0 0 0 1923 1923 292 
245 283 0.914764 0.127854 261 5.66566 0.6525 0 0 0 2799 2799 307 
251 284 0.919752 0.120372 262 5.66663 0.655 0 0 0 3468 3468 319 
255 284 0.922914 0.115629 263 5.9642 0.6575 0 0 0 4706 4706 332 
260 284 0.926692 0.109962 265 5.92171 0.6625 0 0 0 6767 6767 341 
270 284 0.933702 0.0994475 266 6.00503 0.665 0 0 0 10240 10240 354 
275 284 0.936951 0.0945736 268 6.14094 0.67 0 0 0 14401 14401 365 
280 287 0.940041 0.0899386 273 6.23913 0.6825 0 0 0 20277 20277 378 
281 295 0.940641 0.0890392 278 5.93326 0.695 0 0 0 25492 25492 384 
284 295 0.942404 0.0863946 279 5.68968 0.6975 0 0 0 30254 30254 391 
288 298 0.944673 0.0829903 284 6.13556 0.71 0 0 0 41339 41339 402 
292 300 0.946853 0.0797202 286 5.62739 0.715 0 0 0 50663 50663 409 
298 304 0.949963 0.075055 293 7.44498 0.7325 0 0 0 88933 88933 418 
322 305 0.960687 0.058969 294 6.82744 0.735 0 0 0 177580 177580 449 
331 305 0.964087 0.0538692 295 6.84699 0.7375 0 0 0 301982 301982 464 
341 305 0.967521 0.0487184 296 7.63666 0.74 0 0 0 562552 562552 485 
348 306 0.969728 0.0454087 297 7.72502 0.7425 0 0 0 1002645 1002645 507 
351 306 0.970627 0.04406 298 7.50762 0.745 0 0 0 1527239 1527239 514 
