1 105 1 2 105 0 0.2625 0 0 0 0 0 0 
2 108 1 2 108 0.1 0.27 0 0 0 0 0 1 
3 110 1 2 110 0.195919 0.275 0 0 0 0 0 3 
4 112 1 2 112 0.295919 0.28 0 0 0 0 0 4 
5 114 1 2 114 0.395919 0.285 0 0 0 0 0 5 
6 115 1 2 115 0.488365 0.2875 0 0 0 0 0 7 
7 115 1 2 115 0.488365 0.2875 0 0 0 0 0 8 
8 122 1 2 122 0.62186 0.305 0 0 0 0 0 10 
9 122 1 2 122 0.62186 0.305 0 0 0 0 0 11 
10 122 1 2 122 0.62186 0.305 0 0 0 0 0 12 
11 131 1 2 131 0.72186 0.3275 0 0 0 0 0 13 
12 131 1 2 131 0.72186 0.3275 0 0 0 0 0 14 
13 132 1 2 132 1.03084 0.33 0 0 0 0 0 16 
14 133 1 2 133 1.15732 0.3325 0 0 0 0 0 19 
15 141 1 2 141 1.25557 0.3525 0 0 0 0 0 22 
16 141 1 2 141 1.25557 0.3525 0 0 0 0 0 23 
17 142 1 2 142 1.40416 0.355 0 0 0 0 0 25 
18 143 1 2 143 1.50416 0.3575 0 0 0 0 0 26 
19 145 1 2 145 1.65811 0.3625 0 0 0 0 0 28 
20 145 1 2 145 1.65811 0.3625 0 0 0 0 0 29 
21 145 1 2 145 1.65811 0.3625 0 0 0 0 0 30 
22 145 1 2 145 1.65811 0.3625 0 0 0 1 1 31 
23 146 1 2 146 1.7409 0.365 0 0 0 2 2 33 
24 146 1 2 146 1.7409 0.365 0 0 0 2 2 34 
25 147 1 2 147 2.02836 0.3675 0 0 0 3 3 36 
26 148 1 2 148 2.08592 0.37 0 0 0 3 3 38 
27 148 1 2 148 2.08592 0.37 0 0 0 4 4 42 
28 148 1 2 148 2.08592 0.37 0 0 0 5 5 43 
29 148 1 2 148 2.08592 0.37 0 0 0 6 6 44 
30 150 1 2 150 2.51612 0.375 0 0 0 7 7 46 
31 150 1 2 150 2.51612 0.375 0 0 0 9 9 47 
32 150 1 2 150 2.51612 0.375 0 0 0 10 10 48 
33 150 1 2 150 2.51612 0.375 0 0 0 12 12 49 
34 150 1 2 150 2.51612 0.375 0 0 0 13 13 50 
35 150 1 2 150 2.51612 0.375 0 0 0 14 14 51 
36 150 1 2 150 2.51612 0.375 0 0 0 15 15 52 
37 150 1 2 150 2.51612 0.375 0 0 0 16 16 53 
38 150 1 2 150 2.51612 0.375 0 0 0 17 17 54 
39 150 1 2 150 2.51612 0.375 0 0 0 18 18 55 
40 150 1 2 150 2.51612 0.375 0 0 0 20 20 56 
41 150 1 2 150 2.51612 0.375 0 0 0 21 21 57 
42 150 1 2 150 2.51612 0.375 0 0 0 22 22 58 
43 151 1 2 151 3.0701 0.3775 0 0 0 24 24 60 
44 152 1 2 152 3.12806 0.38 0 0 0 26 26 62 
45 152 1 2 152 3.12806 0.38 0 0 0 28 28 63 
46 152 1 2 152 3.12806 0.38 0 0 0 29 29 64 
47 152 1 2 152 3.12806 0.38 0 0 0 30 30 65 
48 152 1 2 152 3.12806 0.38 0 0 0 32 32 66 
49 152 1 2 152 3.12806 0.38 0 0 0 34 34 67 
50 152 1 2 152 3.12806 0.38 0 0 0 36 36 68 
51 152 1 2 152 3.12806 0.38 0 0 0 38 38 69 
52 152 1 2 152 3.12806 0.38 0 0 0 40 40 70 
53 152 1 2 152 3.12806 0.38 0 0 0 42 42 71 
54 152 1 2 152 3.12806 0.38 0 0 0 44 44 72 
55 159 1 2 159 3.53263 0.3975 0 0 0 46 46 74 
56 159 1 2 159 3.53263 0.3975 0 0 0 48 48 75 
57 165 1 2 165 3.88679 0.4125 0 0 0 51 51 78 
58 165 1 2 165 3.88679 0.4125 0 0 0 54 54 79 
59 165 1 2 165 3.88679 0.4125 0 0 0 56 56 80 
60 165 1 2 165 3.88679 0.4125 0 0 0 58 58 81 
61 165 1 2 165 3.88679 0.4125 0 0 0 61 61 82 
62 166 1 2 166 4.53395 0.415 0 0 0 64 64 85 
63 166 1 2 166 4.53395 0.415 0 0 0 66 66 86 
64 166 1 2 166 4.53395 0.415 0 0 0 70 70 87 
65 166 1 2 166 4.53395 0.415 0 0 0 72 72 88 
66 166 1 2 166 4.53395 0.415 0 0 0 76 76 89 
67 166 1 2 166 4.53395 0.415 0 0 0 79 79 90 
68 166 1 2 166 4.53395 0.415 0 0 0 82 82 91 
69 166 1 2 166 4.53395 0.415 0 0 0 85 85 92 
70 166 1 2 166 4.53395 0.415 0 0 0 89 89 95 
71 166 1 2 166 4.53395 0.415 0 0 0 92 92 96 
72 166 1 2 166 4.53395 0.415 0 0 0 94 94 97 
73 166 1 2 166 4.53395 0.415 0 0 0 96 96 98 
74 166 1 2 166 4.53395 0.415 0 0 0 100 100 99 
75 166 1 2 166 4.53395 0.415 0 0 0 103 103 100 
76 166 1 2 166 4.53395 0.415 0 0 0 105 105 101 
77 166 1 2 166 4.53395 0.415 0 0 0 108 108 102 
78 166 1 2 166 4.53395 0.415 0 0 0 111 111 103 
79 166 1 2 166 4.53395 0.415 0 0 0 114 114 104 
80 166 1 2 166 4.53395 0.415 0 0 0 117 117 105 
81 166 1 2 166 4.53395 0.415 0 0 0 120 120 106 
82 166 1 2 166 4.53395 0.415 0 0 0 123 123 107 
83 166 1 2 166 4.53395 0.415 0 0 0 126 126 108 
84 166 1 2 166 4.53395 0.415 0 0 0 129 129 109 
85 166 1 2 166 4.53395 0.415 0 0 0 132 132 110 
86 166 1 2 166 4.53395 0.415 0 0 0 135 135 111 
87 166 1 2 166 4.53395 0.415 0 0 0 139 139 112 
88 166 1 2 166 4.53395 0.415 0 0 0 142 142 115 
89 166 1 2 166 4.53395 0.415 0 0 0 145 145 116 
90 166 1 2 166 4.53395 0.415 0 0 0 148 148 117 
91 166 1 2 166 4.53395 0.415 0 0 0 152 152 118 
92 166 1 2 166 4.53395 0.415 0 0 0 155 155 119 
93 166 1 2 166 4.53395 0.415 0 0 0 158 158 120 
94 166 1 2 166 4.53395 0.415 0 0 0 161 161 121 
95 178 1 2 178 4.93511 0.445 0 0 0 165 165 125 
96 181 1 2 181 5.89451 0.4525 0 0 0 170 170 128 
97 182 1 2 182 5.93257 0.455 0 0 0 175 175 130 
98 182 1 2 182 5.93257 0.455 0 0 0 181 181 131 
99 182 1 2 182 5.93257 0.455 0 0 0 187 187 132 
100 187 1 2 187 6.48121 0.4675 0 0 0 193 193 135 
101 187 1 2 187 6.48121 0.4675 0 0 0 198 198 136 
102 187 1 2 187 6.48121 0.4675 0 0 0 203 203 137 
103 187 1 2 187 6.48121 0.4675 0 0 0 209 209 138 
104 187 1 2 187 6.48121 0.4675 0 0 0 214 214 139 
105 187 1 2 187 6.48121 0.4675 0 0 0 220 220 140 
106 187 1 2 187 6.48121 0.4675 0 0 0 225 225 141 
107 187 1 2 187 6.48121 0.4675 0 0 0 230 230 142 
108 187 1 2 187 6.48121 0.4675 0 0 0 236 236 143 
109 187 1 2 187 6.48121 0.4675 0 0 0 242 242 144 
110 187 1 2 187 6.48121 0.4675 0 0 0 248 248 145 
111 187 1 2 187 6.48121 0.4675 0 0 0 254 254 146 
112 187 1 2 187 6.48121 0.4675 0 0 0 259 259 147 
113 187 1 2 187 6.48121 0.4675 0 0 0 265 265 148 
114 187 1 2 187 6.48121 0.4675 0 0 0 270 270 149 
115 187 1 2 187 6.48121 0.4675 0 0 0 277 277 150 
116 187 1 2 187 6.48121 0.4675 0 0 0 283 283 151 
117 187 1 2 187 6.48121 0.4675 0 0 0 289 289 152 
118 187 1 2 187 6.48121 0.4675 0 0 0 295 295 153 
119 187 1 2 187 6.48121 0.4675 0 0 0 300 300 154 
120 193 1 2 193 6.1316 0.4825 0 0 0 307 307 159 
121 193 1 2 193 6.1316 0.4825 0 0 0 313 313 160 
122 193 1 2 193 6.1316 0.4825 0 0 0 320 320 161 
123 196 1 2 196 8.32165 0.49 0 0 0 329 329 165 
124 196 1 2 196 8.32165 0.49 0 0 0 339 339 166 
125 196 1 2 196 8.32165 0.49 0 0 0 349 349 167 
126 196 1 2 196 8.32165 0.49 0 0 0 359 359 168 
127 196 1 2 196 8.32165 0.49 0 0 0 374 374 174 
128 211 1 2 211 8.82821 0.5275 0 0 0 388 388 182 
129 211 1 2 211 8.73906 0.5275 0 0 0 404 404 183 
130 211 1 2 211 8.73906 0.5275 0 0 0 423 423 184 
131 211 1 2 211 8.73906 0.5275 0 0 0 443 443 185 
132 211 1 2 211 8.73906 0.5275 0 0 0 461 461 186 
133 211 1 2 211 8.73906 0.5275 0 0 0 479 479 187 
134 211 1 2 211 8.73906 0.5275 0 0 0 497 497 188 
135 211 1 2 211 8.73906 0.5275 0 0 0 515 515 189 
136 211 1 2 211 8.73906 0.5275 0 0 0 530 530 190 
137 211 1 2 211 8.73906 0.5275 0 0 0 546 546 191 
138 211 1 2 211 8.73906 0.5275 0 0 0 562 562 192 
139 211 1 2 211 8.73906 0.5275 0 0 0 579 579 193 
140 211 1 2 211 8.73906 0.5275 0 0 0 595 595 194 
141 211 1 2 211 8.73906 0.5275 0 0 0 611 611 195 
142 213 1 2 213 9.16406 0.5325 0 0 0 623 623 202 
143 213 1 2 213 9.16406 0.5325 0 0 0 634 634 203 
144 231 1 2 231 9.13967 0.5775 0 0 0 646 646 206 
145 232 1 2 232 9.1642 0.58 0 0 0 658 658 210 
146 232 1 2 232 9.1642 0.58 0 0 0 670 670 211 
147 232 1 2 232 9.1642 0.58 0 0 0 683 683 212 
148 232 1 2 232 9.1642 0.58 0 0 0 695 695 213 
149 232 1 2 232 9.1642 0.58 0 0 0 706 706 214 
150 232 1 2 232 9.1642 0.58 0 0 0 718 718 215 
151 232 1 2 232 9.1642 0.58 0 0 0 730 730 216 
152 232 1 2 232 9.1642 0.58 0 0 0 742 742 217 
153 232 1 2 232 9.1642 0.58 0 0 0 755 755 219 
154 233 1 2 233 9.99712 0.5825 0 0 0 772 772 224 
155 233 1 2 233 9.99712 0.5825 0 0 0 789 789 225 
156 233 1 2 233 9.99712 0.5825 0 0 0 806 806 226 
157 233 1 2 233 9.99712 0.5825 0 0 0 823 823 227 
158 233 1 2 233 9.99712 0.5825 0 0 0 839 839 228 
159 233 1 2 233 9.99712 0.5825 0 0 0 856 856 229 
160 233 1 2 233 9.99712 0.5825 0 0 0 873 873 230 
161 233 1 2 233 9.99712 0.5825 0 0 0 890 890 231 
162 233 1 2 233 9.99712 0.5825 0 0 0 907 907 232 
163 233 1 2 233 9.99712 0.5825 0 0 0 924 924 233 
164 233 1 2 233 9.99712 0.5825 0 0 0 943 943 234 
165 233 1 2 233 9.99712 0.5825 0 0 0 959 959 235 
166 233 1 2 233 9.99712 0.5825 0 0 0 978 978 236 
167 233 1 2 233 9.99712 0.5825 0 0 0 997 997 237 
168 233 1 2 233 9.99712 0.5825 0 0 0 1015 1015 238 
169 233 1 2 233 9.99712 0.5825 0 0 0 1033 1033 239 
170 233 1 2 233 9.99712 0.5825 0 0 0 1050 1050 240 
171 236 1 2 236 12.5658 0.59 0 0 0 1104 1104 247 
172 236 1 2 236 12.5152 0.59 0 0 0 1157 1157 248 
173 237 1 2 237 10.161 0.5925 0 0 0 1175 1175 253 
174 237 1 2 237 9.89403 0.5925 0 0 0 1192 1192 256 
175 237 1 2 237 9.89403 0.5925 0 0 0 1209 1209 257 
176 237 1 2 237 9.89403 0.5925 0 0 0 1226 1226 258 
177 237 1 2 237 9.89403 0.5925 0 0 0 1243 1243 259 
178 237 1 2 237 9.89403 0.5925 0 0 0 1261 1261 260 
179 237 1 2 237 7.42071 0.5925 0 0 0 1271 1271 262 
180 243 1 2 243 10.5644 0.6075 0 0 0 1312 1312 268 
181 245 1 2 245 9.32872 0.6125 0 0 0 1336 1336 273 
182 245 1 2 245 9.32872 0.6125 0 0 0 1357 1357 282 
183 253 1 2 253 10.601 0.6325 0 0 0 1384 1384 290 
184 253 1 2 253 10.5985 0.6325 0 0 0 1409 1409 292 
185 253 1 2 253 10.5967 0.6325 0 0 0 1437 1437 296 
186 253 1 2 253 10.5967 0.6325 0 0 0 1465 1465 297 
187 253 1 2 253 10.5909 0.6325 0 0 0 1496 1496 299 
188 253 1 2 253 10.5909 0.6325 0 0 0 1521 1521 300 
189 253 1 2 253 10.5831 0.6325 0 0 0 1547 1547 302 
190 253 1 2 253 10.5621 0.6325 0 0 0 1572 1572 303 
191 253 1 2 253 10.5621 0.6325 0 0 0 1601 1601 306 
192 253 1 2 253 10.5621 0.6325 0 0 0 1629 1629 307 
193 253 1 2 253 10.5621 0.6325 0 0 0 1659 1659 308 
194 253 1 2 253 10.5621 0.6325 0 0 0 1685 1685 309 
195 253 1 2 253 10.5621 0.6325 0 0 0 1711 1711 310 
196 259 1 2 259 10.7553 0.6475 0 0 0 1738 1738 313 
197 259 1 2 259 10.7553 0.6475 0 0 0 1767 1767 314 
198 259 1 2 259 10.7553 0.6475 0 0 0 1795 1795 315 
199 259 1 2 259 10.7553 0.6475 0 0 0 1824 1824 316 
200 259 1 2 259 10.7553 0.6475 0 0 0 1854 1854 317 
201 259 1 2 259 10.7553 0.6475 0 0 0 1884 1884 318 
202 259 1 2 259 10.7553 0.6475 0 0 0 1916 1916 319 
203 259 1 2 259 10.7465 0.6475 0 0 0 1954 1954 320 
204 259 1 2 259 10.7465 0.6475 0 0 0 1986 1986 321 
205 259 1 2 259 10.7465 0.6475 0 0 0 2018 2018 322 
206 260 1 2 260 10.8801 0.65 0 0 0 2051 2051 325 
207 260 1 2 260 10.8801 0.65 0 0 0 2084 2084 326 
208 260 1 2 260 10.8801 0.65 0 0 0 2116 2116 327 
209 260 1 2 260 10.8801 0.65 0 0 0 2148 2148 328 
210 266 1 2 266 10.8616 0.665 0 0 0 2182 2182 335 
211 266 1 2 266 10.8616 0.665 0 0 0 2212 2212 337 
212 266 1 2 266 10.8616 0.665 0 0 0 2249 2249 338 
213 266 1 2 266 10.8616 0.665 0 0 0 2281 2281 339 
214 266 1 2 266 10.8616 0.665 0 0 0 2311 2311 340 
215 266 1 2 266 10.8616 0.665 0 0 0 2344 2344 341 
216 266 1 2 266 10.8616 0.665 0 0 0 2377 2377 343 
217 266 1 2 266 10.8616 0.665 0 0 0 2412 2412 344 
218 266 1 2 266 10.8616 0.665 0 0 0 2449 2449 345 
219 266 1 2 266 10.8616 0.665 0 0 0 2482 2482 346 
220 266 1 2 266 10.8616 0.665 0 0 0 2517 2517 347 
221 266 1 2 266 10.8304 0.665 0 0 0 2553 2553 351 
222 266 1 2 266 10.8304 0.665 0 0 0 2588 2588 352 
223 266 1 2 266 10.8304 0.665 0 0 0 2621 2621 355 
224 266 1 2 266 10.8304 0.665 0 0 0 2653 2653 357 
225 266 1 2 266 10.8304 0.665 0 0 0 2687 2687 358 
226 266 1 2 266 10.8304 0.665 0 0 0 2721 2721 359 
227 266 1 2 266 10.8304 0.665 0 0 0 2756 2756 360 
228 266 1 2 266 10.8304 0.665 0 0 0 2789 2789 361 
229 266 1 2 266 10.8304 0.665 0 0 0 2827 2827 364 
230 277 1 2 277 11.0351 0.6925 0 0 0 2866 2866 367 
231 277 1 2 277 10.9918 0.6925 0 0 0 2907 2907 368 
232 277 1 2 277 10.9843 0.6925 0 0 0 2947 2947 369 
233 277 1 2 277 10.9843 0.6925 0 0 0 2982 2982 370 
234 277 1 2 277 10.8009 0.6925 0 0 0 3018 3018 371 
235 277 1 2 277 10.8009 0.6925 0 0 0 3057 3057 372 
236 277 1 2 277 10.8009 0.6925 0 0 0 3096 3096 373 
237 277 1 2 277 10.8009 0.6925 0 0 0 3136 3136 374 
238 277 1 2 277 9.67288 0.6925 0 0 0 3176 3176 377 
239 277 1 2 277 9.67288 0.6925 0 0 0 3214 3214 379 
240 277 1 2 277 9.67288 0.6925 0 0 0 3255 3255 380 
241 277 1 2 277 9.67288 0.6925 0 0 0 3293 3293 381 
242 277 1 2 277 9.67288 0.6925 0 0 0 3333 3333 384 
243 277 1 2 277 9.67288 0.6925 0 0 0 3372 3372 385 
244 277 1 2 277 9.67288 0.6925 0 0 0 3412 3412 386 
245 283 1 2 283 11.111 0.7075 0 0 0 3458 3458 388 
246 283 1 2 283 10.863 0.7075 0 0 0 3501 3501 389 
247 283 1 2 283 10.863 0.7075 0 0 0 3543 3543 390 
248 283 1 2 283 10.863 0.7075 0 0 0 3585 3585 391 
249 283 1 2 283 10.863 0.7075 0 0 0 3626 3626 392 
250 283 1 2 283 10.863 0.7075 0 0 0 3665 3665 393 
251 284 1 2 284 14.5895 0.71 0 0 0 3711 3711 397 
252 284 1 2 284 14.5895 0.71 0 0 0 3762 3762 400 
253 284 1 2 284 14.5895 0.71 0 0 0 3809 3809 407 
254 284 1 2 284 14.5895 0.71 0 0 0 3867 3867 412 
255 284 1 2 284 14.5895 0.71 0 0 0 3919 3919 417 
256 284 1 2 284 14.5895 0.71 0 0 0 3969 3969 420 
257 284 1 2 284 14.5895 0.71 0 0 0 4023 4023 423 
258 284 1 2 284 14.5895 0.71 0 0 0 4069 4069 425 
259 284 1 2 284 14.5895 0.71 0 0 0 4116 4116 428 
260 284 1 2 284 14.5895 0.71 0 0 0 4164 4164 431 
261 284 1 2 284 14.5741 0.71 0 0 0 4206 4206 433 
262 284 1 2 284 14.5741 0.71 0 0 0 4257 4257 436 
263 284 1 2 284 14.5741 0.71 0 0 0 4312 4312 441 
264 284 1 2 284 14.5741 0.71 0 0 0 4368 4368 445 
265 284 1 2 284 14.5741 0.71 0 0 0 4416 4416 448 
266 284 1 2 284 14.5741 0.71 0 0 0 4470 4470 449 
267 284 1 2 284 14.5741 0.71 0 0 0 4518 4518 452 
268 284 1 2 284 14.5741 0.71 0 0 0 4571 4571 456 
269 284 1 2 284 14.5741 0.71 0 0 0 4621 4621 458 
270 284 1 2 284 14.5741 0.71 0 0 0 4685 4685 460 
271 284 1 2 284 14.5741 0.71 0 0 0 4732 4732 465 
272 284 1 2 284 14.5741 0.71 0 0 0 4799 4799 467 
273 284 1 2 284 14.5741 0.71 0 0 0 4845 4845 470 
274 284 1 2 284 14.5641 0.71 0 0 0 4889 4889 474 
275 284 1 2 284 14.5641 0.71 0 0 0 4939 4939 478 
276 284 1 2 284 14.5641 0.71 0 0 0 4993 4993 480 
277 284 1 2 284 14.5641 0.71 0 0 0 5039 5039 481 
278 284 1 2 284 14.5641 0.71 0 0 0 5088 5088 482 
279 284 1 2 284 14.5641 0.71 0 0 0 5138 5138 483 
280 287 1 2 287 17.4607 0.7175 0 0 0 5204 5204 492 
281 295 1 2 295 14.9014 0.7375 0 0 0 5253 5253 498 
282 295 1 2 295 14.8891 0.7375 0 0 0 5302 5302 502 
283 295 1 2 295 14.8891 0.7375 0 0 0 5356 5356 507 
284 295 1 2 295 14.8891 0.7375 0 0 0 5414 5414 510 
285 295 1 2 295 14.8891 0.7375 0 0 0 5471 5471 515 
286 295 1 2 295 14.8891 0.7375 0 0 0 5517 5517 519 
287 295 1 2 295 14.7954 0.7375 0 0 0 5571 5571 521 
288 298 1 2 298 15.3948 0.745 0 0 0 5643 5643 527 
289 298 1 2 298 15.3933 0.745 0 0 0 5710 5710 532 
290 300 1 2 300 15.4002 0.75 0 0 0 5769 5769 536 
291 300 1 2 300 15.4002 0.75 0 0 0 5837 5837 539 
292 300 1 2 300 15.4002 0.75 0 0 0 5897 5897 541 
293 300 1 2 300 15.4002 0.75 0 0 0 5962 5962 542 
294 300 1 2 300 15.4002 0.75 0 0 0 6031 6031 545 
295 300 1 2 300 15.4002 0.75 0 0 0 6094 6094 547 
296 300 1 2 300 15.4002 0.75 0 0 0 6155 6155 548 
297 300 1 2 300 15.4002 0.75 0 0 0 6215 6215 549 
298 304 1 2 304 18.9258 0.76 0 0 0 6301 6301 556 
299 304 1 2 304 18.9258 0.76 0 0 0 6384 6384 566 
300 304 1 2 304 18.9258 0.76 0 0 0 6465 6465 571 
301 304 1 2 304 18.9258 0.76 0 0 0 6547 6547 579 
302 304 1 2 304 18.7619 0.76 0 0 0 6617 6617 580 
303 304 1 2 304 18.7619 0.76 0 0 0 6713 6713 585 
304 304 1 2 304 18.409 0.76 0 0 0 6798 6798 589 
305 304 1 2 304 18.409 0.76 0 0 0 6874 6874 596 
306 304 1 2 304 18.409 0.76 0 0 0 6950 6950 597 
307 304 1 2 304 18.409 0.76 0 0 0 7028 7028 599 
308 304 1 2 304 18.409 0.76 0 0 0 7135 7135 604 
309 304 1 2 304 18.409 0.76 0 0 0 7236 7236 606 
310 304 1 2 304 18.409 0.76 0 0 0 7325 7325 609 
311 304 1 2 304 18.409 0.76 0 0 0 7430 7430 612 
312 304 1 2 304 18.409 0.76 0 0 0 7528 7528 616 
313 304 1 2 304 18.409 0.76 0 0 0 7629 7629 620 
314 304 1 2 304 18.409 0.76 0 0 0 7726 7726 622 
315 305 1 2 305 19.478 0.7625 0 0 0 7827 7827 626 
316 305 1 2 305 19.3072 0.7625 0 0 0 7940 7940 631 
317 305 1 2 305 19.2519 0.7625 0 0 0 8052 8052 636 
318 305 1 2 305 19.2519 0.7625 0 0 0 8162 8162 640 
319 305 1 2 305 19.2519 0.7625 0 0 0 8268 8268 642 
320 305 1 2 305 19.2519 0.7625 0 0 0 8356 8356 646 
321 305 1 2 305 19.2519 0.7625 0 0 0 8462 8462 649 
322 305 1 2 305 19.2519 0.7625 0 0 0 8587 8587 651 
323 305 1 2 305 19.2519 0.7625 0 0 0 8696 8696 652 
324 305 1 2 305 19.2519 0.7625 0 0 0 8777 8777 653 
325 305 1 2 305 19.2519 0.7625 0 0 0 8889 8889 656 
326 305 1 2 305 19.2519 0.7625 0 0 0 8973 8973 660 
327 305 1 2 305 19.2519 0.7625 0 0 0 9084 9084 661 
328 305 1 2 305 19.2519 0.7625 0 0 0 9187 9187 662 
329 305 1 2 305 19.2519 0.7625 0 0 0 9305 9305 667 
330 305 1 2 305 19.2519 0.7625 0 0 0 9418 9418 670 
331 305 1 2 305 19.2519 0.7625 0 0 0 9533 9533 672 
332 305 1 2 305 19.1987 0.7625 0 0 0 9661 9661 677 
333 305 1 2 305 19.1987 0.7625 0 0 0 9756 9756 680 
334 305 1 2 305 19.1987 0.7625 0 0 0 9853 9853 683 
335 305 1 2 305 19.1987 0.7625 0 0 0 9961 9961 694 
336 305 1 2 305 19.1987 0.7625 0 0 0 10078 10078 702 
337 305 1 2 305 19.1987 0.7625 0 0 0 10199 10199 709 
338 305 1 2 305 19.1987 0.7625 0 0 0 10317 10317 712 
339 305 1 2 305 19.1987 0.7625 0 0 0 10424 10424 713 
340 305 1 2 305 19.1987 0.7625 0 0 0 10515 10515 717 
341 305 1 2 305 19.1987 0.7625 0 0 0 10615 10615 718 
342 305 1 2 305 19.1987 0.7625 0 0 0 10745 10745 719 
343 305 1 2 305 19.1987 0.7625 0 0 0 10833 10833 722 
344 305 1 2 305 19.1734 0.7625 0 0 0 10922 10922 726 
345 305 1 2 305 19.1734 0.7625 0 0 0 11028 11028 727 
346 305 1 2 305 19.1734 0.7625 0 0 0 11118 11118 730 
347 305 1 2 305 19.1734 0.7625 0 0 0 11237 11237 733 
348 306 1 2 306 19.3681 0.765 0 0 0 11353 11353 739 
349 306 1 2 306 19.3681 0.765 0 0 0 11457 11457 744 
350 306 1 2 306 19.3681 0.765 0 0 0 11551 11551 753 
351 306 1 2 306 19.3681 0.765 0 0 0 11653 11653 758 
352 306 1 2 306 19.3681 0.765 0 0 0 11795 11795 762 
353 306 1 2 306 19.3681 0.765 0 0 0 11905 11905 768 
354 306 1 2 306 19.3681 0.765 0 0 0 12021 12021 771 
355 306 1 2 306 19.3681 0.765 0 0 0 12121 12121 774 
356 306 1 2 306 19.3681 0.765 0 0 0 12228 12228 778 
357 306 1 2 306 19.3681 0.765 0 0 0 12333 12333 784 
358 312 1 2 312 24.721 0.78 0 0 0 12519 12519 793 
359 312 1 2 312 21.4654 0.78 0 0 0 12656 12656 807 
360 312 1 2 312 21.4071 0.78 0 0 0 12799 12799 815 
361 312 1 2 312 20.2806 0.78 0 0 0 12928 12928 826 
362 312 1 2 312 20.2806 0.78 0 0 0 13053 13053 838 
363 312 1 2 312 20.2806 0.78 0 0 0 13199 13199 846 
364 312 1 2 312 20.2806 0.78 0 0 0 13344 13344 849 
365 312 1 2 312 20.2806 0.78 0 0 0 13483 13483 856 
366 312 1 2 312 20.2806 0.78 0 0 0 13618 13618 857 
367 312 1 2 312 20.2806 0.78 0 0 0 13772 13772 859 
368 312 1 2 312 20.2806 0.78 0 0 0 13920 13920 860 
369 312 1 2 312 20.2806 0.78 0 0 0 14063 14063 873 
370 312 1 2 312 20.2806 0.78 0 0 0 14214 14214 882 
371 312 1 2 312 20.2806 0.78 0 0 0 14374 14374 898 
372 312 1 2 312 19.401 0.78 0 0 0 14502 14502 909 
373 312 1 2 312 19.401 0.78 0 0 0 14662 14662 914 
374 312 1 2 312 19.0877 0.78 0 0 0 14824 14824 921 
375 312 1 2 312 19.0877 0.78 0 0 0 14969 14969 926 
376 312 1 2 312 19.0877 0.78 0 0 0 15090 15090 931 
377 312 1 2 312 19.0877 0.78 0 0 0 15254 15254 943 
378 312 1 2 312 19.0877 0.78 0 0 0 15387 15387 950 
379 312 1 2 312 19.0877 0.78 0 0 0 15542 15542 952 
380 312 1 2 312 19.0877 0.78 0 0 0 15669 15669 956 
381 312 1 2 312 19.0877 0.78 0 0 0 15790 15790 960 
382 312 1 2 312 19.0877 0.78 0 0 0 15961 15961 962 
383 314 1 2 314 21.2831 0.785 0 0 0 16243 16243 973 
384 314 1 2 314 21.2831 0.785 0 0 0 16438 16438 981 
385 314 1 2 314 21.2831 0.785 0 0 0 16598 16598 987 
386 314 1 2 314 21.2831 0.785 0 0 0 16803 16803 996 
387 314 1 2 314 21.2831 0.785 0 0 0 16973 16973 1005 
388 314 1 2 314 21.1162 0.785 0 0 0 17103 17103 1009 
389 314 1 2 314 21.1162 0.785 0 0 0 17405 17405 1016 
390 314 1 2 314 21.1162 0.785 0 0 0 17600 17600 1023 
391 314 1 2 314 21.1162 0.785 0 0 0 17814 17814 1028 
392 314 1 2 314 21.1162 0.785 0 0 0 17962 17962 1031 
393 314 1 2 314 21.1162 0.785 0 0 0 18119 18119 1036 
394 314 1 2 314 21.1162 0.785 0 0 0 18252 18252 1037 
395 318 1 2 318 24.5429 0.795 0 0 0 18424 18424 1043 
396 321 1 2 321 23.8354 0.8025 0 0 0 18643 18643 1048 
397 322 1 2 322 22.0762 0.805 0 0 0 18802 18802 1055 
398 322 1 2 322 22.0762 0.805 0 0 0 18985 18985 1060 
399 322 1 2 322 22.0762 0.805 0 0 0 19166 19166 1064 
400 322 1 2 322 22.0762 0.805 0 0 0 19427 19427 1069 
401 322 1 2 322 22.0762 0.805 0 0 0 19773 19773 1074 
402 322 1 2 322 22.0762 0.805 0 0 0 20095 20095 1085 
403 322 1 2 322 22.0762 0.805 0 0 0 20478 20478 1090 
404 322 1 2 322 22.0762 0.805 0 0 0 20753 20753 1096 
405 322 1 2 322 21.7608 0.805 0 0 0 20936 20936 1102 
406 323 1 2 323 22.1952 0.8075 0 0 0 21113 21113 1107 
407 323 1 2 323 22.1952 0.8075 0 0 0 21390 21390 1116 
408 323 1 2 323 22.1952 0.8075 0 0 0 21580 21580 1117 
409 323 1 2 323 22.1952 0.8075 0 0 0 21820 21820 1124 
410 323 1 2 323 22.1952 0.8075 0 0 0 22011 22011 1127 
411 323 1 2 323 22.1613 0.8075 0 0 0 22186 22186 1130 
412 323 1 2 323 22.1613 0.8075 0 0 0 22470 22470 1136 
413 323 1 2 323 22.1613 0.8075 0 0 0 22629 22629 1142 
414 341 1 2 341 26.8134 0.8525 0 0 0 22899 22899 1152 
415 341 1 2 341 26.7128 0.8525 0 0 0 23146 23146 1157 
416 341 1 2 341 22.1974 0.8525 0 0 0 23308 23308 1161 
417 341 1 2 341 22.1974 0.8525 0 0 0 23570 23570 1165 
418 341 1 2 341 22.1974 0.8525 0 0 0 23817 23817 1169 
419 341 1 2 341 22.1974 0.8525 0 0 0 24014 24014 1174 
420 341 1 2 341 22.1974 0.8525 0 0 0 24193 24193 1176 
421 341 1 2 341 22.1974 0.8525 0 0 0 24474 24474 1183 
422 341 1 2 341 22.1974 0.8525 0 0 0 24734 24734 1186 
423 341 1 2 341 22.1974 0.8525 0 0 0 24922 24922 1189 
424 341 1 2 341 22.1974 0.8525 0 0 0 25180 25180 1195 
425 342 1 2 342 25.7262 0.855 0 0 0 25447 25447 1203 
426 342 1 2 342 25.7262 0.855 0 0 0 25701 25701 1209 
427 342 1 2 342 22.8164 0.855 0 0 0 25875 25875 1213 
428 342 1 2 342 22.8164 0.855 0 0 0 26056 26056 1220 
429 342 1 2 342 22.3138 0.855 0 0 0 26227 26227 1223 
430 342 1 2 342 22.3138 0.855 0 0 0 26434 26434 1226 
431 342 1 2 342 22.3138 0.855 0 0 0 26620 26620 1229 
432 353 1 2 353 22.343 0.8825 0 0 0 26843 26843 1234 
433 355 1 2 355 28.9786 0.8875 0 0 0 27188 27188 1242 
434 355 1 2 355 28.9786 0.8875 0 0 0 27543 27543 1251 
435 355 1 2 355 28.9786 0.8875 0 0 0 27866 27866 1260 
436 356 1 2 356 30.2094 0.89 0 0 0 28293 28293 1268 
437 356 1 2 356 25.7722 0.89 0 0 0 28771 28771 1279 
438 356 1 2 356 25.2832 0.89 0 0 0 29250 29250 1284 
439 356 1 2 356 25.1588 0.89 0 0 0 29736 29736 1290 
440 356 1 2 356 25.1588 0.89 0 0 0 30040 30040 1295 
441 356 1 2 356 25.1588 0.89 0 0 0 30389 30389 1299 
442 356 1 2 356 25.1588 0.89 0 0 0 30647 30647 1307 
443 356 1 2 356 24.1275 0.89 0 0 0 30960 30960 1310 
444 356 1 2 356 24.1275 0.89 0 0 0 31167 31167 1314 
445 357 1 2 357 24.5486 0.8925 0 0 0 31656 31656 1320 
446 358 1 2 358 25.4041 0.895 0 0 0 32233 32233 1327 
447 358 1 2 358 25.4041 0.895 0 0 0 32725 32725 1335 
448 358 1 2 358 25.4041 0.895 0 0 0 32957 32957 1340 
449 358 1 2 358 25.4041 0.895 0 0 0 33210 33210 1346 
450 358 1 2 358 25.4041 0.895 0 0 0 33451 33451 1353 
451 358 1 2 358 25.4041 0.895 0 0 0 34026 34026 1359 
452 358 1 2 358 25.4041 0.895 0 0 0 34288 34288 1361 
453 358 1 2 358 24.4876 0.895 0 0 0 34503 34503 1368 
454 358 1 2 358 24.4876 0.895 0 0 0 34919 34919 1383 
455 358 1 2 358 24.3591 0.895 0 0 0 35210 35210 1394 
456 358 1 2 358 24.3591 0.895 0 0 0 35470 35470 1409 
457 358 1 2 358 24.3591 0.895 0 0 0 35746 35746 1414 
458 358 1 2 358 24.3591 0.895 0 0 0 36106 36106 1423 
459 358 1 2 358 24.3591 0.895 0 0 0 36644 36644 1429 
460 358 1 2 358 23.4887 0.895 0 0 0 37037 37037 1432 
461 358 1 2 358 23.4887 0.895 0 0 0 37578 37578 1439 
462 358 1 2 358 23.4887 0.895 0 0 0 37986 37986 1446 
463 358 1 2 358 23.4887 0.895 0 0 0 38383 38383 1450 
464 358 1 2 358 23.4887 0.895 0 0 0 38809 38809 1456 
465 358 1 2 358 23.4887 0.895 0 0 0 39155 39155 1462 
466 358 1 2 358 23.4887 0.895 0 0 0 39921 39921 1476 
467 358 1 2 358 23.4887 0.895 0 0 0 40289 40289 1481 
468 358 1 2 358 23.4887 0.895 0 0 0 40716 40716 1489 
469 358 1 2 358 23.4887 0.895 0 0 0 41035 41035 1494 
470 358 1 2 358 23.4887 0.895 0 0 0 41435 41435 1503 
471 358 1 2 358 23.4887 0.895 0 0 0 42090 42090 1512 
472 358 1 2 358 23.4887 0.895 0 0 0 42628 42628 1523 
473 358 1 2 358 23.4887 0.895 0 0 0 42978 42978 1529 
474 358 1 2 358 23.4887 0.895 0 0 0 43799 43799 1540 
475 358 1 2 358 23.4887 0.895 0 0 0 44284 44284 1549 
476 359 1 2 359 25.1196 0.8975 0 0 0 44571 44571 1554 
477 359 1 2 359 25.1196 0.8975 0 0 0 45235 45235 1564 
478 359 1 2 359 23.635 0.8975 0 0 0 45507 45507 1568 
479 359 1 2 359 23.593 0.8975 0 0 0 45771 45771 1576 
480 359 1 2 359 23.0392 0.8975 0 0 0 46068 46068 1582 
481 359 1 2 359 23.0392 0.8975 0 0 0 46823 46823 1587 
482 359 1 2 359 21.4386 0.8975 0 0 0 47038 47038 1592 
483 359 1 2 359 21.4386 0.8975 0 0 0 47306 47306 1596 
484 359 1 2 359 21.4386 0.8975 0 0 0 47740 47740 1603 
485 362 1 2 362 25.0725 0.905 0 0 0 48118 48118 1612 
486 362 1 2 362 25.0725 0.905 0 0 0 48429 48429 1623 
487 362 1 2 362 25.0036 0.905 0 0 0 48745 48745 1629 
488 362 1 2 362 25.0036 0.905 0 0 0 49117 49117 1635 
489 365 1 2 365 25.0856 0.9125 0 0 0 49518 49518 1643 
490 365 1 2 365 24.402 0.9125 0 0 0 49849 49849 1646 
491 365 1 2 365 24.402 0.9125 0 0 0 50148 50148 1654 
492 365 1 2 365 24.402 0.9125 0 0 0 50479 50479 1659 
493 365 1 2 365 24.402 0.9125 0 0 0 51279 51279 1667 
494 365 1 2 365 24.402 0.9125 0 0 0 51644 51644 1676 
495 365 1 2 365 24.402 0.9125 0 0 0 51973 51973 1680 
496 365 1 2 365 24.402 0.9125 0 0 0 52600 52600 1691 
497 365 1 2 365 24.402 0.9125 0 0 0 53066 53066 1703 
498 365 1 2 365 24.402 0.9125 0 0 0 53471 53471 1707 
499 365 1 2 365 24.402 0.9125 0 0 0 53786 53786 1717 
500 366 1 2 366 26.0598 0.915 0 0 0 54150 54150 1723 
501 366 1 2 366 24.4588 0.915 0 0 0 54511 54511 1724 
502 366 1 2 366 24.4588 0.915 0 0 0 54904 54904 1737 
503 366 1 2 366 24.4588 0.915 0 0 0 55349 55349 1742 
504 366 1 2 366 24.4588 0.915 0 0 0 55829 55829 1748 
505 366 1 2 366 24.4588 0.915 0 0 0 56213 56213 1754 
506 366 1 2 366 24.4588 0.915 0 0 0 56626 56626 1756 
507 367 1 2 367 33.3789 0.9175 0 0 0 57345 57345 1766 
508 367 1 2 367 30.1754 0.9175 0 0 0 58729 58729 1773 
509 367 1 2 367 24.5513 0.9175 0 0 0 59160 59160 1778 
510 367 1 2 367 24.5513 0.9175 0 0 0 59750 59750 1784 
511 367 1 2 367 24.5513 0.9175 0 0 0 60091 60091 1787 
512 367 1 2 367 24.5513 0.9175 0 0 0 60381 60381 1794 
513 367 1 2 367 24.5513 0.9175 0 0 0 60731 60731 1798 
514 367 1 2 367 24.5513 0.9175 0 0 0 61234 61234 1807 
515 367 1 2 367 24.5513 0.9175 0 0 0 61638 61638 1811 
516 367 1 2 367 24.4263 0.9175 0 0 0 61997 61997 1814 
517 367 1 2 367 24.4263 0.9175 0 0 0 62461 62461 1816 
518 367 1 2 367 24.4263 0.9175 0 0 0 62932 62932 1817 
519 368 1 2 368 25.4882 0.92 0 0 0 63302 63302 1822 
520 368 1 2 368 25.4882 0.92 0 0 0 63940 63940 1824 
521 368 1 2 368 25.4882 0.92 0 0 0 64372 64372 1829 
522 368 1 2 368 25.342 0.92 0 0 0 64679 64679 1835 
523 368 1 2 368 25.342 0.92 0 0 0 65083 65083 1838 
524 368 1 2 368 25.342 0.92 0 0 0 65519 65519 1839 
525 368 1 2 368 25.342 0.92 0 0 0 65965 65965 1846 
526 368 1 2 368 25.342 0.92 0 0 0 66454 66454 1852 
527 368 1 2 368 25.342 0.92 0 0 0 66908 66908 1855 
528 368 1 2 368 25.342 0.92 0 0 0 68027 68027 1862 
529 369 1 2 369 28.203 0.9225 0 0 0 68388 68388 1870 
530 369 1 2 369 26.3541 0.9225 0 0 0 68796 68796 1872 
531 370 1 2 370 34.0598 0.925 0 0 0 69316 69316 1881 
532 370 1 2 370 34.0598 0.925 0 0 0 69895 69895 1899 
533 370 1 2 370 34.0598 0.925 0 0 0 71141 71141 1912 
534 370 1 2 370 32.6021 0.925 0 0 0 72046 72046 1922 
535 370 1 2 370 32.6021 0.925 0 0 0 72621 72621 1928 
536 370 1 2 370 32.6021 0.925 0 0 0 73385 73385 1935 
537 370 1 2 370 32.6021 0.925 0 0 0 74252 74252 1941 
538 370 1 2 370 32.6021 0.925 0 0 0 75039 75039 1958 
539 370 1 2 370 32.6021 0.925 0 0 0 75737 75737 1972 
540 370 1 2 370 32.6021 0.925 0 0 0 76676 76676 1986 
541 370 1 2 370 32.6021 0.925 0 0 0 77463 77463 1997 
542 370 1 2 370 32.6021 0.925 0 0 0 78812 78812 2010 
543 370 1 2 370 32.6021 0.925 0 0 0 79700 79700 2027 
544 370 1 2 370 32.6021 0.925 0 0 0 81361 81361 2038 
545 370 1 2 370 32.6021 0.925 0 0 0 82544 82544 2055 
546 370 1 2 370 32.6021 0.925 0 0 0 83624 83624 2066 
547 370 1 2 370 32.6021 0.925 0 0 0 84807 84807 2077 
548 371 1 2 371 35.2702 0.9275 0 0 0 85949 85949 2084 
549 371 1 2 371 35.2702 0.9275 0 0 0 86909 86909 2091 
550 371 1 2 371 35.2702 0.9275 0 0 0 88064 88064 2103 
551 371 1 2 371 35.2702 0.9275 0 0 0 89401 89401 2115 
552 371 1 2 371 35.2702 0.9275 0 0 0 90241 90241 2122 
553 371 1 2 371 35.2702 0.9275 0 0 0 91305 91305 2131 
554 371 1 2 371 35.2702 0.9275 0 0 0 92569 92569 2142 
555 371 1 2 371 35.2702 0.9275 0 0 0 93815 93815 2154 
556 371 1 2 371 35.2702 0.9275 0 0 0 94851 94851 2158 
557 371 1 2 371 34.0897 0.9275 0 0 0 95625 95625 2170 
558 371 1 2 371 34.0897 0.9275 0 0 0 96539 96539 2176 
559 371 1 2 371 34.0897 0.9275 0 0 0 97543 97543 2184 
560 371 1 2 371 34.0897 0.9275 0 0 0 98743 98743 2193 
561 371 1 2 371 34.0897 0.9275 0 0 0 100013 100013 2200 
562 371 1 2 371 34.0897 0.9275 0 0 0 101090 101090 2203 
563 371 1 2 371 34.0897 0.9275 0 0 0 102217 102217 2210 
564 371 1 2 371 32.375 0.9275 0 0 0 103099 103099 2216 
565 371 1 2 371 32.375 0.9275 0 0 0 104053 104053 2227 
566 371 1 2 371 32.375 0.9275 0 0 0 105221 105221 2239 
567 371 1 2 371 32.375 0.9275 0 0 0 106360 106360 2246 
568 371 1 2 371 32.375 0.9275 0 0 0 107541 107541 2257 
569 371 1 2 371 32.2736 0.9275 0 0 0 109288 109288 2260 
570 371 1 2 371 32.2736 0.9275 0 0 0 110777 110777 2265 
571 371 1 2 371 32.2736 0.9275 0 0 0 111718 111718 2275 
572 371 1 2 371 32.2736 0.9275 0 0 0 113451 113451 2280 
573 371 1 2 371 32.2736 0.9275 0 0 0 114743 114743 2292 
574 371 1 2 371 32.2736 0.9275 0 0 0 115934 115934 2303 
575 371 1 2 371 32.2736 0.9275 0 0 0 118061 118061 2316 
576 371 1 2 371 32.2736 0.9275 0 0 0 119138 119138 2318 
577 372 1 2 372 38.7191 0.93 0 0 0 120859 120859 2322 
578 372 1 2 372 36.817 0.93 0 0 0 122213 122213 2332 
579 372 1 2 372 35.8542 0.93 0 0 0 124178 124178 2342 
580 372 1 2 372 35.5973 0.93 0 0 0 125500 125500 2344 
581 372 1 2 372 35.5973 0.93 0 0 0 127226 127226 2356 
582 372 1 2 372 33.5119 0.93 0 0 0 128071 128071 2365 
583 372 1 2 372 33.5119 0.93 0 0 0 129213 129213 2369 
584 372 1 2 372 33.5119 0.93 0 0 0 130465 130465 2382 
585 372 1 2 372 33.5119 0.93 0 0 0 132062 132062 2394 
586 372 1 2 372 33.5119 0.93 0 0 0 133140 133140 2399 
587 372 1 2 372 33.5119 0.93 0 0 0 134374 134374 2403 
588 372 1 2 372 33.5119 0.93 0 0 0 136307 136307 2410 
589 372 1 2 372 33.5119 0.93 0 0 0 137286 137286 2419 
590 372 1 2 372 33.5119 0.93 0 0 0 138536 138536 2424 
591 372 1 2 372 33.5119 0.93 0 0 0 139523 139523 2435 
592 372 1 2 372 33.5119 0.93 0 0 0 140760 140760 2436 
593 372 1 2 372 33.5119 0.93 0 0 0 141606 141606 2442 
594 372 1 2 372 33.5119 0.93 0 0 0 142944 142944 2445 
595 372 1 2 372 33.5119 0.93 0 0 0 144314 144314 2451 
596 372 1 2 372 33.5119 0.93 0 0 0 145593 145593 2456 
597 372 1 2 372 33.5119 0.93 0 0 0 146778 146778 2463 
598 372 1 2 372 33.5119 0.93 0 0 0 148110 148110 2467 
599 372 1 2 372 33.5119 0.93 0 0 0 149252 149252 2472 
600 372 1 2 372 33.5119 0.93 0 0 0 150220 150220 2479 
601 372 1 2 372 33.5119 0.93 0 0 0 151278 151278 2484 
602 372 1 2 372 33.5119 0.93 0 0 0 152726 152726 2487 
603 372 1 2 372 33.5119 0.93 0 0 0 155192 155192 2490 
604 372 1 2 372 33.5119 0.93 0 0 0 156286 156286 2494 
605 372 1 2 372 33.5119 0.93 0 0 0 157539 157539 2500 
606 372 1 2 372 33.5119 0.93 0 0 0 159048 159048 2502 
607 372 1 2 372 33.5119 0.93 0 0 0 160135 160135 2510 
608 372 1 2 372 33.5119 0.93 0 0 0 161144 161144 2512 
609 372 1 2 372 33.5119 0.93 0 0 0 162187 162187 2521 
610 372 1 2 372 33.5119 0.93 0 0 0 163203 163203 2526 
611 372 1 2 372 33.5119 0.93 0 0 0 164302 164302 2530 
612 372 1 2 372 33.5119 0.93 0 0 0 165544 165544 2532 
613 372 1 2 372 33.5119 0.93 0 0 0 166643 166643 2538 
614 372 1 2 372 33.5119 0.93 0 0 0 167813 167813 2545 
615 372 1 2 372 32.5374 0.93 0 0 0 169140 169140 2551 
616 372 1 2 372 32.5374 0.93 0 0 0 171094 171094 2555 
617 372 1 2 372 32.5374 0.93 0 0 0 173088 173088 2564 
618 372 1 2 372 32.5374 0.93 0 0 0 174821 174821 2572 
619 372 1 2 372 32.5374 0.93 0 0 0 176183 176183 2584 
620 372 1 2 372 32.5374 0.93 0 0 0 177667 177667 2589 
621 372 1 2 372 32.5374 0.93 0 0 0 178575 178575 2596 
622 372 1 2 372 32.5374 0.93 0 0 0 180074 180074 2599 
623 372 1 2 372 32.5374 0.93 0 0 0 181573 181573 2605 
624 372 1 2 372 32.5374 0.93 0 0 0 183007 183007 2610 
625 373 1 2 373 40.9434 0.9325 0 0 0 185795 185795 2625 
626 373 1 2 373 38.3115 0.9325 0 0 0 187200 187200 2644 
627 373 1 2 373 35.5776 0.9325 0 0 0 190542 190542 2652 
628 373 1 2 373 35.5776 0.9325 0 0 0 191776 191776 2662 
629 376 1 2 376 36.8808 0.94 0 0 0 193832 193832 2672 
630 376 1 2 376 36.8808 0.94 0 0 0 195971 195971 2680 
631 376 1 2 376 36.8808 0.94 0 0 0 197784 197784 2690 
632 376 1 2 376 35.9866 0.94 0 0 0 199748 199748 2696 
633 376 1 2 376 35.9866 0.94 0 0 0 202613 202613 2706 
634 379 1 2 379 37.8854 0.9475 0 0 0 205183 205183 2720 
635 379 1 2 379 33.6454 0.9475 0 0 0 206969 206969 2726 
636 379 1 2 379 33.6454 0.9475 0 0 0 208544 208544 2729 
637 379 1 2 379 33.6454 0.9475 0 0 0 210262 210262 2734 
638 379 1 2 379 33.6454 0.9475 0 0 0 211639 211639 2741 
639 379 1 2 379 33.6454 0.9475 0 0 0 212872 212872 2748 
640 379 1 2 379 33.6454 0.9475 0 0 0 214959 214959 2757 
641 379 1 2 379 33.6454 0.9475 0 0 0 216794 216794 2762 
642 382 1 2 382 35.9099 0.955 0 0 0 218800 218800 2769 
643 385 1 2 385 39.9927 0.9625 0 0 0 220463 220463 2778 
644 385 1 2 385 35.4141 0.9625 0 0 0 221966 221966 2784 
645 388 1 2 388 39.7233 0.97 0 0 0 223541 223541 2798 
646 388 1 2 388 36.8512 0.97 0 0 0 224794 224794 2812 
647 388 1 2 388 36.8512 0.97 0 0 0 226549 226549 2822 
648 388 1 2 388 36.8512 0.97 0 0 0 228744 228744 2829 
649 388 1 2 388 36.8512 0.97 0 0 0 229975 229975 2845 
650 388 1 2 388 35.6527 0.97 0 0 0 231174 231174 2849 
651 388 1 2 388 35.6527 0.97 0 0 0 232686 232686 2858 
652 388 1 2 388 35.6527 0.97 0 0 0 234459 234459 2865 
653 388 1 2 388 34.688 0.97 0 0 0 236768 236768 2872 
654 388 1 2 388 34.688 0.97 0 0 0 239561 239561 2877 
655 388 1 2 388 34.688 0.97 0 0 0 241477 241477 2890 
656 388 1 2 388 34.688 0.97 0 0 0 243259 243259 2896 
657 388 1 2 388 34.688 0.97 0 0 0 245436 245436 2905 
658 388 1 2 388 34.688 0.97 0 0 0 247441 247441 2911 
659 388 1 2 388 34.688 0.97 0 0 0 249351 249351 2919 
660 388 1 2 388 34.688 0.97 0 0 0 251606 251606 2927 
661 388 1 2 388 34.688 0.97 0 0 0 253208 253208 2936 
662 388 1 2 388 34.688 0.97 0 0 0 254837 254837 2942 
663 388 1 2 388 34.688 0.97 0 0 0 256625 256625 2946 
664 388 1 2 388 34.688 0.97 0 0 0 257702 257702 2951 
665 388 1 2 388 34.688 0.97 0 0 0 259920 259920 2958 
666 388 1 2 388 34.688 0.97 0 0 0 261775 261775 2967 
667 388 1 2 388 34.688 0.97 0 0 0 263537 263537 2974 
668 388 1 2 388 34.688 0.97 0 0 0 265487 265487 2982 
669 388 1 2 388 34.688 0.97 0 0 0 267538 267538 2990 
670 388 1 2 388 34.688 0.97 0 0 0 269287 269287 2995 
671 388 1 2 388 34.688 0.97 0 0 0 272602 272602 3006 
672 389 1 2 389 38.8415 0.9725 0 0 0 274704 274704 3011 
673 389 1 2 389 34.8263 0.9725 0 0 0 277391 277391 3021 
674 389 1 2 389 34.8263 0.9725 0 0 0 279706 279706 3031 
675 389 1 2 389 34.8263 0.9725 0 0 0 281373 281373 3037 
676 389 1 2 389 32.7741 0.9725 0 0 0 283208 283208 3041 
677 389 1 2 389 32.7741 0.9725 0 0 0 285525 285525 3051 
678 389 1 2 389 32.7741 0.9725 0 0 0 288026 288026 3059 
679 389 1 2 389 32.7741 0.9725 0 0 0 291943 291943 3064 
680 389 1 2 389 32.7741 0.9725 0 0 0 293244 293244 3074 
681 389 1 2 389 32.7741 0.9725 0 0 0 295704 295704 3077 
682 389 1 2 389 32.7741 0.9725 0 0 0 297445 297445 3085 
683 389 1 2 389 32.7741 0.9725 0 0 0 299847 299847 3089 
684 389 1 2 389 32.7741 0.9725 0 0 0 301291 301291 3093 
685 389 1 2 389 32.7741 0.9725 0 0 0 302798 302798 3098 
686 389 1 2 389 32.7741 0.9725 0 0 0 304765 304765 3101 
687 389 1 2 389 32.7741 0.9725 0 0 0 306856 306856 3106 
688 389 1 2 389 32.7741 0.9725 0 0 0 308437 308437 3111 
689 389 1 2 389 32.7741 0.9725 0 0 0 310898 310898 3114 
690 389 1 2 389 32.7741 0.9725 0 0 0 314544 314544 3124 
691 389 1 2 389 32.7741 0.9725 0 0 0 317435 317435 3136 
692 389 1 2 389 32.7741 0.9725 0 0 0 319174 319174 3143 
693 389 1 2 389 32.7741 0.9725 0 0 0 320482 320482 3150 
694 389 1 2 389 32.7741 0.9725 0 0 0 322042 322042 3154 
695 389 1 2 389 32.7741 0.9725 0 0 0 323708 323708 3156 
696 389 1 2 389 32.7741 0.9725 0 0 0 326039 326039 3164 
697 389 1 2 389 32.7741 0.9725 0 0 0 327899 327899 3170 
698 389 1 2 389 32.7741 0.9725 0 0 0 330580 330580 3171 
699 389 1 2 389 32.7741 0.9725 0 0 0 333342 333342 3180 
700 389 1 2 389 32.7741 0.9725 0 0 0 336047 336047 3188 
701 389 1 2 389 32.7741 0.9725 0 0 0 340471 340471 3191 
702 389 1 2 389 32.7741 0.9725 0 0 0 343208 343208 3195 
703 389 1 2 389 32.7741 0.9725 0 0 0 346104 346104 3198 
704 389 1 2 389 32.7741 0.9725 0 0 0 348252 348252 3200 
705 389 1 2 389 32.7741 0.9725 0 0 0 349479 349479 3204 
706 389 1 2 389 32.7741 0.9725 0 0 0 351580 351580 3212 
707 389 1 2 389 32.7741 0.9725 0 0 0 353144 353144 3217 
708 389 1 2 389 32.7741 0.9725 0 0 0 355865 355865 3228 
709 389 1 2 389 32.7741 0.9725 0 0 0 357379 357379 3236 
710 389 1 2 389 32.7741 0.9725 0 0 0 358825 358825 3243 
711 389 1 2 389 32.7741 0.9725 0 0 0 360316 360316 3250 
712 389 1 2 389 32.7741 0.9725 0 0 0 362328 362328 3256 
713 389 1 2 389 32.7741 0.9725 0 0 0 364818 364818 3259 
714 389 1 2 389 32.7741 0.9725 0 0 0 367347 367347 3264 
715 389 1 2 389 32.7741 0.9725 0 0 0 368770 368770 3271 
716 389 1 2 389 32.7741 0.9725 0 0 0 370052 370052 3278 
717 389 1 2 389 32.7741 0.9725 0 0 0 371787 371787 3288 
718 389 1 2 389 32.7741 0.9725 0 0 0 374089 374089 3290 
719 389 1 2 389 32.7741 0.9725 0 0 0 376472 376472 3293 
720 389 1 2 389 32.7741 0.9725 0 0 0 379342 379342 3299 
721 389 1 2 389 32.7741 0.9725 0 0 0 382276 382276 3304 
722 389 1 2 389 32.7741 0.9725 0 0 0 385777 385777 3308 
723 389 1 2 389 32.7741 0.9725 0 0 0 387837 387837 3314 
724 389 1 2 389 32.7741 0.9725 0 0 0 390909 390909 3317 
725 389 1 2 389 32.7741 0.9725 0 0 0 392297 392297 3321 
726 389 1 2 389 32.7741 0.9725 0 0 0 394476 394476 3322 
727 389 1 2 389 32.7741 0.9725 0 0 0 395891 395891 3330 
728 389 1 2 389 32.7741 0.9725 0 0 0 397920 397920 3336 
729 389 1 2 389 32.7741 0.9725 0 0 0 400633 400633 3340 
730 389 1 2 389 32.7741 0.9725 0 0 0 402158 402158 3342 
731 389 1 2 389 32.7741 0.9725 0 0 0 404158 404158 3347 
732 389 1 2 389 32.7741 0.9725 0 0 0 406820 406820 3352 
733 389 1 2 389 32.7741 0.9725 0 0 0 409191 409191 3361 
734 389 1 2 389 32.7741 0.9725 0 0 0 412944 412944 3366 
735 389 1 2 389 32.7741 0.9725 0 0 0 415938 415938 3374 
736 389 1 2 389 32.7741 0.9725 0 0 0 418325 418325 3380 
737 389 1 2 389 32.7741 0.9725 0 0 0 420644 420644 3381 
738 389 1 2 389 32.7741 0.9725 0 0 0 423000 423000 3387 
739 389 1 2 389 32.7741 0.9725 0 0 0 425198 425198 3395 
740 389 1 2 389 32.7741 0.9725 0 0 0 427057 427057 3404 
741 389 1 2 389 32.7741 0.9725 0 0 0 430004 430004 3410 
742 389 1 2 389 32.7741 0.9725 0 0 0 431553 431553 3415 
743 389 1 2 389 32.7741 0.9725 0 0 0 433427 433427 3420 
744 389 1 2 389 32.7741 0.9725 0 0 0 434907 434907 3426 
745 389 1 2 389 32.7741 0.9725 0 0 0 439128 439128 3437 
746 389 1 2 389 32.7741 0.9725 0 0 0 441115 441115 3441 
747 389 1 2 389 32.7741 0.9725 0 0 0 442643 442643 3444 
748 389 1 2 389 32.7741 0.9725 0 0 0 444492 444492 3450 
749 389 1 2 389 32.7741 0.9725 0 0 0 446320 446320 3455 
750 389 1 2 389 32.7741 0.9725 0 0 0 447909 447909 3465 
751 389 1 2 389 32.7741 0.9725 0 0 0 449581 449581 3474 
752 389 1 2 389 32.7741 0.9725 0 0 0 451370 451370 3480 
753 389 1 2 389 32.7741 0.9725 0 0 0 452946 452946 3487 
754 389 1 2 389 32.7741 0.9725 0 0 0 454444 454444 3493 
755 389 1 2 389 32.7741 0.9725 0 0 0 456195 456195 3501 
756 389 1 2 389 32.7741 0.9725 0 0 0 458245 458245 3506 
757 389 1 2 389 32.7741 0.9725 0 0 0 460456 460456 3509 
758 389 1 2 389 32.7741 0.9725 0 0 0 462067 462067 3516 
759 389 1 2 389 32.7741 0.9725 0 0 0 464503 464503 3525 
760 389 1 2 389 32.7741 0.9725 0 0 0 466197 466197 3530 
761 389 1 2 389 32.7741 0.9725 0 0 0 467995 467995 3531 
762 389 1 2 389 32.7741 0.9725 0 0 0 470665 470665 3534 
763 389 1 2 389 32.7741 0.9725 0 0 0 472538 472538 3540 
764 389 1 2 389 32.7741 0.9725 0 0 0 474621 474621 3544 
765 389 1 2 389 32.7741 0.9725 0 0 0 476340 476340 3546 
766 389 1 2 389 32.7741 0.9725 0 0 0 479676 479676 3550 
767 389 1 2 389 32.7741 0.9725 0 0 0 482815 482815 3552 
768 389 1 2 389 32.7741 0.9725 0 0 0 484713 484713 3557 
769 389 1 2 389 32.7741 0.9725 0 0 0 486472 486472 3562 
770 389 1 2 389 32.7741 0.9725 0 0 0 488075 488075 3565 
771 389 1 2 389 32.7741 0.9725 0 0 0 489787 489787 3570 
772 389 1 2 389 32.7741 0.9725 0 0 0 492566 492566 3582 
773 389 1 2 389 32.7741 0.9725 0 0 0 495588 495588 3584 
774 389 1 2 389 32.7741 0.9725 0 0 0 498543 498543 3591 
775 389 1 2 389 32.7741 0.9725 0 0 0 500401 500401 3595 
776 389 1 2 389 32.7741 0.9725 0 0 0 503913 503913 3600 
777 389 1 2 389 32.7741 0.9725 0 0 0 507442 507442 3606 
778 389 1 2 389 32.7741 0.9725 0 0 0 509302 509302 3610 
779 389 1 2 389 32.7741 0.9725 0 0 0 511078 511078 3612 
780 389 1 2 389 32.7741 0.9725 0 0 0 513014 513014 3615 
781 389 1 2 389 32.7741 0.9725 0 0 0 514704 514704 3618 
782 389 1 2 389 32.7741 0.9725 0 0 0 516805 516805 3625 
783 389 1 2 389 32.7741 0.9725 0 0 0 519029 519029 3628 
784 389 1 2 389 32.7741 0.9725 0 0 0 521394 521394 3630 
785 389 1 2 389 32.7741 0.9725 0 0 0 523992 523992 3635 
786 389 1 2 389 32.7741 0.9725 0 0 0 526859 526859 3641 
787 389 1 2 389 32.7741 0.9725 0 0 0 529237 529237 3645 
788 389 1 2 389 32.7741 0.9725 0 0 0 530535 530535 3652 
789 389 1 2 389 32.7741 0.9725 0 0 0 533284 533284 3658 
790 389 1 2 389 32.7741 0.9725 0 0 0 535578 535578 3666 
791 389 1 2 389 32.7741 0.9725 0 0 0 538310 538310 3672 
792 389 1 2 389 32.7674 0.9725 0 0 0 539976 539976 3673 
793 389 1 2 389 32.7674 0.9725 0 0 0 541762 541762 3678 
794 389 1 2 389 32.7674 0.9725 0 0 0 543769 543769 3685 
795 389 1 2 389 32.7674 0.9725 0 0 0 545173 545173 3687 
796 389 1 2 389 32.7674 0.9725 0 0 0 547239 547239 3689 
797 389 1 2 389 32.7674 0.9725 0 0 0 549547 549547 3693 
798 389 1 2 389 32.7674 0.9725 0 0 0 551398 551398 3700 
799 389 1 2 389 32.7674 0.9725 0 0 0 553222 553222 3705 
800 389 1 2 389 32.7674 0.9725 0 0 0 555229 555229 3709 
801 389 1 2 389 32.7674 0.9725 0 0 0 557563 557563 3710 
802 389 1 2 389 32.7674 0.9725 0 0 0 561239 561239 3716 
803 389 1 2 389 32.7674 0.9725 0 0 0 564846 564846 3718 
804 389 1 2 389 32.7674 0.9725 0 0 0 571409 571409 3725 
805 389 1 2 389 32.7674 0.9725 0 0 0 574393 574393 3731 
806 389 1 2 389 32.7674 0.9725 0 0 0 577296 577296 3733 
807 389 1 2 389 32.7674 0.9725 0 0 0 579638 579638 3738 
808 389 1 2 389 32.7674 0.9725 0 0 0 581720 581720 3745 
809 389 1 2 389 32.7674 0.9725 0 0 0 583903 583903 3747 
810 389 1 2 389 32.7674 0.9725 0 0 0 585552 585552 3749 
811 389 1 2 389 32.7674 0.9725 0 0 0 588686 588686 3754 
812 389 1 2 389 32.7674 0.9725 0 0 0 590989 590989 3757 
813 389 1 2 389 32.7674 0.9725 0 0 0 593199 593199 3758 
814 389 1 2 389 32.7674 0.9725 0 0 0 596829 596829 3765 
815 389 1 2 389 32.7674 0.9725 0 0 0 598733 598733 3767 
816 389 1 2 389 32.7674 0.9725 0 0 0 600820 600820 3770 
817 389 1 2 389 32.7674 0.9725 0 0 0 602816 602816 3776 
818 389 1 2 389 32.7674 0.9725 0 0 0 605566 605566 3780 
819 389 1 2 389 32.7674 0.9725 0 0 0 607701 607701 3783 
820 389 1 2 389 32.7674 0.9725 0 0 0 609776 609776 3786 
821 389 1 2 389 32.7674 0.9725 0 0 0 612291 612291 3787 
822 389 1 2 389 32.7674 0.9725 0 0 0 613909 613909 3790 
823 392 1 2 392 41.5402 0.98 0 0 0 617492 617492 3797 
824 392 1 2 392 38.1423 0.98 0 0 0 620686 620686 3804 
825 392 1 2 392 38.1423 0.98 0 0 0 623666 623666 3808 
826 392 1 2 392 38.1423 0.98 0 0 0 626489 626489 3813 
827 392 1 2 392 37.0561 0.98 0 0 0 628691 628691 3816 
828 392 1 2 392 37.0561 0.98 0 0 0 631456 631456 3817 
829 392 1 2 392 36.049 0.98 0 0 0 633358 633358 3821 
830 392 1 2 392 35.7236 0.98 0 0 0 635591 635591 3825 
831 392 1 2 392 35.7236 0.98 0 0 0 638176 638176 3830 
832 392 1 2 392 35.7236 0.98 0 0 0 642168 642168 3838 
833 392 1 2 392 35.19 0.98 0 0 0 646066 646066 3840 
834 392 1 2 392 35.19 0.98 0 0 0 649847 649847 3850 
835 392 1 2 392 35.19 0.98 0 0 0 652849 652849 3856 
836 392 1 2 392 35.19 0.98 0 0 0 656481 656481 3859 
837 392 1 2 392 35.19 0.98 0 0 0 659391 659391 3863 
838 392 1 2 392 35.19 0.98 0 0 0 663788 663788 3868 
839 392 1 2 392 35.19 0.98 0 0 0 671629 671629 3876 
840 392 1 2 392 35.19 0.98 0 0 0 675818 675818 3881 
841 392 1 2 392 35.19 0.98 0 0 0 682514 682514 3886 
842 392 1 2 392 35.19 0.98 0 0 0 687017 687017 3893 
843 392 1 2 392 35.19 0.98 0 0 0 690448 690448 3896 
844 392 1 2 392 35.19 0.98 0 0 0 695667 695667 3903 
845 392 1 2 392 35.19 0.98 0 0 0 700578 700578 3911 
846 392 1 2 392 35.19 0.98 0 0 0 704552 704552 3915 
847 392 1 2 392 35.19 0.98 0 0 0 710089 710089 3917 
848 392 1 2 392 35.19 0.98 0 0 0 713706 713706 3922 
849 392 1 2 392 35.19 0.98 0 0 0 716719 716719 3928 
850 392 1 2 392 35.19 0.98 0 0 0 719606 719606 3931 
851 392 1 2 392 34.9127 0.98 0 0 0 724255 724255 3933 
852 392 1 2 392 34.9127 0.98 0 0 0 728004 728004 3936 
853 392 1 2 392 34.9127 0.98 0 0 0 734099 734099 3937 
854 392 1 2 392 34.9127 0.98 0 0 0 739275 739275 3942 
855 392 1 2 392 34.9127 0.98 0 0 0 743384 743384 3946 
856 392 1 2 392 34.9127 0.98 0 0 0 747001 747001 3953 
857 392 1 2 392 34.9127 0.98 0 0 0 751591 751591 3957 
858 392 1 2 392 34.9127 0.98 0 0 0 755429 755429 3964 
859 392 1 2 392 34.9127 0.98 0 0 0 760430 760430 3965 
860 392 1 2 392 34.9127 0.98 0 0 0 764793 764793 3968 
861 394 1 2 394 39.9382 0.985 0 0 0 769829 769829 3973 
862 394 1 2 394 39.9382 0.985 0 0 0 774005 774005 3979 
863 394 1 2 394 39.9382 0.985 0 0 0 779450 779450 3981 
864 394 1 2 394 39.9382 0.985 0 0 0 781918 781918 3985 
865 394 1 2 394 37.5161 0.985 0 0 0 785165 785165 3988 
866 394 1 2 394 37.5161 0.985 0 0 0 788035 788035 3995 
867 394 1 2 394 37.5161 0.985 0 0 0 790615 790615 4000 
868 394 1 2 394 36.8124 0.985 0 0 0 793538 793538 4002 
869 394 1 2 394 36.8124 0.985 0 0 0 796884 796884 4007 
870 394 1 2 394 36.8124 0.985 0 0 0 802782 802782 4011 
871 394 1 2 394 36.8124 0.985 0 0 0 807071 807071 4020 
872 394 1 2 394 36.8124 0.985 0 0 0 815014 815014 4026 
873 394 1 2 394 36.8124 0.985 0 0 0 819431 819431 4029 
874 394 1 2 394 36.8124 0.985 0 0 0 824092 824092 4037 
875 394 1 2 394 33.0405 0.985 0 0 0 827140 827140 4042 
876 394 1 2 394 33.0405 0.985 0 0 0 832634 832634 4049 
877 394 1 2 394 33.0405 0.985 0 0 0 843867 843867 4053 
878 394 1 2 394 33.0405 0.985 0 0 0 849679 849679 4055 
879 394 1 2 394 33.0405 0.985 0 0 0 855562 855562 4059 
880 394 1 2 394 33.0405 0.985 0 0 0 863123 863123 4063 
881 394 1 2 394 33.0405 0.985 0 0 0 871961 871961 4065 
882 394 1 2 394 33.0405 0.985 0 0 0 876812 876812 4068 
883 394 1 2 394 33.0405 0.985 0 0 0 882573 882573 4071 
884 394 1 2 394 33.0405 0.985 0 0 0 890917 890917 4076 
885 394 1 2 394 33.0405 0.985 0 0 0 898839 898839 4082 
886 394 1 2 394 33.0405 0.985 0 0 0 902581 902581 4085 
887 394 1 2 394 33.0405 0.985 0 0 0 911715 911715 4087 
888 394 1 2 394 33.0405 0.985 0 0 0 915191 915191 4091 
889 394 1 2 394 33.0405 0.985 0 0 0 918636 918636 4095 
890 394 1 2 394 33.0405 0.985 0 0 0 924237 924237 4102 
891 394 1 2 394 33.0405 0.985 0 0 0 930231 930231 4106 
892 394 1 2 394 33.0405 0.985 0 0 0 933639 933639 4109 
893 394 1 2 394 33.0405 0.985 0 0 0 937357 937357 4110 
894 394 1 2 394 33.0405 0.985 0 0 0 943757 943757 4116 
895 394 1 2 394 33.0405 0.985 0 0 0 945967 945967 4121 
896 394 1 2 394 33.0405 0.985 0 0 0 951095 951095 4125 
897 394 1 2 394 33.0405 0.985 0 0 0 953255 953255 4132 
898 394 1 2 394 33.0405 0.985 0 0 0 959492 959492 4135 
899 394 1 2 394 33.0405 0.985 0 0 0 963677 963677 4141 
900 394 1 2 394 33.0405 0.985 0 0 0 966763 966763 4144 
901 394 1 2 394 33.0405 0.985 0 0 0 970240 970240 4148 
902 394 1 2 394 33.0405 0.985 0 0 0 974660 974660 4151 
903 394 1 2 394 33.0405 0.985 0 0 0 978623 978623 4153 
904 394 1 2 394 33.0405 0.985 0 0 0 982081 982081 4155 
905 394 1 2 394 33.0405 0.985 0 0 0 987604 987604 4158 
906 394 1 2 394 33.0405 0.985 0 0 0 989373 989373 4160 
907 394 1 2 394 33.0405 0.985 0 0 0 991658 991658 4162 
908 394 1 2 394 33.0405 0.985 0 0 0 996068 996068 4169 
909 394 1 2 394 33.0405 0.985 0 0 0 999990 999990 4173 
910 394 1 2 394 33.0405 0.985 0 0 0 1002497 1002497 4176 
911 394 1 2 394 33.0405 0.985 0 0 0 1006527 1006527 4181 
912 395 1 2 395 40.7441 0.9875 0 0 0 1009932 1009932 4188 
913 395 1 2 395 38.5536 0.9875 0 0 0 1015237 1015237 4191 
914 395 1 2 395 32.6303 0.9875 0 0 0 1017576 1017576 4194 
915 395 1 2 395 32.6303 0.9875 0 0 0 1021132 1021132 4200 
916 395 1 2 395 32.6303 0.9875 0 0 0 1026441 1026441 4207 
917 395 1 2 395 32.6303 0.9875 0 0 0 1033710 1033710 4211 
918 395 1 2 395 32.6303 0.9875 0 0 0 1038013 1038013 4212 
919 395 1 2 395 32.6303 0.9875 0 0 0 1045626 1045626 4221 
920 395 1 2 395 32.6303 0.9875 0 0 0 1048888 1048888 4226 
921 395 1 2 395 32.6303 0.9875 0 0 0 1053107 1053107 4230 
922 395 1 2 395 32.2119 0.9875 0 0 0 1058651 1058651 4232 
923 395 1 2 395 32.2119 0.9875 0 0 0 1061859 1061859 4233 
924 395 1 2 395 32.2119 0.9875 0 0 0 1067434 1067434 4234 
925 395 1 2 395 32.2119 0.9875 0 0 0 1073609 1073609 4242 
926 395 1 2 395 32.2119 0.9875 0 0 0 1077621 1077621 4246 
927 395 1 2 395 32.2119 0.9875 0 0 0 1081067 1081067 4252 
928 395 1 2 395 32.2119 0.9875 0 0 0 1086534 1086534 4256 
929 395 1 2 395 32.2119 0.9875 0 0 0 1090029 1090029 4262 
930 395 1 2 395 32.2119 0.9875 0 0 0 1093661 1093661 4268 
931 395 1 2 395 32.2119 0.9875 0 0 0 1099646 1099646 4270 
932 395 1 2 395 32.2119 0.9875 0 0 0 1104350 1104350 4276 
933 395 1 2 395 32.2119 0.9875 0 0 0 1109101 1109101 4279 
934 395 1 2 395 32.2119 0.9875 0 0 0 1115917 1115917 4281 
935 395 1 2 395 32.2119 0.9875 0 0 0 1121339 1121339 4287 
936 395 1 2 395 32.2119 0.9875 0 0 0 1125456 1125456 4291 
937 395 1 2 395 32.2119 0.9875 0 0 0 1131489 1131489 4292 
938 395 1 2 395 32.2119 0.9875 0 0 0 1139807 1139807 4298 
939 395 1 2 395 32.2119 0.9875 0 0 0 1147342 1147342 4302 
940 395 1 2 395 32.2119 0.9875 0 0 0 1153096 1153096 4306 
941 395 1 2 395 32.2119 0.9875 0 0 0 1157511 1157511 4310 
942 395 1 2 395 32.2119 0.9875 0 0 0 1163115 1163115 4312 
943 395 1 2 395 32.2119 0.9875 0 0 0 1168916 1168916 4316 
944 395 1 2 395 32.2119 0.9875 0 0 0 1173583 1173583 4322 
945 395 1 2 395 32.2119 0.9875 0 0 0 1180470 1180470 4326 
946 395 1 2 395 32.2119 0.9875 0 0 0 1186368 1186368 4330 
947 395 1 2 395 32.2119 0.9875 0 0 0 1189561 1189561 4342 
948 395 1 2 395 32.2119 0.9875 0 0 0 1193320 1193320 4345 
949 395 1 2 395 32.2119 0.9875 0 0 0 1196807 1196807 4350 
950 395 1 2 395 32.2119 0.9875 0 0 0 1200519 1200519 4352 
951 395 1 2 395 32.2119 0.9875 0 0 0 1205904 1205904 4356 
952 395 1 2 395 32.2119 0.9875 0 0 0 1210403 1210403 4362 
953 395 1 2 395 32.2119 0.9875 0 0 0 1215239 1215239 4364 
954 395 1 2 395 32.2119 0.9875 0 0 0 1219391 1219391 4369 
955 395 1 2 395 32.2119 0.9875 0 0 0 1224505 1224505 4371 
956 395 1 2 395 32.2119 0.9875 0 0 0 1230698 1230698 4374 
957 395 1 2 395 32.2119 0.9875 0 0 0 1239869 1239869 4380 
958 395 1 2 395 32.2119 0.9875 0 0 0 1246190 1246190 4386 
959 395 1 2 395 32.2119 0.9875 0 0 0 1249631 1249631 4389 
960 395 1 2 395 32.2119 0.9875 0 0 0 1254556 1254556 4391 
961 395 1 2 395 32.2119 0.9875 0 0 0 1258049 1258049 4395 
962 395 1 2 395 32.2119 0.9875 0 0 0 1263438 1263438 4401 
963 395 1 2 395 32.2119 0.9875 0 0 0 1269289 1269289 4404 
964 395 1 2 395 32.2119 0.9875 0 0 0 1273444 1273444 4406 
965 395 1 2 395 32.2119 0.9875 0 0 0 1278184 1278184 4411 
966 395 1 2 395 32.2119 0.9875 0 0 0 1284719 1284719 4417 
967 395 1 2 395 32.2119 0.9875 0 0 0 1289808 1289808 4419 
968 395 1 2 395 32.2119 0.9875 0 0 0 1295413 1295413 4424 
969 395 1 2 395 32.2119 0.9875 0 0 0 1300037 1300037 4430 
970 395 1 2 395 32.2119 0.9875 0 0 0 1307115 1307115 4435 
971 395 1 2 395 32.2119 0.9875 0 0 0 1310769 1310769 4439 
972 395 1 2 395 32.2119 0.9875 0 0 0 1316365 1316365 4444 
973 395 1 2 395 32.2119 0.9875 0 0 0 1320196 1320196 4450 
974 395 1 2 395 32.2119 0.9875 0 0 0 1323571 1323571 4454 
975 395 1 2 395 32.2119 0.9875 0 0 0 1327639 1327639 4456 
976 395 1 2 395 32.2119 0.9875 0 0 0 1331748 1331748 4460 
977 395 1 2 395 32.2119 0.9875 0 0 0 1337702 1337702 4467 
978 395 1 2 395 32.2119 0.9875 0 0 0 1342744 1342744 4469 
979 395 1 2 395 32.2119 0.9875 0 0 0 1347840 1347840 4472 
980 395 1 2 395 32.2119 0.9875 0 0 0 1352144 1352144 4487 
981 395 1 2 395 32.2119 0.9875 0 0 0 1355517 1355517 4493 
982 395 1 2 395 32.2119 0.9875 0 0 0 1361701 1361701 4499 
983 395 1 2 395 30.058 0.9875 0 0 0 1365282 1365282 4501 
984 395 1 2 395 30.058 0.9875 0 0 0 1368334 1368334 4509 
985 395 1 2 395 30.058 0.9875 0 0 0 1370588 1370588 4512 
986 395 1 2 395 30.058 0.9875 0 0 0 1374661 1374661 4517 
987 395 1 2 395 30.058 0.9875 0 0 0 1378260 1378260 4524 
988 395 1 2 395 30.058 0.9875 0 0 0 1381271 1381271 4527 
989 395 1 2 395 30.058 0.9875 0 0 0 1385163 1385163 4531 
990 395 1 2 395 30.058 0.9875 0 0 0 1389070 1389070 4537 
991 395 1 2 395 30.058 0.9875 0 0 0 1392266 1392266 4538 
992 395 1 2 395 30.058 0.9875 0 0 0 1395403 1395403 4540 
993 395 1 2 395 30.058 0.9875 0 0 0 1399019 1399019 4543 
994 395 1 2 395 30.058 0.9875 0 0 0 1402170 1402170 4544 
995 395 1 2 395 30.058 0.9875 0 0 0 1405356 1405356 4546 
996 395 1 2 395 30.058 0.9875 0 0 0 1408308 1408308 4547 
997 395 1 2 395 30.058 0.9875 0 0 0 1412958 1412958 4549 
998 395 1 2 395 30.058 0.9875 0 0 0 1417045 1417045 4558 
999 395 1 2 395 30.058 0.9875 0 0 0 1420001 1420001 4562 
1000 395 1 2 395 30.058 0.9875 0 0 0 1424306 1424306 4565 
1001 398 1 2 398 37.2046 0.995 0 0 0 1428963 1428963 4569 
1002 398 1 2 398 37.2046 0.995 0 0 0 1433708 1433708 4573 
1003 398 1 2 398 34.8473 0.995 0 0 0 1436778 1436778 4577 
1004 398 1 2 398 34.8473 0.995 0 0 0 1440699 1440699 4581 
1005 398 1 2 398 34.8473 0.995 0 0 0 1444754 1444754 4583 
1006 398 1 2 398 30.3814 0.995 0 0 0 1448545 1448545 4587 
1007 398 1 2 398 30.3814 0.995 0 0 0 1455717 1455717 4589 
1008 398 1 2 398 30.3814 0.995 0 0 0 1460482 1460482 4592 
1009 398 1 2 398 30.3814 0.995 0 0 0 1463180 1463180 4598 
1010 398 1 2 398 30.3814 0.995 0 0 0 1467260 1467260 4602 
1011 398 1 2 398 30.3814 0.995 0 0 0 1472725 1472725 4609 
