1 105 0.01 0.495 105 0 0.2625 0 0 0 0 0 0 
95 178 0.615104 0.192448 163 2.65259 0.4075 0 0 0 8 8 102 
144 231 0.764783 0.117608 214 3.44952 0.535 0 0 0 44 44 160 
187 253 0.84732 0.0763398 229 4.55809 0.5725 0 0 0 403 403 217 
210 266 0.878831 0.0605844 234 5.27296 0.585 0 0 0 1220 1220 248 
211 266 0.880043 0.0599785 235 5.26135 0.5875 0 0 0 2223 2223 255 
214 266 0.883606 0.0581971 236 5.32467 0.59 0 0 0 3148 3148 263 
218 266 0.888192 0.0559039 239 5.40824 0.5975 0 0 0 4022 4022 274 
228 266 0.898883 0.0505585 240 5.52723 0.6 0 0 0 5203 5203 288 
230 277 0.900895 0.0495524 254 5.58623 0.635 0 0 0 6550 6550 293 
245 283 0.914764 0.0426179 261 5.65255 0.6525 0 0 0 8449 8449 317 
251 284 0.919752 0.0401239 262 5.63913 0.655 0 0 0 11244 11244 330 
255 284 0.922914 0.0385429 263 5.75335 0.6575 0 0 0 16690 16690 341 
260 284 0.926692 0.0366539 264 5.98438 0.66 0 0 0 25620 25620 354 
264 284 0.929581 0.0352096 266 5.96493 0.665 0 0 0 31193 31193 364 
275 284 0.936951 0.0315245 268 6.08916 0.67 0 0 0 47365 47365 380 
280 287 0.940041 0.0299795 276 6.21018 0.69 0 0 0 69544 69544 391 
281 295 0.940641 0.0296797 279 5.51495 0.6975 0 0 0 83571 83571 396 
288 298 0.944673 0.0276634 282 6.14662 0.705 0 0 0 128586 128586 406 
290 300 0.945774 0.0271129 284 5.59416 0.71 0 0 0 151270 151270 412 
292 300 0.946853 0.0265734 285 5.53561 0.7125 0 0 0 171699 171699 417 
298 304 0.949963 0.0250183 293 7.19383 0.7325 0 0 0 293987 293987 430 
322 305 0.960687 0.0196563 294 6.57628 0.735 0 0 0 526007 526007 460 
331 305 0.964087 0.0179564 295 6.90092 0.7375 0 0 0 887894 887894 476 
341 305 0.967521 0.0162394 296 7.2648 0.74 0 0 0 1600697 1600697 496 
