1 105 1 9.405 105 0 0.2625 0 0 0 0 0 0 
2 108 1 9.31095 108 0.1 0.27 0 0 0 0 0 1 
3 110 1 9.21784 110 0.195919 0.275 0 0 0 0 0 3 
4 112 1 9.12566 112 0.295919 0.28 0 0 0 0 0 4 
5 114 1 9.0344 114 0.395919 0.285 0 0 0 0 0 5 
6 115 1 8.94406 115 0.488365 0.2875 0 0 0 0 0 7 
7 115 1 8.85462 115 0.488365 0.2875 0 0 0 0 0 8 
8 122 1 8.76607 122 0.62186 0.305 0 0 0 0 0 10 
9 122 1 8.67841 122 0.62186 0.305 0 0 0 0 0 11 
10 122 1 8.59163 122 0.62186 0.305 0 0 0 0 0 12 
11 131 1 8.50571 131 0.72186 0.3275 0 0 0 0 0 13 
12 131 1 8.42066 131 0.72186 0.3275 0 0 0 0 0 14 
13 132 1 8.33645 132 1.03084 0.33 0 0 0 0 0 16 
14 133 1 8.25308 133 1.15732 0.3325 0 0 0 0 0 19 
15 141 1 8.17055 141 1.25557 0.3525 0 0 0 0 0 22 
16 141 1 8.08885 141 1.25557 0.3525 0 0 0 0 0 23 
17 142 1 8.00796 142 1.40416 0.355 0 0 0 0 0 25 
18 143 1 7.92788 143 1.50416 0.3575 0 0 0 0 0 26 
19 145 1 7.8486 145 1.65811 0.3625 0 0 0 0 0 28 
20 145 1 7.77011 145 1.65811 0.3625 0 0 0 0 0 29 
21 145 1 7.69241 145 1.65811 0.3625 0 0 0 0 0 30 
22 145 1 7.61549 145 1.65811 0.3625 0 0 0 0 0 31 
23 146 1 7.53933 146 1.7409 0.365 0 0 0 0 0 33 
24 146 1 7.46394 146 1.7409 0.365 0 0 0 0 0 34 
25 147 1 7.3893 147 2.02836 0.3675 0 0 0 0 0 36 
26 148 1 7.31541 148 2.08592 0.37 0 0 0 1 1 38 
27 148 1 7.24226 148 2.08592 0.37 0 0 0 2 2 42 
28 148 1 7.16983 148 2.08592 0.37 0 0 0 2 2 43 
29 148 1 7.09813 148 2.08592 0.37 0 0 0 3 3 44 
30 150 1 7.02715 150 2.51612 0.375 0 0 0 4 4 46 
31 150 1 6.95688 150 2.51612 0.375 0 0 0 5 5 47 
32 150 1 6.88731 150 2.51612 0.375 0 0 0 6 6 48 
33 150 1 6.81844 150 2.51612 0.375 0 0 0 7 7 49 
34 150 1 6.75026 150 2.51612 0.375 0 0 0 8 8 50 
35 150 1 6.68275 150 2.51612 0.375 0 0 0 9 9 51 
36 150 1 6.61593 150 2.51612 0.375 0 0 0 10 10 52 
37 150 1 6.54977 150 2.51612 0.375 0 0 0 11 11 53 
38 150 1 6.48427 150 2.51612 0.375 0 0 0 12 12 54 
39 150 1 6.41943 150 2.51612 0.375 0 0 0 13 13 55 
40 150 1 6.35523 150 2.51612 0.375 0 0 0 15 15 56 
41 150 1 6.29168 150 2.51612 0.375 0 0 0 16 16 57 
42 150 1 6.22876 150 2.51612 0.375 0 0 0 17 17 58 
43 151 1 6.16647 151 3.0701 0.3775 0 0 0 18 18 60 
44 152 1 6.10481 152 3.12806 0.38 0 0 0 19 19 62 
45 152 1 6.04376 152 3.12806 0.38 0 0 0 20 20 63 
46 152 1 5.98332 152 3.12806 0.38 0 0 0 21 21 64 
47 152 1 5.92349 152 3.12806 0.38 0 0 0 22 22 65 
48 152 1 5.86426 152 3.12806 0.38 0 0 0 23 23 66 
49 152 1 5.80561 152 3.12806 0.38 0 0 0 24 24 67 
50 152 1 5.74756 152 3.12806 0.38 0 0 0 25 25 68 
51 152 1 5.69008 152 3.12806 0.38 0 0 0 26 26 69 
52 152 1 5.63318 152 3.12806 0.38 0 0 0 27 27 70 
53 152 1 5.57685 152 3.12806 0.38 0 0 0 28 28 71 
54 152 1 5.52108 152 3.12806 0.38 0 0 0 29 29 72 
55 159 1 5.46587 159 3.53263 0.3975 0 0 0 30 30 74 
56 159 1 5.41121 159 3.53263 0.3975 0 0 0 31 31 75 
57 165 1 5.3571 165 3.88679 0.4125 0 0 0 32 32 78 
58 165 1 5.30353 165 3.88679 0.4125 0 0 0 34 34 79 
59 165 1 5.25049 165 3.88679 0.4125 0 0 0 36 36 80 
60 165 1 5.19799 165 3.88679 0.4125 0 0 0 37 37 81 
61 165 1 5.14601 165 3.88679 0.4125 0 0 0 38 38 82 
62 166 1 5.09455 166 4.53395 0.415 0 0 0 40 40 85 
63 166 1 5.0436 166 4.53395 0.415 0 0 0 42 42 86 
64 166 1 4.99317 166 4.53395 0.415 0 0 0 44 44 87 
65 166 1 4.94323 166 4.53395 0.415 0 0 0 46 46 88 
66 166 1 4.8938 166 4.53395 0.415 0 0 0 48 48 89 
67 166 1 4.84486 166 4.53395 0.415 0 0 0 50 50 90 
68 166 1 4.79642 166 4.53395 0.415 0 0 0 52 52 91 
69 166 1 4.74845 166 4.53395 0.415 0 0 0 54 54 92 
70 166 1 4.70097 166 4.53395 0.415 0 0 0 56 56 95 
71 166 1 4.65396 166 4.53395 0.415 0 0 0 58 58 96 
72 166 1 4.60742 166 4.53395 0.415 0 0 0 60 60 97 
73 166 1 4.56134 166 4.53395 0.415 0 0 0 62 62 98 
74 166 1 4.51573 166 4.53395 0.415 0 0 0 64 64 99 
75 166 1 4.47057 166 4.53395 0.415 0 0 0 66 66 100 
76 166 1 4.42587 166 4.53395 0.415 0 0 0 68 68 101 
77 166 1 4.38161 166 4.53395 0.415 0 0 0 70 70 102 
78 166 1 4.33779 166 4.53395 0.415 0 0 0 72 72 103 
79 166 1 4.29441 166 4.53395 0.415 0 0 0 74 74 104 
80 166 1 4.25147 166 4.53395 0.415 0 0 0 76 76 105 
81 166 1 4.20896 166 4.53395 0.415 0 0 0 78 78 106 
82 166 1 4.16687 166 4.53395 0.415 0 0 0 80 80 107 
83 166 1 4.1252 166 4.53395 0.415 0 0 0 82 82 108 
84 166 1 4.08395 166 4.53395 0.415 0 0 0 84 84 109 
85 166 1 4.04311 166 4.53395 0.415 0 0 0 86 86 110 
86 166 1 4.00268 166 4.53395 0.415 0 0 0 88 88 111 
87 166 1 3.96265 166 4.53395 0.415 0 0 0 91 91 112 
88 166 1 3.92302 166 4.53395 0.415 0 0 0 93 93 115 
89 166 1 3.88379 166 4.53395 0.415 0 0 0 95 95 116 
90 166 1 3.84495 166 4.53395 0.415 0 0 0 97 97 117 
91 166 1 3.8065 166 4.53395 0.415 0 0 0 99 99 118 
92 166 1 3.76844 166 4.53395 0.415 0 0 0 101 101 119 
93 166 1 3.73075 166 4.53395 0.415 0 0 0 103 103 120 
94 166 1 3.69345 166 4.53395 0.415 0 0 0 105 105 121 
95 178 1 3.65651 178 5.95551 0.445 0 0 0 107 107 125 
96 181 1 3.61995 181 6.91491 0.4525 0 0 0 110 110 128 
97 182 1 3.58375 182 6.95297 0.455 0 0 0 113 113 130 
98 182 1 3.54791 182 6.95297 0.455 0 0 0 116 116 131 
99 182 1 3.51243 182 6.95297 0.455 0 0 0 120 120 132 
100 187 1 3.47731 187 7.64305 0.4675 0 0 0 124 124 137 
101 187 1 3.44253 187 7.50161 0.4675 0 0 0 127 127 138 
102 187 1 3.40811 187 7.50161 0.4675 0 0 0 130 130 143 
103 187 1 3.37403 187 7.50161 0.4675 0 0 0 135 135 147 
104 187 1 3.34029 187 7.50161 0.4675 0 0 0 139 139 148 
105 187 1 3.30689 187 7.50161 0.4675 0 0 0 142 142 153 
106 187 1 3.27382 187 7.21633 0.4675 0 0 0 146 146 156 
107 187 1 3.24108 187 7.21633 0.4675 0 0 0 151 151 158 
108 187 1 3.20867 187 6.52124 0.4675 0 0 0 154 154 159 
109 187 1 3.17658 187 6.52124 0.4675 0 0 0 159 159 160 
110 187 1 3.14481 187 6.52124 0.4675 0 0 0 162 162 161 
111 187 1 3.11337 187 6.52124 0.4675 0 0 0 165 165 162 
112 187 1 3.08223 187 6.52124 0.4675 0 0 0 169 169 163 
113 187 1 3.05141 187 6.52124 0.4675 0 0 0 172 172 164 
114 187 1 3.0209 187 6.52124 0.4675 0 0 0 175 175 165 
115 187 1 2.99069 187 6.52124 0.4675 0 0 0 178 178 166 
116 187 1 2.96078 187 6.52124 0.4675 0 0 0 181 181 167 
117 187 1 2.93117 187 6.52124 0.4675 0 0 0 184 184 168 
118 187 1 2.90186 187 6.52124 0.4675 0 0 0 187 187 169 
119 187 1 2.87284 187 6.52124 0.4675 0 0 0 191 191 170 
120 193 1 2.84411 193 7.06435 0.4825 0 0 0 194 194 176 
121 193 1 2.81567 193 7.06435 0.4825 0 0 0 197 197 177 
122 193 1 2.78752 193 6.91087 0.4825 0 0 0 200 200 179 
123 196 1 2.75964 196 9.10092 0.49 0 0 0 206 206 183 
124 196 1 2.73204 196 9.10092 0.49 0 0 0 212 212 184 
125 196 1 2.70472 196 9.10092 0.49 0 0 0 217 217 185 
126 196 1 2.67768 196 9.10092 0.49 0 0 0 223 223 186 
127 196 1 2.6509 196 9.10092 0.49 0 0 0 232 232 192 
128 211 1 2.62439 211 10.7191 0.5275 0 0 0 243 243 199 
129 211 1 2.59815 211 10.7191 0.5275 0 0 0 258 258 200 
130 211 1 2.57217 211 10.6857 0.5275 0 0 0 271 271 203 
131 211 1 2.54644 211 10.6857 0.5275 0 0 0 283 283 205 
132 211 1 2.52098 211 10.6857 0.5275 0 0 0 294 294 206 
133 211 1 2.49577 211 10.6857 0.5275 0 0 0 305 305 212 
134 211 1 2.47081 211 10.6857 0.5275 0 0 0 317 317 213 
135 211 1 2.4461 211 10.6857 0.5275 0 0 0 327 327 214 
136 211 1 2.42164 211 10.6857 0.5275 0 0 0 338 338 215 
137 211 1 2.39743 211 10.525 0.5275 0 0 0 349 349 218 
138 211 1 2.37345 211 10.4521 0.5275 0 0 0 360 360 220 
139 211 1 2.34972 211 10.4521 0.5275 0 0 0 371 371 221 
140 211 1 2.32622 211 10.4521 0.5275 0 0 0 383 383 222 
141 211 1 2.30296 211 10.4521 0.5275 0 0 0 396 396 223 
142 213 1 2.27993 213 10.7879 0.5325 0 0 0 405 405 230 
143 213 1 2.25713 213 10.7825 0.5325 0 0 0 416 416 233 
144 231 1 2.23456 231 10.6589 0.5775 0 0 0 425 425 238 
145 232 1 2.21221 232 9.96906 0.58 0 0 0 435 435 245 
146 232 1 2.19009 232 9.83661 0.58 0 0 0 447 447 248 
147 232 1 2.16819 232 9.83661 0.58 0 0 0 459 459 249 
148 232 1 2.14651 232 9.83661 0.58 0 0 0 472 472 250 
149 232 1 2.12504 232 9.76006 0.58 0 0 0 486 486 253 
150 232 1 2.10379 232 9.76006 0.58 0 0 0 498 498 254 
151 232 1 2.08275 232 9.76006 0.58 0 0 0 507 507 255 
152 232 1 2.06193 232 9.76006 0.58 0 0 0 521 521 256 
153 232 1 2.04131 232 9.0799 0.58 0 0 0 529 529 258 
154 233 1 2.02089 233 9.91282 0.5825 0 0 0 540 540 263 
155 233 1 2.00069 233 9.91282 0.5825 0 0 0 552 552 265 
156 233 1 1.98068 233 9.91282 0.5825 0 0 0 564 564 266 
157 233 1 1.96087 233 9.91282 0.5825 0 0 0 575 575 267 
158 233 1 1.94126 233 9.91282 0.5825 0 0 0 591 591 273 
159 233 1 1.92185 233 9.91282 0.5825 0 0 0 610 610 275 
160 233 1 1.90263 233 9.91282 0.5825 0 0 0 627 627 279 
161 233 1 1.88361 233 9.91282 0.5825 0 0 0 644 644 282 
162 233 1 1.86477 233 9.91282 0.5825 0 0 0 658 658 285 
163 233 1 1.84612 233 9.91282 0.5825 0 0 0 674 674 286 
164 233 1 1.82766 233 9.91282 0.5825 0 0 0 690 690 290 
165 233 1 1.80938 233 9.91282 0.5825 0 0 0 703 703 291 
166 233 1 1.79129 233 9.91282 0.5825 0 0 0 717 717 292 
167 233 1 1.77338 233 9.91282 0.5825 0 0 0 733 733 293 
168 233 1 1.75564 233 9.91282 0.5825 0 0 0 750 750 294 
169 233 1 1.73809 233 9.91282 0.5825 0 0 0 764 764 295 
170 233 1 1.72071 233 9.91282 0.5825 0 0 0 779 779 296 
171 236 1 1.7035 236 12.5742 0.59 0 0 0 830 830 304 
172 236 1 1.68646 236 12.4695 0.59 0 0 0 878 878 306 
173 237 1 1.6696 237 10.1231 0.5925 0 0 0 902 902 310 
174 237 1 1.6529 237 10.0115 0.5925 0 0 0 922 922 313 
175 237 1 1.63638 237 10.0115 0.5925 0 0 0 945 945 314 
176 237 1 1.62001 237 10.0115 0.5925 0 0 0 969 969 315 
177 237 1 1.60381 237 10.0115 0.5925 0 0 0 994 994 319 
178 237 1 1.58777 237 10.0115 0.5925 0 0 0 1021 1021 321 
179 237 1 1.5719 237 8.10222 0.5925 0 0 0 1048 1048 327 
180 243 1 1.55618 243 7.96496 0.6075 0 0 0 1085 1085 332 
181 245 1 1.54061 245 8.17764 0.6125 0 0 0 1120 1120 336 
182 245 1 1.52521 245 8.17764 0.6125 0 0 0 1156 1156 339 
183 253 1 1.50996 253 8.27586 0.6325 0 0 0 1219 1219 342 
184 253 1 1.49486 253 8.27586 0.6325 0 0 0 1271 1271 347 
185 253 1 1.47991 253 8.27586 0.6325 0 0 0 1314 1314 354 
186 253 1 1.46511 253 8.27586 0.6325 0 0 0 1367 1367 356 
187 253 1 1.45046 253 8.1857 0.6325 0 0 0 1436 1436 358 
188 253 1 1.43595 253 8.1857 0.6325 0 0 0 1511 1511 366 
189 253 1 1.42159 253 8.1857 0.6325 0 0 0 1575 1575 371 
190 253 1 1.40738 253 8.1857 0.6325 0 0 0 1653 1653 374 
191 253 1 1.3933 253 8.1857 0.6325 0 0 0 1723 1723 376 
192 253 1 1.37937 253 8.1857 0.6325 0 0 0 1811 1811 380 
193 253 1 1.36558 253 7.87659 0.6325 0 0 0 1884 1884 381 
194 253 1 1.35192 253 7.87659 0.6325 0 0 0 1957 1957 384 
195 253 1 1.3384 253 7.87659 0.6325 0 0 0 2027 2027 385 
196 259 1 1.32502 259 8.51819 0.6475 0 0 0 2086 2086 389 
197 259 1 1.31177 259 8.51819 0.6475 0 0 0 2172 2172 390 
198 259 1 1.29865 259 8.25238 0.6475 0 0 0 2255 2255 391 
199 259 1 1.28566 259 8.25238 0.6475 0 0 0 2373 2373 393 
200 259 1 1.27281 259 8.25238 0.6475 0 0 0 2446 2446 394 
201 259 1 1.26008 259 8.19218 0.6475 0 0 0 2568 2568 396 
202 259 1 1.24748 259 8.19218 0.6475 0 0 0 2674 2674 399 
203 259 1 1.235 259 8.19218 0.6475 0 0 0 2769 2769 401 
204 259 1 1.22265 259 8.19218 0.6475 0 0 0 2870 2870 402 
205 259 1 1.21043 259 8.19218 0.6475 0 0 0 2958 2958 405 
206 260 1 1.19832 260 8.20886 0.65 0 0 0 3045 3045 409 
207 260 1 1.18634 260 8.20886 0.65 0 0 0 3158 3158 413 
208 260 1 1.17448 260 8.20886 0.65 0 0 0 3275 3275 415 
209 260 1 1.16273 260 8.20886 0.65 0 0 0 3455 3455 416 
210 266 1 1.1511 266 8.69975 0.665 0 0 0 3626 3626 420 
211 266 1 1.13959 266 8.69975 0.665 0 0 0 3819 3819 423 
212 266 1 1.1282 266 8.69975 0.665 0 0 0 4042 4042 428 
213 266 1 1.11692 266 8.69975 0.665 0 0 0 4266 4266 429 
214 266 1 1.10575 266 8.64801 0.665 0 0 0 4416 4416 432 
215 266 1 1.09469 266 8.52605 0.665 0 0 0 4556 4556 436 
216 266 1 1.08374 266 8.52605 0.665 0 0 0 4680 4680 438 
217 266 1 1.0729 266 8.11462 0.665 0 0 0 4769 4769 442 
218 266 1 1.06218 266 8.11462 0.665 0 0 0 4884 4884 444 
219 266 1 1.05155 266 8.11462 0.665 0 0 0 5071 5071 445 
220 266 1 1.04104 266 8.11462 0.665 0 0 0 5268 5268 448 
221 266 1 1.03063 266 8.11462 0.665 0 0 0 5486 5486 451 
222 266 1 1.02032 266 8.11462 0.665 0 0 0 5677 5677 454 
223 266 1 1.01012 266 8.11462 0.665 0 0 0 5895 5895 461 
224 266 1 1.00002 266 8.11462 0.665 0 0 0 6080 6080 463 
225 266 1 0.990017 266 8.11462 0.665 0 0 0 6288 6288 464 
226 266 1 0.980116 266 8.11462 0.665 0 0 0 6501 6501 465 
227 266 1 0.970315 266 8.11462 0.665 0 0 0 6713 6713 466 
228 266 1 0.960612 266 8.11462 0.665 0 0 0 6936 6936 470 
229 266 1 0.951006 266 8.11462 0.665 0 0 0 7231 7231 472 
230 277 1 0.941496 277 8.81859 0.6925 0 0 0 7460 7460 474 
231 277 1 0.932081 277 8.09662 0.6925 0 0 0 7770 7770 477 
232 277 1 0.92276 277 8.09662 0.6925 0 0 0 8094 8094 478 
233 277 1 0.913533 277 8.09662 0.6925 0 0 0 8461 8461 480 
234 277 1 0.904397 277 8.09662 0.6925 0 0 0 8872 8872 482 
235 277 1 0.895353 277 8.09662 0.6925 0 0 0 9481 9481 484 
236 277 1 0.8864 277 8.09662 0.6925 0 0 0 9946 9946 485 
237 277 1 0.877536 277 7.92573 0.6925 0 0 0 10177 10177 486 
238 277 1 0.868761 277 7.92573 0.6925 0 0 0 10510 10510 487 
239 277 1 0.860073 277 7.92573 0.6925 0 0 0 10822 10822 490 
240 277 1 0.851472 277 7.92573 0.6925 0 0 0 11037 11037 493 
241 277 1 0.842957 277 7.92573 0.6925 0 0 0 11187 11187 495 
242 277 1 0.834528 277 7.75066 0.6925 0 0 0 11372 11372 496 
243 277 1 0.826183 277 7.75066 0.6925 0 0 0 11530 11530 498 
244 277 1 0.817921 277 7.75066 0.6925 0 0 0 11710 11710 501 
245 283 1 0.809742 283 9.06239 0.7075 0 0 0 12031 12031 506 
246 283 1 0.801644 283 7.87968 0.7075 0 0 0 12304 12304 509 
247 283 1 0.793628 283 7.8309 0.7075 0 0 0 12513 12513 510 
248 283 1 0.785691 283 7.56815 0.7075 0 0 0 12804 12804 511 
249 283 1 0.777835 283 7.56815 0.7075 0 0 0 13097 13097 513 
250 283 1 0.770056 283 7.56815 0.7075 0 0 0 13381 13381 514 
251 284 1 0.762356 284 11.1917 0.71 0 0 0 13865 13865 520 
252 284 1 0.754732 284 11.0731 0.71 0 0 0 14312 14312 521 
253 284 1 0.747185 284 11.0731 0.71 0 0 0 14924 14924 525 
254 284 1 0.739713 284 11.0731 0.71 0 0 0 15938 15938 526 
255 284 1 0.732316 284 11.0731 0.71 0 0 0 16499 16499 530 
256 284 1 0.724993 284 11.0731 0.71 0 0 0 17350 17350 531 
257 284 1 0.717743 284 11.0731 0.71 0 0 0 18136 18136 535 
258 284 1 0.710565 284 11.0731 0.71 0 0 0 18690 18690 536 
259 284 1 0.70346 284 11.0731 0.71 0 0 0 19853 19853 539 
260 284 1 0.696425 284 11.0731 0.71 0 0 0 20960 20960 541 
261 284 1 0.689461 284 11.0731 0.71 0 0 0 21717 21717 544 
262 284 1 0.682566 284 11.0731 0.71 0 0 0 22723 22723 545 
263 284 1 0.67574 284 11.0731 0.71 0 0 0 24349 24349 546 
264 284 1 0.668983 284 11.0731 0.71 0 0 0 25691 25691 548 
265 284 1 0.662293 284 11.0731 0.71 0 0 0 27297 27297 549 
266 284 1 0.65567 284 11.0731 0.71 0 0 0 28900 28900 551 
267 284 1 0.649114 284 11.0731 0.71 0 0 0 31235 31235 552 
268 284 1 0.642623 284 11.0731 0.71 0 0 0 33395 33395 553 
269 284 1 0.636196 284 11.0685 0.71 0 0 0 34798 34798 554 
270 284 1 0.629834 284 11.0685 0.71 0 0 0 44979 44979 559 
271 284 1 0.623536 284 11.0685 0.71 0 0 0 49079 49079 560 
272 284 1 0.617301 284 11.0604 0.71 0 0 0 55644 55644 565 
273 284 1 0.611128 284 11.0604 0.71 0 0 0 68037 68037 566 
274 284 1 0.605016 284 11.0005 0.71 0 0 0 76002 76002 570 
275 284 1 0.598966 284 11.0005 0.71 0 0 0 89869 89869 571 
276 284 1 0.592977 284 11.0005 0.71 0 0 0 104232 104232 579 
277 284 1 0.587047 284 10.91 0.71 0 0 0 133905 133905 583 
278 284 1 0.581176 284 10.91 0.71 0 0 0 146332 146332 587 
279 284 1 0.575365 284 10.91 0.71 0 0 0 156157 156157 590 
280 287 1 0.569611 287 12.3435 0.7175 0 0 0 180925 180925 598 
281 295 1 0.563915 295 11.1351 0.7375 0 0 0 192806 192806 602 
282 295 1 0.558276 295 11.0945 0.7375 0 0 0 207908 207908 603 
283 295 1 0.552693 295 10.6125 0.7375 0 0 0 217460 217460 606 
284 295 1 0.547166 295 10.6125 0.7375 0 0 0 230929 230929 607 
285 295 1 0.541694 295 10.6125 0.7375 0 0 0 243765 243765 610 
286 295 1 0.536277 295 10.6123 0.7375 0 0 0 260804 260804 612 
287 295 1 0.530915 295 10.6123 0.7375 0 0 0 280396 280396 613 
288 298 1 0.525605 298 10.5247 0.745 0 0 0 343837 343837 616 
289 298 1 0.520349 298 10.491 0.745 0 0 0 395312 395312 619 
290 300 1 0.515146 300 10.5449 0.75 0 0 0 465102 465102 623 
291 300 1 0.509995 300 10.4603 0.75 0 0 0 528708 528708 626 
292 300 1 0.504895 300 10.4603 0.75 0 0 0 584415 584415 631 
293 300 1 0.499846 300 10.4603 0.75 0 0 0 648944 648944 632 
294 300 1 0.494847 300 10.4603 0.75 0 0 0 694753 694753 633 
295 300 1 0.489899 300 10.4603 0.75 0 0 0 781529 781529 634 
296 300 1 0.485 300 10.4603 0.75 0 0 0 876818 876818 635 
297 300 1 0.48015 300 10.4603 0.75 0 0 0 961574 961574 636 
298 304 1 0.475348 304 14.5342 0.76 0 0 0 1089035 1089035 647 
299 304 1 0.470595 304 14.5342 0.76 0 0 0 1173482 1173482 654 
300 304 1 0.465889 304 14.515 0.76 0 0 0 1300716 1300716 658 
301 304 1 0.46123 304 14.3246 0.76 0 0 0 1497790 1497790 666 
302 304 1 0.456618 304 14.3246 0.76 0 0 0 1695313 1695313 670 
