1 105 1 8.91 105 0 0.2625 0 0 0 0 0 0 
2 108 1 8.8209 108 0.1 0.27 0 0 0 0 0 1 
3 110 1 8.73269 110 0.195919 0.275 0 0 0 0 0 3 
4 112 1 8.64536 112 0.295919 0.28 0 0 0 0 0 4 
5 114 1 8.55891 114 0.395919 0.285 0 0 0 0 0 5 
6 115 1 8.47332 115 0.488365 0.2875 0 0 0 0 0 7 
7 115 1 8.38859 115 0.488365 0.2875 0 0 0 0 0 8 
8 122 1 8.3047 122 0.62186 0.305 0 0 0 0 0 10 
9 122 1 8.22165 122 0.62186 0.305 0 0 0 0 0 11 
10 122 1 8.13944 122 0.62186 0.305 0 0 0 0 0 12 
11 131 1 8.05804 131 0.72186 0.3275 0 0 0 0 0 13 
12 131 1 7.97746 131 0.72186 0.3275 0 0 0 0 0 14 
13 132 1 7.89769 132 1.03084 0.33 0 0 0 0 0 16 
14 133 1 7.81871 133 1.15732 0.3325 0 0 0 0 0 19 
15 141 1 7.74053 141 1.25557 0.3525 0 0 0 0 0 22 
16 141 1 7.66312 141 1.25557 0.3525 0 0 0 0 0 23 
17 142 1 7.58649 142 1.40416 0.355 0 0 0 0 0 25 
18 143 1 7.51062 143 1.50416 0.3575 0 0 0 0 0 26 
19 145 1 7.43552 145 1.65811 0.3625 0 0 0 0 0 28 
20 145 1 7.36116 145 1.65811 0.3625 0 0 0 0 0 29 
21 145 1 7.28755 145 1.65811 0.3625 0 0 0 0 0 30 
22 145 1 7.21468 145 1.65811 0.3625 0 0 0 0 0 31 
23 146 1 7.14253 146 1.7409 0.365 0 0 0 0 0 33 
24 146 1 7.0711 146 1.7409 0.365 0 0 0 0 0 34 
25 147 1 7.00039 147 2.02836 0.3675 0 0 0 1 1 36 
26 148 1 6.93039 148 2.08592 0.37 0 0 0 2 2 38 
27 148 1 6.86108 148 2.08592 0.37 0 0 0 3 3 42 
28 148 1 6.79247 148 2.08592 0.37 0 0 0 3 3 43 
29 148 1 6.72455 148 2.08592 0.37 0 0 0 4 4 44 
30 150 1 6.6573 150 2.51612 0.375 0 0 0 5 5 46 
31 150 1 6.59073 150 2.51612 0.375 0 0 0 6 6 47 
32 150 1 6.52482 150 2.51612 0.375 0 0 0 7 7 48 
33 150 1 6.45957 150 2.51612 0.375 0 0 0 8 8 49 
34 150 1 6.39498 150 2.51612 0.375 0 0 0 9 9 50 
35 150 1 6.33103 150 2.51612 0.375 0 0 0 10 10 51 
36 150 1 6.26772 150 2.51612 0.375 0 0 0 11 11 52 
37 150 1 6.20504 150 2.51612 0.375 0 0 0 12 12 53 
38 150 1 6.14299 150 2.51612 0.375 0 0 0 13 13 54 
39 150 1 6.08156 150 2.51612 0.375 0 0 0 14 14 55 
40 150 1 6.02075 150 2.51612 0.375 0 0 0 15 15 56 
41 150 1 5.96054 150 2.51612 0.375 0 0 0 16 16 57 
42 150 1 5.90093 150 2.51612 0.375 0 0 0 17 17 58 
43 151 1 5.84192 151 3.0701 0.3775 0 0 0 18 18 60 
44 152 1 5.7835 152 3.12806 0.38 0 0 0 19 19 62 
45 152 1 5.72567 152 3.12806 0.38 0 0 0 20 20 63 
46 152 1 5.66841 152 3.12806 0.38 0 0 0 21 21 64 
47 152 1 5.61173 152 3.12806 0.38 0 0 0 22 22 65 
48 152 1 5.55561 152 3.12806 0.38 0 0 0 23 23 66 
49 152 1 5.50005 152 3.12806 0.38 0 0 0 24 24 67 
50 152 1 5.44505 152 3.12806 0.38 0 0 0 25 25 68 
51 152 1 5.3906 152 3.12806 0.38 0 0 0 27 27 69 
52 152 1 5.3367 152 3.12806 0.38 0 0 0 28 28 70 
53 152 1 5.28333 152 3.12806 0.38 0 0 0 29 29 71 
54 152 1 5.2305 152 3.12806 0.38 0 0 0 30 30 72 
55 159 1 5.17819 159 3.53263 0.3975 0 0 0 31 31 74 
56 159 1 5.12641 159 3.53263 0.3975 0 0 0 33 33 75 
57 165 1 5.07515 165 3.88679 0.4125 0 0 0 35 35 78 
58 165 1 5.02439 165 3.88679 0.4125 0 0 0 37 37 79 
59 165 1 4.97415 165 3.88679 0.4125 0 0 0 39 39 80 
60 165 1 4.92441 165 3.88679 0.4125 0 0 0 40 40 81 
61 165 1 4.87516 165 3.88679 0.4125 0 0 0 41 41 82 
62 166 1 4.82641 166 4.53395 0.415 0 0 0 43 43 85 
63 166 1 4.77815 166 4.53395 0.415 0 0 0 45 45 86 
64 166 1 4.73037 166 4.53395 0.415 0 0 0 48 48 87 
65 166 1 4.68306 166 4.53395 0.415 0 0 0 50 50 88 
66 166 1 4.63623 166 4.53395 0.415 0 0 0 52 52 89 
67 166 1 4.58987 166 4.53395 0.415 0 0 0 54 54 90 
68 166 1 4.54397 166 4.53395 0.415 0 0 0 56 56 91 
69 166 1 4.49853 166 4.53395 0.415 0 0 0 58 58 92 
70 166 1 4.45355 166 4.53395 0.415 0 0 0 60 60 95 
71 166 1 4.40901 166 4.53395 0.415 0 0 0 62 62 96 
72 166 1 4.36492 166 4.53395 0.415 0 0 0 64 64 97 
73 166 1 4.32127 166 4.53395 0.415 0 0 0 66 66 98 
74 166 1 4.27806 166 4.53395 0.415 0 0 0 68 68 99 
75 166 1 4.23528 166 4.53395 0.415 0 0 0 70 70 100 
76 166 1 4.19293 166 4.53395 0.415 0 0 0 72 72 101 
77 166 1 4.151 166 4.53395 0.415 0 0 0 74 74 102 
78 166 1 4.10949 166 4.53395 0.415 0 0 0 76 76 103 
79 166 1 4.06839 166 4.53395 0.415 0 0 0 78 78 104 
80 166 1 4.02771 166 4.53395 0.415 0 0 0 80 80 105 
81 166 1 3.98743 166 4.53395 0.415 0 0 0 82 82 106 
82 166 1 3.94756 166 4.53395 0.415 0 0 0 84 84 107 
83 166 1 3.90808 166 4.53395 0.415 0 0 0 86 86 108 
84 166 1 3.869 166 4.53395 0.415 0 0 0 88 88 109 
85 166 1 3.83031 166 4.53395 0.415 0 0 0 90 90 110 
86 166 1 3.79201 166 4.53395 0.415 0 0 0 92 92 111 
87 166 1 3.75409 166 4.53395 0.415 0 0 0 94 94 112 
88 166 1 3.71655 166 4.53395 0.415 0 0 0 96 96 115 
89 166 1 3.67938 166 4.53395 0.415 0 0 0 98 98 116 
90 166 1 3.64259 166 4.53395 0.415 0 0 0 101 101 117 
91 166 1 3.60616 166 4.53395 0.415 0 0 0 103 103 118 
92 166 1 3.5701 166 4.53395 0.415 0 0 0 105 105 119 
93 166 1 3.5344 166 4.53395 0.415 0 0 0 107 107 120 
94 166 1 3.49905 166 4.53395 0.415 0 0 0 109 109 121 
95 178 1 3.46406 178 6.09696 0.445 0 0 0 112 112 127 
96 181 1 3.42942 181 6.91491 0.4525 0 0 0 115 115 130 
97 182 1 3.39513 182 7.16602 0.455 0 0 0 119 119 135 
98 182 1 3.36118 182 7.16602 0.455 0 0 0 122 122 136 
99 182 1 3.32757 182 7.16602 0.455 0 0 0 126 126 142 
100 187 1 3.29429 187 7.73088 0.4675 0 0 0 130 130 147 
101 187 1 3.26135 187 7.21633 0.4675 0 0 0 134 134 150 
102 187 1 3.22873 187 6.52124 0.4675 0 0 0 137 137 151 
103 187 1 3.19645 187 6.52124 0.4675 0 0 0 140 140 152 
104 187 1 3.16448 187 6.52124 0.4675 0 0 0 144 144 153 
105 187 1 3.13284 187 6.52124 0.4675 0 0 0 147 147 154 
106 187 1 3.10151 187 6.52124 0.4675 0 0 0 150 150 155 
107 187 1 3.07049 187 6.52124 0.4675 0 0 0 153 153 156 
108 187 1 3.03979 187 6.52124 0.4675 0 0 0 157 157 157 
109 187 1 3.00939 187 6.52124 0.4675 0 0 0 160 160 158 
110 187 1 2.9793 187 6.52124 0.4675 0 0 0 163 163 159 
111 187 1 2.9495 187 6.52124 0.4675 0 0 0 166 166 160 
112 187 1 2.92001 187 6.52124 0.4675 0 0 0 170 170 161 
113 187 1 2.89081 187 6.52124 0.4675 0 0 0 174 174 162 
114 187 1 2.8619 187 6.52124 0.4675 0 0 0 178 178 163 
115 187 1 2.83328 187 6.52124 0.4675 0 0 0 182 182 164 
116 187 1 2.80495 187 6.52124 0.4675 0 0 0 185 185 165 
117 187 1 2.7769 187 6.52124 0.4675 0 0 0 188 188 166 
118 187 1 2.74913 187 6.52124 0.4675 0 0 0 191 191 167 
119 187 1 2.72164 187 6.52124 0.4675 0 0 0 195 195 168 
120 193 1 2.69442 193 6.91087 0.4825 0 0 0 198 198 173 
121 193 1 2.66748 193 6.91087 0.4825 0 0 0 201 201 174 
122 193 1 2.6408 193 6.91087 0.4825 0 0 0 204 204 175 
123 196 1 2.6144 196 9.10092 0.49 0 0 0 211 211 179 
124 196 1 2.58825 196 9.10092 0.49 0 0 0 217 217 180 
125 196 1 2.56237 196 8.88615 0.49 0 0 0 223 223 182 
126 196 1 2.53675 196 8.88615 0.49 0 0 0 229 229 183 
127 196 1 2.51138 196 8.88615 0.49 0 0 0 238 238 189 
128 211 1 2.48626 211 10.7763 0.5275 0 0 0 248 248 197 
129 211 1 2.4614 211 10.7763 0.5275 0 0 0 259 259 200 
130 211 1 2.43679 211 10.6937 0.5275 0 0 0 270 270 202 
131 211 1 2.41242 211 10.6937 0.5275 0 0 0 283 283 203 
132 211 1 2.3883 211 10.525 0.5275 0 0 0 294 294 207 
133 211 1 2.36441 211 10.525 0.5275 0 0 0 304 304 210 
134 211 1 2.34077 211 10.4751 0.5275 0 0 0 315 315 211 
135 211 1 2.31736 211 10.4521 0.5275 0 0 0 326 326 213 
136 211 1 2.29419 211 10.4521 0.5275 0 0 0 338 338 214 
137 211 1 2.27125 211 10.4467 0.5275 0 0 0 350 350 217 
138 211 1 2.24853 211 10.4467 0.5275 0 0 0 364 364 218 
139 211 1 2.22605 211 10.4467 0.5275 0 0 0 377 377 219 
140 211 1 2.20379 211 9.33155 0.5275 0 0 0 389 389 223 
141 211 1 2.18175 211 9.33155 0.5275 0 0 0 401 401 224 
142 213 1 2.15993 213 9.66739 0.5325 0 0 0 412 412 231 
143 213 1 2.13833 213 9.66739 0.5325 0 0 0 423 423 232 
144 231 1 2.11695 231 9.81207 0.5775 0 0 0 432 432 235 
145 232 1 2.09578 232 9.83661 0.58 0 0 0 442 442 239 
146 232 1 2.07482 232 9.83661 0.58 0 0 0 453 453 240 
147 232 1 2.05407 232 9.0799 0.58 0 0 0 461 461 241 
148 232 1 2.03353 232 9.0799 0.58 0 0 0 470 470 244 
149 232 1 2.0132 232 9.0799 0.58 0 0 0 478 478 245 
150 232 1 1.99307 232 9.0799 0.58 0 0 0 487 487 247 
151 232 1 1.97314 232 9.0799 0.58 0 0 0 499 499 248 
152 232 1 1.9534 232 8.95495 0.58 0 0 0 509 509 250 
153 232 1 1.93387 232 8.95495 0.58 0 0 0 521 521 257 
154 233 1 1.91453 233 10.4399 0.5825 0 0 0 535 535 264 
155 233 1 1.89539 233 10.4399 0.5825 0 0 0 550 550 267 
156 233 1 1.87643 233 9.78786 0.5825 0 0 0 564 564 268 
157 233 1 1.85767 233 9.78786 0.5825 0 0 0 581 581 269 
158 233 1 1.83909 233 9.78786 0.5825 0 0 0 598 598 271 
159 233 1 1.8207 233 9.78786 0.5825 0 0 0 613 613 272 
160 233 1 1.80249 233 9.78786 0.5825 0 0 0 630 630 275 
161 233 1 1.78447 233 9.78786 0.5825 0 0 0 645 645 278 
162 233 1 1.76662 233 9.78786 0.5825 0 0 0 660 660 280 
163 233 1 1.74896 233 9.78786 0.5825 0 0 0 676 676 281 
164 233 1 1.73147 233 9.78786 0.5825 0 0 0 691 691 283 
165 233 1 1.71415 233 9.78786 0.5825 0 0 0 711 711 284 
166 233 1 1.69701 233 9.78786 0.5825 0 0 0 727 727 285 
167 233 1 1.68004 233 9.78786 0.5825 0 0 0 744 744 286 
168 233 1 1.66324 233 9.78786 0.5825 0 0 0 761 761 289 
169 233 1 1.64661 233 9.78786 0.5825 0 0 0 777 777 290 
170 233 1 1.63014 233 9.78786 0.5825 0 0 0 797 797 291 
171 236 1 1.61384 236 12.1003 0.59 0 0 0 848 848 298 
172 236 1 1.5977 236 12.1003 0.59 0 0 0 899 899 299 
173 237 1 1.58173 237 10.1759 0.5925 0 0 0 924 924 303 
174 237 1 1.56591 237 10.1759 0.5925 0 0 0 956 956 306 
175 237 1 1.55025 237 10.1759 0.5925 0 0 0 982 982 309 
176 237 1 1.53475 237 10.0178 0.5925 0 0 0 1011 1011 311 
177 237 1 1.5194 237 9.89403 0.5925 0 0 0 1036 1036 312 
178 237 1 1.50421 237 9.89403 0.5925 0 0 0 1062 1062 313 
179 237 1 1.48916 237 7.52462 0.5925 0 0 0 1082 1082 316 
180 243 1 1.47427 243 8.53178 0.6075 0 0 0 1122 1122 323 
181 245 1 1.45953 245 9.10929 0.6125 0 0 0 1169 1169 333 
182 245 1 1.44493 245 8.03854 0.6125 0 0 0 1220 1220 337 
183 253 1 1.43048 253 8.65924 0.6325 0 0 0 1288 1288 343 
184 253 1 1.41618 253 8.65924 0.6325 0 0 0 1358 1358 348 
185 253 1 1.40202 253 8.65924 0.6325 0 0 0 1423 1423 353 
186 253 1 1.388 253 8.49064 0.6325 0 0 0 1494 1494 356 
187 253 1 1.37412 253 8.22372 0.6325 0 0 0 1570 1570 359 
188 253 1 1.36038 253 8.22372 0.6325 0 0 0 1642 1642 364 
189 253 1 1.34677 253 8.22372 0.6325 0 0 0 1724 1724 365 
190 253 1 1.3333 253 8.00148 0.6325 0 0 0 1790 1790 366 
191 253 1 1.31997 253 8.00148 0.6325 0 0 0 1861 1861 371 
192 253 1 1.30677 253 8.00148 0.6325 0 0 0 1966 1966 372 
193 253 1 1.2937 253 8.00148 0.6325 0 0 0 2067 2067 374 
194 253 1 1.28077 253 8.00148 0.6325 0 0 0 2142 2142 377 
195 253 1 1.26796 253 8.00148 0.6325 0 0 0 2257 2257 379 
196 259 1 1.25528 259 8.33778 0.6475 0 0 0 2374 2374 383 
197 259 1 1.24273 259 8.33778 0.6475 0 0 0 2469 2469 385 
198 259 1 1.2303 259 8.33778 0.6475 0 0 0 2562 2562 387 
199 259 1 1.218 259 8.33778 0.6475 0 0 0 2661 2661 388 
200 259 1 1.20582 259 8.33778 0.6475 0 0 0 2772 2772 391 
201 259 1 1.19376 259 8.32494 0.6475 0 0 0 2865 2865 392 
202 259 1 1.18182 259 8.32494 0.6475 0 0 0 2957 2957 395 
203 259 1 1.17 259 8.32494 0.6475 0 0 0 3048 3048 398 
204 259 1 1.1583 259 8.0597 0.6475 0 0 0 3169 3169 399 
205 259 1 1.14672 259 8.0597 0.6475 0 0 0 3296 3296 402 
206 260 1 1.13525 260 9.28376 0.65 0 0 0 3487 3487 409 
207 260 1 1.1239 260 8.71824 0.65 0 0 0 3612 3612 411 
208 260 1 1.11266 260 8.71824 0.65 0 0 0 3821 3821 412 
209 260 1 1.10153 260 7.97739 0.65 0 0 0 3927 3927 415 
210 266 1 1.09052 266 8.27398 0.665 0 0 0 4062 4062 420 
211 266 1 1.07961 266 8.27398 0.665 0 0 0 4151 4151 423 
212 266 1 1.06882 266 8.27398 0.665 0 0 0 4260 4260 426 
213 266 1 1.05813 266 8.27398 0.665 0 0 0 4398 4398 429 
214 266 1 1.04755 266 8.27398 0.665 0 0 0 4550 4550 431 
215 266 1 1.03707 266 8.27398 0.665 0 0 0 4768 4768 434 
216 266 1 1.0267 266 8.27398 0.665 0 0 0 4967 4967 435 
217 266 1 1.01644 266 8.27398 0.665 0 0 0 5183 5183 436 
218 266 1 1.00627 266 8.27398 0.665 0 0 0 5420 5420 437 
219 266 1 0.996208 266 8.27398 0.665 0 0 0 5647 5647 441 
220 266 1 0.986246 266 8.27398 0.665 0 0 0 5830 5830 445 
221 266 1 0.976384 266 8.27398 0.665 0 0 0 6035 6035 447 
222 266 1 0.96662 266 8.27398 0.665 0 0 0 6341 6341 455 
223 266 1 0.956953 266 8.13603 0.665 0 0 0 6662 6662 456 
224 266 1 0.947384 266 8.13603 0.665 0 0 0 6865 6865 459 
225 266 1 0.93791 266 8.13603 0.665 0 0 0 7250 7250 461 
226 266 1 0.928531 266 8.13603 0.665 0 0 0 7658 7658 464 
227 266 1 0.919246 266 8.13603 0.665 0 0 0 8026 8026 465 
228 266 1 0.910053 266 8.13603 0.665 0 0 0 8493 8493 466 
229 266 1 0.900953 266 8.13603 0.665 0 0 0 8824 8824 470 
230 277 1 0.891943 277 8.31145 0.6925 0 0 0 9223 9223 473 
231 277 1 0.883024 277 8.31145 0.6925 0 0 0 9511 9511 476 
232 277 1 0.874193 277 8.03062 0.6925 0 0 0 9821 9821 477 
233 277 1 0.865452 277 7.93156 0.6925 0 0 0 10151 10151 478 
234 277 1 0.856797 277 7.93156 0.6925 0 0 0 10339 10339 482 
235 277 1 0.848229 277 7.93156 0.6925 0 0 0 10528 10528 485 
236 277 1 0.839747 277 7.84263 0.6925 0 0 0 10716 10716 486 
237 277 1 0.831349 277 7.84263 0.6925 0 0 0 10907 10907 488 
238 277 1 0.823036 277 7.84263 0.6925 0 0 0 11128 11128 491 
239 277 1 0.814805 277 7.84263 0.6925 0 0 0 11391 11391 492 
240 277 1 0.806657 277 7.84263 0.6925 0 0 0 11754 11754 493 
241 277 1 0.798591 277 7.84263 0.6925 0 0 0 12081 12081 495 
242 277 1 0.790605 277 7.57498 0.6925 0 0 0 12340 12340 496 
243 277 1 0.782699 277 7.5045 0.6925 0 0 0 12647 12647 498 
244 277 1 0.774872 277 7.5045 0.6925 0 0 0 12874 12874 499 
245 283 1 0.767123 283 7.96743 0.7075 0 0 0 13115 13115 501 
246 283 1 0.759452 283 7.64567 0.7075 0 0 0 13425 13425 503 
247 283 1 0.751857 283 7.6389 0.7075 0 0 0 13749 13749 504 
248 283 1 0.744339 283 7.58322 0.7075 0 0 0 14039 14039 505 
249 283 1 0.736895 283 7.58322 0.7075 0 0 0 14391 14391 506 
250 283 1 0.729526 283 7.54931 0.7075 0 0 0 14710 14710 507 
251 284 1 0.722231 284 11.2466 0.71 0 0 0 15251 15251 512 
252 284 1 0.715009 284 11.0405 0.71 0 0 0 15718 15718 517 
253 284 1 0.707859 284 11.0405 0.71 0 0 0 16651 16651 520 
254 284 1 0.70078 284 11.0405 0.71 0 0 0 17568 17568 522 
255 284 1 0.693772 284 11.0405 0.71 0 0 0 18284 18284 524 
256 284 1 0.686835 284 11.0405 0.71 0 0 0 19021 19021 526 
257 284 1 0.679966 284 11.0405 0.71 0 0 0 20142 20142 529 
258 284 1 0.673167 284 11.0405 0.71 0 0 0 21091 21091 531 
259 284 1 0.666435 284 11.0405 0.71 0 0 0 22177 22177 534 
260 284 1 0.659771 284 11.0405 0.71 0 0 0 23319 23319 535 
261 284 1 0.653173 284 11.0405 0.71 0 0 0 25217 25217 536 
262 284 1 0.646641 284 11.0405 0.71 0 0 0 27075 27075 537 
263 284 1 0.640175 284 11.0405 0.71 0 0 0 29199 29199 538 
264 284 1 0.633773 284 11.0405 0.71 0 0 0 30520 30520 542 
265 284 1 0.627435 284 11.0405 0.71 0 0 0 35308 35308 543 
266 284 1 0.621161 284 11.0405 0.71 0 0 0 42885 42885 544 
267 284 1 0.614949 284 11.0405 0.71 0 0 0 56921 56921 552 
268 284 1 0.6088 284 10.9592 0.71 0 0 0 66180 66180 553 
269 284 1 0.602712 284 10.9592 0.71 0 0 0 75730 75730 554 
270 284 1 0.596685 284 10.9592 0.71 0 0 0 88372 88372 561 
271 284 1 0.590718 284 10.9592 0.71 0 0 0 105162 105162 566 
272 284 1 0.584811 284 10.9592 0.71 0 0 0 122000 122000 567 
273 284 1 0.578963 284 10.7471 0.71 0 0 0 135281 135281 572 
274 284 1 0.573173 284 10.7471 0.71 0 0 0 148405 148405 581 
275 284 1 0.567441 284 10.7436 0.71 0 0 0 167115 167115 584 
276 284 1 0.561767 284 10.7436 0.71 0 0 0 178268 178268 590 
277 284 1 0.556149 284 10.7436 0.71 0 0 0 193145 193145 591 
278 284 1 0.550588 284 10.5779 0.71 0 0 0 204712 204712 594 
279 284 1 0.545082 284 10.4224 0.71 0 0 0 212912 212912 595 
280 287 1 0.539631 287 12.3083 0.7175 0 0 0 227210 227210 603 
281 295 1 0.534235 295 10.7204 0.7375 0 0 0 237802 237802 605 
282 295 1 0.528892 295 10.6899 0.7375 0 0 0 252761 252761 608 
283 295 1 0.523603 295 10.5955 0.7375 0 0 0 269717 269717 609 
284 295 1 0.518367 295 10.575 0.7375 0 0 0 287081 287081 611 
285 295 1 0.513184 295 10.4375 0.7375 0 0 0 305535 305535 612 
286 295 1 0.508052 295 10.0622 0.7375 0 0 0 327469 327469 614 
287 295 1 0.502971 295 10.0622 0.7375 0 0 0 368255 368255 615 
288 298 1 0.497942 298 10.6611 0.745 0 0 0 428167 428167 622 
289 298 1 0.492962 298 10.5881 0.745 0 0 0 493196 493196 624 
290 300 1 0.488033 300 10.4311 0.75 0 0 0 536105 536105 626 
291 300 1 0.483152 300 10.4311 0.75 0 0 0 583262 583262 629 
292 300 1 0.478321 300 10.4311 0.75 0 0 0 654229 654229 631 
293 300 1 0.473538 300 10.4311 0.75 0 0 0 719247 719247 632 
294 300 1 0.468802 300 10.4311 0.75 0 0 0 797168 797168 633 
295 300 1 0.464114 300 10.4311 0.75 0 0 0 881004 881004 635 
296 300 1 0.459473 300 10.4311 0.75 0 0 0 993434 993434 638 
297 300 1 0.454878 300 10.2985 0.75 0 0 0 1131872 1131872 639 
298 304 1 0.45033 304 14.4219 0.76 0 0 0 1276941 1276941 650 
299 304 1 0.445826 304 14.4173 0.76 0 0 0 1427788 1427788 656 
300 304 1 0.441368 304 14.4173 0.76 0 0 0 1584297 1584297 661 
301 304 1 0.436954 304 14.2304 0.76 0 0 0 1741355 1741355 669 
