1 105 0.01 8.91 105 0 0.2625 0 0 0 0 0 0 
95 178 0.615104 3.46406 170 4.19824 0.425 0 0 0 8 8 107 
144 231 0.764783 2.11695 216 6.16264 0.54 0 0 0 27 27 170 
192 253 0.854803 1.30677 236 8.76715 0.59 0 0 0 70 70 238 
218 266 0.888192 1.00627 250 6.12706 0.625 0 0 0 119 119 272 
232 277 0.902867 0.874193 256 6.5384 0.64 0 0 0 180 180 292 
245 283 0.914764 0.767123 272 6.65231 0.68 0 0 0 245 245 312 
281 295 0.940641 0.534235 290 6.61928 0.725 0 0 0 425 425 356 
307 304 0.954291 0.411384 296 7.33837 0.74 0 0 0 1479 1479 396 
348 306 0.969728 0.272452 297 7.96968 0.7425 0 0 0 18496 18496 449 
351 306 0.970627 0.26436 298 7.77801 0.745 0 0 0 42545 42545 460 
358 312 0.972622 0.246401 304 9.07158 0.76 0 0 0 111485 111485 479 
365 312 0.974482 0.229662 305 11.4307 0.7625 0 0 0 175853 175853 507 
378 312 0.977607 0.201533 306 11.2532 0.765 0 0 0 297348 297348 538 
383 314 0.978705 0.191656 308 11.957 0.77 0 0 0 444040 444040 561 
394 314 0.980934 0.171597 309 12.3212 0.7725 0 0 0 763714 763714 581 
395 318 0.981124 0.169881 312 11.878 0.78 0 0 0 1112377 1112377 589 
396 321 0.981313 0.168182 316 13.0878 0.79 0 0 0 1472174 1472174 597 
