1 105 1 1 105 0 0.2625 0 0 0 0 0 0 
2 108 1 1 108 0.1 0.27 0 0 0 0 0 1 
3 110 1 1 110 0.195919 0.275 0 0 0 0 0 3 
4 112 1 1 112 0.295919 0.28 0 0 0 0 0 4 
5 114 1 1 114 0.395919 0.285 0 0 0 0 0 5 
6 115 1 1 115 0.488365 0.2875 0 0 0 0 0 7 
7 115 1 1 115 0.488365 0.2875 0 0 0 0 0 8 
8 122 1 1 122 0.62186 0.305 0 0 0 0 0 10 
9 122 1 1 122 0.62186 0.305 0 0 0 0 0 11 
10 122 1 1 122 0.62186 0.305 0 0 0 0 0 12 
11 131 1 1 131 0.72186 0.3275 0 0 0 0 0 13 
12 131 1 1 131 0.72186 0.3275 0 0 0 0 0 14 
13 132 1 1 132 1.03084 0.33 0 0 0 0 0 16 
14 133 1 1 133 1.15732 0.3325 0 0 0 0 0 19 
15 141 1 1 141 1.25557 0.3525 0 0 0 0 0 22 
16 141 1 1 141 1.25557 0.3525 0 0 0 0 0 23 
17 142 1 1 142 1.40416 0.355 0 0 0 0 0 25 
18 143 1 1 143 1.50416 0.3575 0 0 0 0 0 26 
19 145 1 1 145 1.65811 0.3625 0 0 0 0 0 28 
20 145 1 1 145 1.65811 0.3625 0 0 0 0 0 29 
21 145 1 1 145 1.65811 0.3625 0 0 0 0 0 30 
22 145 1 1 145 1.65811 0.3625 0 0 0 0 0 31 
23 146 1 1 146 1.7409 0.365 0 0 0 0 0 33 
24 146 1 1 146 1.7409 0.365 0 0 0 0 0 34 
25 147 1 1 147 2.02836 0.3675 0 0 0 1 1 36 
26 148 1 1 148 2.08592 0.37 0 0 0 1 1 38 
27 148 1 1 148 2.08592 0.37 0 0 0 1 1 42 
28 148 1 1 148 2.08592 0.37 0 0 0 1 1 43 
29 148 1 1 148 2.08592 0.37 0 0 0 1 1 44 
30 150 1 1 150 2.51612 0.375 0 0 0 2 2 46 
31 150 1 1 150 2.51612 0.375 0 0 0 3 3 47 
32 150 1 1 150 2.51612 0.375 0 0 0 4 4 48 
33 150 1 1 150 2.51612 0.375 0 0 0 5 5 49 
34 150 1 1 150 2.51612 0.375 0 0 0 6 6 50 
35 150 1 1 150 2.51612 0.375 0 0 0 7 7 51 
36 150 1 1 150 2.51612 0.375 0 0 0 8 8 52 
37 150 1 1 150 2.51612 0.375 0 0 0 9 9 53 
38 150 1 1 150 2.51612 0.375 0 0 0 11 11 54 
39 150 1 1 150 2.51612 0.375 0 0 0 12 12 55 
40 150 1 1 150 2.51612 0.375 0 0 0 13 13 56 
41 150 1 1 150 2.51612 0.375 0 0 0 14 14 57 
42 150 1 1 150 2.51612 0.375 0 0 0 15 15 58 
43 151 1 1 151 3.0701 0.3775 0 0 0 16 16 60 
44 152 1 1 152 3.12806 0.38 0 0 0 18 18 62 
45 152 1 1 152 3.12806 0.38 0 0 0 21 21 63 
46 152 1 1 152 3.12806 0.38 0 0 0 22 22 64 
47 152 1 1 152 3.12806 0.38 0 0 0 24 24 65 
48 152 1 1 152 3.12806 0.38 0 0 0 25 25 66 
49 152 1 1 152 3.12806 0.38 0 0 0 26 26 67 
50 152 1 1 152 3.12806 0.38 0 0 0 28 28 68 
51 152 1 1 152 3.12806 0.38 0 0 0 30 30 69 
52 152 1 1 152 3.12806 0.38 0 0 0 32 32 70 
53 152 1 1 152 3.12806 0.38 0 0 0 33 33 71 
54 152 1 1 152 3.12806 0.38 0 0 0 34 34 72 
55 159 1 1 159 3.53263 0.3975 0 0 0 36 36 74 
56 159 1 1 159 3.53263 0.3975 0 0 0 38 38 75 
57 165 1 1 165 3.88679 0.4125 0 0 0 40 40 78 
58 165 1 1 165 3.88679 0.4125 0 0 0 43 43 79 
59 165 1 1 165 3.88679 0.4125 0 0 0 46 46 80 
60 165 1 1 165 3.88679 0.4125 0 0 0 48 48 81 
61 165 1 1 165 3.88679 0.4125 0 0 0 50 50 82 
62 166 1 1 166 4.1305 0.415 0 0 0 59 59 86 
63 166 1 1 166 4.1305 0.415 0 0 0 67 67 87 
64 166 1 1 166 4.1305 0.415 0 0 0 75 75 88 
65 166 1 1 166 4.1305 0.415 0 0 0 83 83 89 
66 166 1 1 166 4.1305 0.415 0 0 0 91 91 90 
67 166 1 1 166 4.1305 0.415 0 0 0 99 99 91 
68 166 1 1 166 4.1305 0.415 0 0 0 113 113 92 
69 166 1 1 166 4.1305 0.415 0 0 0 123 123 93 
70 166 1 1 166 4.10029 0.415 0 0 0 130 130 96 
71 166 1 1 166 4.10029 0.415 0 0 0 136 136 97 
72 166 1 1 166 4.10029 0.415 0 0 0 143 143 98 
73 166 1 1 166 4.10029 0.415 0 0 0 149 149 99 
74 166 1 1 166 4.10029 0.415 0 0 0 156 156 100 
75 166 1 1 166 4.10029 0.415 0 0 0 163 163 101 
76 166 1 1 166 4.10029 0.415 0 0 0 169 169 102 
77 166 1 1 166 4.10029 0.415 0 0 0 176 176 103 
78 166 1 1 166 4.10029 0.415 0 0 0 182 182 104 
79 166 1 1 166 4.10029 0.415 0 0 0 189 189 105 
80 166 1 1 166 4.10029 0.415 0 0 0 196 196 106 
81 166 1 1 166 4.10029 0.415 0 0 0 203 203 107 
82 166 1 1 166 4.10029 0.415 0 0 0 210 210 108 
83 166 1 1 166 4.10029 0.415 0 0 0 217 217 109 
84 166 1 1 166 4.10029 0.415 0 0 0 225 225 110 
85 166 1 1 166 4.10029 0.415 0 0 0 232 232 111 
86 166 1 1 166 4.10029 0.415 0 0 0 239 239 112 
87 166 1 1 166 4.10029 0.415 0 0 0 246 246 113 
88 166 1 1 166 4.10029 0.415 0 0 0 257 257 116 
89 166 1 1 166 4.10029 0.415 0 0 0 268 268 121 
90 166 1 1 166 4.10029 0.415 0 0 0 279 279 122 
91 166 1 1 166 4.10029 0.415 0 0 0 289 289 123 
92 166 1 1 166 4.10029 0.415 0 0 0 300 300 124 
93 166 1 1 166 4.10029 0.415 0 0 0 311 311 125 
94 166 1 1 166 4.10029 0.415 0 0 0 321 321 126 
95 178 1 1 178 4.48303 0.445 0 0 0 336 336 129 
96 181 1 1 181 5.44244 0.4525 0 0 0 352 352 132 
97 182 1 1 182 5.4805 0.455 0 0 0 367 367 134 
98 182 1 1 182 5.4805 0.455 0 0 0 383 383 135 
99 182 1 1 182 5.4805 0.455 0 0 0 400 400 136 
100 187 1 1 187 6.0132 0.4675 0 0 0 417 417 140 
101 187 1 1 187 6.0132 0.4675 0 0 0 433 433 141 
102 187 1 1 187 6.0132 0.4675 0 0 0 450 450 142 
103 187 1 1 187 6.0132 0.4675 0 0 0 466 466 143 
104 187 1 1 187 6.0132 0.4675 0 0 0 483 483 144 
105 187 1 1 187 6.0132 0.4675 0 0 0 499 499 145 
106 187 1 1 187 6.0132 0.4675 0 0 0 516 516 146 
107 187 1 1 187 6.0132 0.4675 0 0 0 533 533 147 
108 187 1 1 187 6.0132 0.4675 0 0 0 551 551 148 
109 187 1 1 187 6.0132 0.4675 0 0 0 568 568 149 
110 187 1 1 187 6.0132 0.4675 0 0 0 587 587 150 
111 187 1 1 187 6.0132 0.4675 0 0 0 606 606 151 
112 187 1 1 187 6.0132 0.4675 0 0 0 623 623 152 
113 187 1 1 187 6.0132 0.4675 0 0 0 640 640 153 
114 187 1 1 187 6.0132 0.4675 0 0 0 657 657 154 
115 187 1 1 187 6.0132 0.4675 0 0 0 676 676 155 
116 187 1 1 187 6.0132 0.4675 0 0 0 694 694 156 
117 187 1 1 187 6.0132 0.4675 0 0 0 712 712 157 
118 187 1 1 187 6.0132 0.4675 0 0 0 729 729 158 
119 187 1 1 187 6.0132 0.4675 0 0 0 748 748 159 
120 193 1 1 193 5.90131 0.4825 0 0 0 768 768 164 
121 193 1 1 193 5.90131 0.4825 0 0 0 789 789 165 
122 193 1 1 193 5.90131 0.4825 0 0 0 811 811 166 
123 196 1 1 196 8.09136 0.49 0 0 0 835 835 170 
124 196 1 1 196 8.09136 0.49 0 0 0 858 858 171 
125 196 1 1 196 8.09136 0.49 0 0 0 880 880 172 
126 196 1 1 196 8.09136 0.49 0 0 0 903 903 173 
127 196 1 1 196 8.09136 0.49 0 0 0 930 930 179 
128 211 1 1 211 8.7549 0.5275 0 0 0 974 974 191 
129 211 1 1 211 8.70357 0.5275 0 0 0 1018 1018 194 
130 211 1 1 211 8.70357 0.5275 0 0 0 1063 1063 198 
131 211 1 1 211 8.44927 0.5275 0 0 0 1106 1106 202 
132 211 1 1 211 8.44927 0.5275 0 0 0 1148 1148 203 
133 211 1 1 211 8.44927 0.5275 0 0 0 1190 1190 206 
134 211 1 1 211 8.44927 0.5275 0 0 0 1233 1233 211 
135 211 1 1 211 8.44927 0.5275 0 0 0 1271 1271 212 
136 211 1 1 211 8.44927 0.5275 0 0 0 1315 1315 213 
137 211 1 1 211 8.44927 0.5275 0 0 0 1357 1357 216 
138 211 1 1 211 8.44927 0.5275 0 0 0 1400 1400 217 
139 211 1 1 211 8.44927 0.5275 0 0 0 1442 1442 218 
140 211 1 1 211 8.44927 0.5275 0 0 0 1484 1484 219 
141 211 1 1 211 8.44927 0.5275 0 0 0 1533 1533 222 
142 213 1 1 213 9.02563 0.5325 0 0 0 1572 1572 230 
143 213 1 1 213 8.89777 0.5325 0 0 0 1611 1611 235 
144 231 1 1 231 9.14984 0.5775 0 0 0 1655 1655 243 
145 232 1 1 232 9.08753 0.58 0 0 0 1698 1698 249 
146 232 1 1 232 8.93548 0.58 0 0 0 1741 1741 251 
147 232 1 1 232 8.93548 0.58 0 0 0 1780 1780 256 
148 232 1 1 232 8.93548 0.58 0 0 0 1822 1822 259 
149 232 1 1 232 8.93548 0.58 0 0 0 1865 1865 261 
150 232 1 1 232 8.93548 0.58 0 0 0 1905 1905 262 
151 232 1 1 232 8.93548 0.58 0 0 0 1948 1948 263 
152 232 1 1 232 8.93548 0.58 0 0 0 1992 1992 270 
153 232 1 1 232 8.93548 0.58 0 0 0 2038 2038 271 
154 233 1 1 233 9.85395 0.5825 0 0 0 2089 2089 279 
155 233 1 1 233 9.85395 0.5825 0 0 0 2135 2135 281 
156 233 1 1 233 9.85395 0.5825 0 0 0 2183 2183 282 
157 233 1 1 233 9.85395 0.5825 0 0 0 2233 2233 283 
158 233 1 1 233 9.85395 0.5825 0 0 0 2282 2282 285 
159 233 1 1 233 9.85395 0.5825 0 0 0 2334 2334 286 
160 233 1 1 233 9.85395 0.5825 0 0 0 2380 2380 288 
161 233 1 1 233 9.85395 0.5825 0 0 0 2432 2432 289 
162 233 1 1 233 9.85395 0.5825 0 0 0 2482 2482 290 
163 233 1 1 233 9.85395 0.5825 0 0 0 2529 2529 291 
164 233 1 1 233 9.85395 0.5825 0 0 0 2580 2580 292 
165 233 1 1 233 9.85395 0.5825 0 0 0 2628 2628 293 
166 233 1 1 233 9.85395 0.5825 0 0 0 2681 2681 294 
167 233 1 1 233 9.8347 0.5825 0 0 0 2728 2728 296 
168 233 1 1 233 9.8347 0.5825 0 0 0 2777 2777 297 
169 233 1 1 233 9.8347 0.5825 0 0 0 2826 2826 298 
170 233 1 1 233 9.8347 0.5825 0 0 0 2875 2875 299 
171 236 1 1 236 12.1003 0.59 0 0 0 2959 2959 304 
172 236 1 1 236 12.1003 0.59 0 0 0 3049 3049 305 
173 237 1 1 237 10.0573 0.5925 0 0 0 3110 3110 311 
174 237 1 1 237 9.9328 0.5925 0 0 0 3167 3167 312 
175 237 1 1 237 9.9328 0.5925 0 0 0 3222 3222 313 
176 237 1 1 237 9.9328 0.5925 0 0 0 3283 3283 314 
177 237 1 1 237 9.9328 0.5925 0 0 0 3347 3347 317 
178 237 1 1 237 9.9328 0.5925 0 0 0 3422 3422 323 
179 237 1 1 237 7.35222 0.5925 0 0 0 3473 3473 326 
180 243 1 1 243 8.13764 0.6075 0 0 0 3573 3573 331 
181 245 1 1 245 7.63722 0.6125 0 0 0 3663 3663 335 
182 245 1 1 245 7.63722 0.6125 0 0 0 3767 3767 343 
183 253 1 1 253 7.87201 0.6325 0 0 0 3920 3920 348 
184 253 1 1 253 7.87201 0.6325 0 0 0 4053 4053 351 
185 253 1 1 253 7.87201 0.6325 0 0 0 4195 4195 353 
186 253 1 1 253 7.87201 0.6325 0 0 0 4326 4326 355 
187 253 1 1 253 7.87201 0.6325 0 0 0 4478 4478 358 
188 253 1 1 253 7.87201 0.6325 0 0 0 4616 4616 359 
189 253 1 1 253 7.87201 0.6325 0 0 0 4765 4765 363 
190 253 1 1 253 7.7607 0.6325 0 0 0 4937 4937 365 
191 253 1 1 253 7.7607 0.6325 0 0 0 5076 5076 367 
192 253 1 1 253 7.7607 0.6325 0 0 0 5216 5216 370 
193 253 1 1 253 7.7607 0.6325 0 0 0 5357 5357 374 
194 253 1 1 253 7.7607 0.6325 0 0 0 5499 5499 375 
195 253 1 1 253 7.7607 0.6325 0 0 0 5670 5670 377 
196 259 1 1 259 8.37168 0.6475 0 0 0 5835 5835 381 
197 259 1 1 259 8.37168 0.6475 0 0 0 5994 5994 383 
198 259 1 1 259 8.09918 0.6475 0 0 0 6115 6115 384 
199 259 1 1 259 8.09918 0.6475 0 0 0 6271 6271 385 
200 259 1 1 259 8.09918 0.6475 0 0 0 6437 6437 388 
201 259 1 1 259 8.09918 0.6475 0 0 0 6594 6594 390 
202 259 1 1 259 8.09918 0.6475 0 0 0 6722 6722 393 
203 259 1 1 259 8.09918 0.6475 0 0 0 6855 6855 394 
204 259 1 1 259 8.09918 0.6475 0 0 0 6997 6997 395 
205 259 1 1 259 8.09918 0.6475 0 0 0 7157 7157 396 
206 260 1 1 260 8.36638 0.65 0 0 0 7344 7344 401 
207 260 1 1 260 8.33825 0.65 0 0 0 7520 7520 403 
208 260 1 1 260 8.33825 0.65 0 0 0 7664 7664 404 
209 260 1 1 260 8.33825 0.65 0 0 0 7823 7823 406 
210 266 1 1 266 8.39448 0.665 0 0 0 8007 8007 411 
211 266 1 1 266 8.26519 0.665 0 0 0 8215 8215 413 
212 266 1 1 266 8.26519 0.665 0 0 0 8404 8404 414 
213 266 1 1 266 8.26519 0.665 0 0 0 8630 8630 421 
214 266 1 1 266 8.26519 0.665 0 0 0 8856 8856 422 
215 266 1 1 266 8.26519 0.665 0 0 0 9047 9047 426 
216 266 1 1 266 8.26519 0.665 0 0 0 9223 9223 427 
217 266 1 1 266 8.26519 0.665 0 0 0 9387 9387 429 
218 266 1 1 266 8.26519 0.665 0 0 0 9570 9570 430 
219 266 1 1 266 8.26519 0.665 0 0 0 9750 9750 431 
220 266 1 1 266 8.26519 0.665 0 0 0 9934 9934 432 
221 266 1 1 266 8.26519 0.665 0 0 0 10118 10118 433 
222 266 1 1 266 8.26519 0.665 0 0 0 10304 10304 434 
223 266 1 1 266 8.26519 0.665 0 0 0 10501 10501 436 
224 266 1 1 266 7.98114 0.665 0 0 0 10669 10669 437 
225 266 1 1 266 7.98114 0.665 0 0 0 10842 10842 442 
226 266 1 1 266 7.98114 0.665 0 0 0 11011 11011 444 
227 266 1 1 266 7.98114 0.665 0 0 0 11228 11228 445 
228 266 1 1 266 7.98114 0.665 0 0 0 11443 11443 447 
229 266 1 1 266 7.98114 0.665 0 0 0 11632 11632 448 
230 277 1 1 277 8.44245 0.6925 0 0 0 11832 11832 450 
231 277 1 1 277 8.44245 0.6925 0 0 0 12137 12137 453 
232 277 1 1 277 8.38852 0.6925 0 0 0 12437 12437 454 
233 277 1 1 277 8.38852 0.6925 0 0 0 12620 12620 455 
234 277 1 1 277 8.38852 0.6925 0 0 0 12825 12825 457 
235 277 1 1 277 8.38852 0.6925 0 0 0 12979 12979 458 
236 277 1 1 277 8.37971 0.6925 0 0 0 13174 13174 459 
237 277 1 1 277 8.37971 0.6925 0 0 0 13363 13363 460 
238 277 1 1 277 8.37971 0.6925 0 0 0 13570 13570 462 
239 277 1 1 277 8.37971 0.6925 0 0 0 13804 13804 463 
240 277 1 1 277 8.37971 0.6925 0 0 0 14023 14023 464 
241 277 1 1 277 8.37971 0.6925 0 0 0 14233 14233 465 
242 277 1 1 277 8.37971 0.6925 0 0 0 14424 14424 467 
243 277 1 1 277 8.37971 0.6925 0 0 0 14623 14623 468 
244 277 1 1 277 8.37971 0.6925 0 0 0 14781 14781 469 
245 283 1 1 283 8.51534 0.7075 0 0 0 14987 14987 471 
246 283 1 1 283 8.44768 0.7075 0 0 0 15200 15200 472 
247 283 1 1 283 8.43966 0.7075 0 0 0 15432 15432 473 
248 283 1 1 283 8.43966 0.7075 0 0 0 15615 15615 474 
249 283 1 1 283 8.43966 0.7075 0 0 0 15859 15859 477 
250 283 1 1 283 8.43966 0.7075 0 0 0 16035 16035 478 
251 284 1 1 284 12.0671 0.71 0 0 0 16258 16258 483 
252 284 1 1 284 12.0671 0.71 0 0 0 16512 16512 486 
253 284 1 1 284 12.0671 0.71 0 0 0 16836 16836 489 
254 284 1 1 284 12.0671 0.71 0 0 0 17086 17086 492 
255 284 1 1 284 12.0671 0.71 0 0 0 17395 17395 495 
256 284 1 1 284 12.004 0.71 0 0 0 17659 17659 497 
257 284 1 1 284 12.004 0.71 0 0 0 17932 17932 498 
258 284 1 1 284 12.004 0.71 0 0 0 18234 18234 499 
259 284 1 1 284 12.004 0.71 0 0 0 18614 18614 500 
260 284 1 1 284 12.004 0.71 0 0 0 18893 18893 501 
261 284 1 1 284 12.004 0.71 0 0 0 19215 19215 502 
262 284 1 1 284 12.004 0.71 0 0 0 19473 19473 504 
263 284 1 1 284 11.9897 0.71 0 0 0 19692 19692 505 
264 284 1 1 284 11.9897 0.71 0 0 0 19951 19951 506 
265 284 1 1 284 11.9897 0.71 0 0 0 20235 20235 510 
266 284 1 1 284 11.9897 0.71 0 0 0 20479 20479 511 
267 284 1 1 284 11.9708 0.71 0 0 0 20730 20730 512 
268 284 1 1 284 11.9708 0.71 0 0 0 21017 21017 513 
269 284 1 1 284 11.9708 0.71 0 0 0 21275 21275 514 
270 284 1 1 284 11.9708 0.71 0 0 0 21572 21572 515 
271 284 1 1 284 11.9708 0.71 0 0 0 21832 21832 516 
272 284 1 1 284 11.9708 0.71 0 0 0 22129 22129 517 
273 284 1 1 284 11.9708 0.71 0 0 0 22434 22434 519 
274 284 1 1 284 11.9708 0.71 0 0 0 22781 22781 520 
275 284 1 1 284 11.9708 0.71 0 0 0 23041 23041 522 
276 284 1 1 284 11.9708 0.71 0 0 0 23316 23316 523 
277 284 1 1 284 11.9708 0.71 0 0 0 23645 23645 524 
278 284 1 1 284 11.9708 0.71 0 0 0 23906 23906 525 
279 284 1 1 284 11.9708 0.71 0 0 0 24175 24175 526 
280 287 1 1 287 14.2492 0.7175 0 0 0 24538 24538 532 
281 295 1 1 295 11.8266 0.7375 0 0 0 24899 24899 536 
282 295 1 1 295 11.8266 0.7375 0 0 0 25199 25199 539 
283 295 1 1 295 11.8266 0.7375 0 0 0 25505 25505 542 
284 295 1 1 295 11.8266 0.7375 0 0 0 25822 25822 545 
285 295 1 1 295 11.8266 0.7375 0 0 0 26124 26124 550 
286 295 1 1 295 11.8151 0.7375 0 0 0 26388 26388 551 
287 295 1 1 295 11.8151 0.7375 0 0 0 26709 26709 553 
288 298 1 1 298 12.2786 0.745 0 0 0 27232 27232 556 
289 298 1 1 298 12.2451 0.745 0 0 0 27809 27809 558 
290 300 1 1 300 12.6432 0.75 0 0 0 28531 28531 562 
291 300 1 1 300 12.3369 0.75 0 0 0 29021 29021 564 
292 300 1 1 300 12.2707 0.75 0 0 0 29513 29513 568 
293 300 1 1 300 12.2707 0.75 0 0 0 30087 30087 572 
294 300 1 1 300 12.2707 0.75 0 0 0 30679 30679 573 
295 300 1 1 300 12.2707 0.75 0 0 0 31156 31156 574 
296 300 1 1 300 12.2707 0.75 0 0 0 31966 31966 577 
297 300 1 1 300 12.2707 0.75 0 0 0 32567 32567 581 
298 304 1 1 304 15.464 0.76 0 0 0 33518 33518 585 
299 304 1 1 304 15.464 0.76 0 0 0 34299 34299 586 
300 304 1 1 304 15.464 0.76 0 0 0 35110 35110 587 
301 304 1 1 304 15.464 0.76 0 0 0 36174 36174 593 
302 304 1 1 304 15.464 0.76 0 0 0 37384 37384 596 
303 304 1 1 304 15.464 0.76 0 0 0 38283 38283 606 
304 304 1 1 304 15.464 0.76 0 0 0 39388 39388 610 
305 304 1 1 304 15.464 0.76 0 0 0 40494 40494 614 
306 304 1 1 304 15.4263 0.76 0 0 0 41326 41326 616 
307 304 1 1 304 15.4263 0.76 0 0 0 42076 42076 619 
308 304 1 1 304 15.4263 0.76 0 0 0 43013 43013 620 
309 304 1 1 304 15.4263 0.76 0 0 0 44877 44877 621 
310 304 1 1 304 15.4263 0.76 0 0 0 46265 46265 622 
311 304 1 1 304 15.4263 0.76 0 0 0 47048 47048 623 
312 304 1 1 304 14.9487 0.76 0 0 0 47998 47998 631 
313 304 1 1 304 13.7634 0.76 0 0 0 48770 48770 636 
314 304 1 1 304 13.7634 0.76 0 0 0 49358 49358 641 
315 305 1 1 305 14.7589 0.7625 0 0 0 50850 50850 644 
316 305 1 1 305 14.3738 0.7625 0 0 0 51574 51574 649 
317 305 1 1 305 14.3738 0.7625 0 0 0 52214 52214 654 
318 305 1 1 305 14.3738 0.7625 0 0 0 54006 54006 656 
319 305 1 1 305 14.3738 0.7625 0 0 0 54867 54867 659 
320 305 1 1 305 14.3738 0.7625 0 0 0 55685 55685 661 
321 305 1 1 305 14.3738 0.7625 0 0 0 56446 56446 663 
322 305 1 1 305 14.2046 0.7625 0 0 0 57321 57321 665 
323 305 1 1 305 14.2046 0.7625 0 0 0 58570 58570 670 
324 305 1 1 305 14.2046 0.7625 0 0 0 59589 59589 673 
325 305 1 1 305 14.2046 0.7625 0 0 0 61083 61083 677 
326 305 1 1 305 14.2046 0.7625 0 0 0 61716 61716 679 
327 305 1 1 305 14.2046 0.7625 0 0 0 62718 62718 681 
328 305 1 1 305 14.2046 0.7625 0 0 0 63631 63631 685 
329 305 1 1 305 14.2046 0.7625 0 0 0 64487 64487 687 
330 305 1 1 305 14.2046 0.7625 0 0 0 65601 65601 691 
331 305 1 1 305 14.2046 0.7625 0 0 0 66371 66371 692 
332 305 1 1 305 14.2046 0.7625 0 0 0 67050 67050 693 
333 305 1 1 305 14.2046 0.7625 0 0 0 67848 67848 695 
334 305 1 1 305 14.2046 0.7625 0 0 0 69373 69373 696 
335 305 1 1 305 14.2046 0.7625 0 0 0 70295 70295 697 
336 305 1 1 305 14.2046 0.7625 0 0 0 71217 71217 700 
337 305 1 1 305 14.2046 0.7625 0 0 0 72562 72562 702 
338 305 1 1 305 14.2046 0.7625 0 0 0 73511 73511 705 
339 305 1 1 305 14.2046 0.7625 0 0 0 74282 74282 706 
340 305 1 1 305 14.2046 0.7625 0 0 0 75066 75066 708 
341 305 1 1 305 14.2046 0.7625 0 0 0 75832 75832 709 
342 305 1 1 305 14.2046 0.7625 0 0 0 76807 76807 712 
343 305 1 1 305 14.2046 0.7625 0 0 0 78387 78387 713 
344 305 1 1 305 14.2046 0.7625 0 0 0 79122 79122 715 
345 305 1 1 305 14.2046 0.7625 0 0 0 79975 79975 716 
346 305 1 1 305 14.2046 0.7625 0 0 0 81607 81607 721 
347 305 1 1 305 14.2046 0.7625 0 0 0 82369 82369 722 
348 306 1 1 306 14.3156 0.765 0 0 0 83211 83211 726 
349 306 1 1 306 14.3156 0.765 0 0 0 84241 84241 731 
350 306 1 1 306 14.3156 0.765 0 0 0 85315 85315 732 
351 306 1 1 306 14.3156 0.765 0 0 0 86727 86727 737 
352 306 1 1 306 14.3156 0.765 0 0 0 87728 87728 744 
353 306 1 1 306 14.3156 0.765 0 0 0 88910 88910 749 
354 306 1 1 306 14.3156 0.765 0 0 0 89889 89889 751 
355 306 1 1 306 14.3156 0.765 0 0 0 90886 90886 755 
356 306 1 1 306 14.3156 0.765 0 0 0 91849 91849 757 
357 306 1 1 306 14.3156 0.765 0 0 0 93865 93865 765 
358 312 1 1 312 17.4132 0.78 0 0 0 96221 96221 773 
359 312 1 1 312 17.4132 0.78 0 0 0 97274 97274 784 
360 312 1 1 312 17.4132 0.78 0 0 0 98218 98218 793 
361 312 1 1 312 17.4132 0.78 0 0 0 99148 99148 801 
362 312 1 1 312 17.4132 0.78 0 0 0 100031 100031 812 
363 312 1 1 312 17.4132 0.78 0 0 0 101066 101066 819 
364 312 1 1 312 17.4132 0.78 0 0 0 101937 101937 821 
365 312 1 1 312 17.4132 0.78 0 0 0 102691 102691 825 
366 312 1 1 312 17.196 0.78 0 0 0 103852 103852 831 
367 312 1 1 312 17.196 0.78 0 0 0 104579 104579 838 
368 312 1 1 312 17.1183 0.78 0 0 0 105800 105800 844 
369 312 1 1 312 17.1183 0.78 0 0 0 106897 106897 848 
370 312 1 1 312 17.1183 0.78 0 0 0 107870 107870 856 
371 312 1 1 312 16.9753 0.78 0 0 0 109018 109018 863 
372 312 1 1 312 16.9753 0.78 0 0 0 110692 110692 868 
373 312 1 1 312 16.9753 0.78 0 0 0 111602 111602 877 
374 312 1 1 312 16.9753 0.78 0 0 0 113759 113759 879 
375 312 1 1 312 16.9753 0.78 0 0 0 115916 115916 882 
376 312 1 1 312 16.9753 0.78 0 0 0 116901 116901 887 
377 312 1 1 312 16.7828 0.78 0 0 0 118403 118403 894 
378 312 1 1 312 16.7828 0.78 0 0 0 120250 120250 901 
379 312 1 1 312 16.7828 0.78 0 0 0 121478 121478 908 
380 312 1 1 312 16.7828 0.78 0 0 0 122581 122581 914 
381 312 1 1 312 16.7828 0.78 0 0 0 124732 124732 917 
382 312 1 1 312 16.7828 0.78 0 0 0 125997 125997 922 
383 314 1 1 314 17.8898 0.785 0 0 0 133114 133114 927 
384 314 1 1 314 17.4431 0.785 0 0 0 136627 136627 934 
385 314 1 1 314 17.4431 0.785 0 0 0 141307 141307 937 
386 314 1 1 314 17.427 0.785 0 0 0 145510 145510 939 
387 314 1 1 314 17.427 0.785 0 0 0 149868 149868 946 
388 314 1 1 314 17.427 0.785 0 0 0 154126 154126 948 
389 314 1 1 314 17.427 0.785 0 0 0 160924 160924 953 
390 314 1 1 314 17.2881 0.785 0 0 0 163197 163197 957 
391 314 1 1 314 17.2881 0.785 0 0 0 168670 168670 960 
392 314 1 1 314 17.2881 0.785 0 0 0 171648 171648 963 
393 314 1 1 314 17.2881 0.785 0 0 0 177652 177652 967 
394 314 1 1 314 17.2881 0.785 0 0 0 181220 181220 969 
395 318 1 1 318 18.7129 0.795 0 0 0 185980 185980 975 
396 321 1 1 321 18.8037 0.8025 0 0 0 191245 191245 982 
397 322 1 1 322 19.043 0.805 0 0 0 200061 200061 990 
398 322 1 1 322 18.3045 0.805 0 0 0 202999 202999 994 
399 322 1 1 322 18.3045 0.805 0 0 0 206481 206481 1001 
400 322 1 1 322 18.3045 0.805 0 0 0 211816 211816 1005 
401 322 1 1 322 18.3045 0.805 0 0 0 216782 216782 1014 
402 322 1 1 322 18.3045 0.805 0 0 0 223807 223807 1018 
403 322 1 1 322 18.3045 0.805 0 0 0 232044 232044 1024 
404 322 1 1 322 18.3045 0.805 0 0 0 236795 236795 1029 
405 322 1 1 322 18.3045 0.805 0 0 0 241768 241768 1032 
406 323 1 1 323 20.477 0.8075 0 0 0 247205 247205 1036 
407 323 1 1 323 19.2788 0.8075 0 0 0 254102 254102 1039 
408 323 1 1 323 18.7377 0.8075 0 0 0 260099 260099 1044 
409 323 1 1 323 18.7377 0.8075 0 0 0 266336 266336 1049 
410 323 1 1 323 18.7377 0.8075 0 0 0 270355 270355 1055 
411 323 1 1 323 18.7377 0.8075 0 0 0 275201 275201 1060 
412 323 1 1 323 18.7377 0.8075 0 0 0 282570 282570 1065 
413 323 1 1 323 18.7377 0.8075 0 0 0 288242 288242 1071 
414 341 1 1 341 18.4793 0.8525 0 0 0 292696 292696 1078 
415 341 1 1 341 18.4793 0.8525 0 0 0 298624 298624 1082 
416 341 1 1 341 18.4793 0.8525 0 0 0 303985 303985 1087 
417 341 1 1 341 18.4793 0.8525 0 0 0 310415 310415 1092 
418 341 1 1 341 18.4793 0.8525 0 0 0 319751 319751 1095 
419 341 1 1 341 18.4793 0.8525 0 0 0 328907 328907 1104 
420 341 1 1 341 18.4793 0.8525 0 0 0 334424 334424 1107 
421 341 1 1 341 18.4685 0.8525 0 0 0 339460 339460 1108 
422 341 1 1 341 18.2101 0.8525 0 0 0 345391 345391 1110 
423 341 1 1 341 18.2101 0.8525 0 0 0 348291 348291 1112 
424 341 1 1 341 18.2101 0.8525 0 0 0 352640 352640 1118 
425 342 1 1 342 18.5323 0.855 0 0 0 360097 360097 1122 
426 342 1 1 342 18.5323 0.855 0 0 0 368065 368065 1126 
427 342 1 1 342 18.5323 0.855 0 0 0 373969 373969 1131 
428 342 1 1 342 18.5323 0.855 0 0 0 381111 381111 1136 
429 342 1 1 342 18.5323 0.855 0 0 0 390061 390061 1140 
430 342 1 1 342 18.5323 0.855 0 0 0 402502 402502 1145 
431 342 1 1 342 18.4912 0.855 0 0 0 406392 406392 1149 
432 353 1 1 353 19.2028 0.8825 0 0 0 412500 412500 1152 
433 355 1 1 355 21.4834 0.8875 0 0 0 419224 419224 1159 
434 355 1 1 355 20.1935 0.8875 0 0 0 428247 428247 1163 
435 355 1 1 355 20.1935 0.8875 0 0 0 436341 436341 1167 
436 356 1 1 356 21.0946 0.89 0 0 0 444036 444036 1172 
437 356 1 1 356 20.4573 0.89 0 0 0 454631 454631 1178 
438 356 1 1 356 20.4573 0.89 0 0 0 468173 468173 1181 
439 356 1 1 356 20.4573 0.89 0 0 0 479082 479082 1188 
440 356 1 1 356 20.4573 0.89 0 0 0 483542 483542 1196 
441 356 1 1 356 20.4573 0.89 0 0 0 488823 488823 1204 
442 356 1 1 356 20.4573 0.89 0 0 0 495615 495615 1208 
443 356 1 1 356 20.4573 0.89 0 0 0 501576 501576 1213 
444 356 1 1 356 20.4573 0.89 0 0 0 517301 517301 1219 
445 357 1 1 357 20.189 0.8925 0 0 0 526102 526102 1225 
446 358 1 1 358 21.8791 0.895 0 0 0 535699 535699 1233 
447 358 1 1 358 21.6803 0.895 0 0 0 540428 540428 1240 
448 358 1 1 358 21.6803 0.895 0 0 0 543500 543500 1245 
449 358 1 1 358 21.6803 0.895 0 0 0 547371 547371 1250 
450 358 1 1 358 21.6776 0.895 0 0 0 551274 551274 1256 
451 358 1 1 358 21.6776 0.895 0 0 0 557558 557558 1263 
452 358 1 1 358 21.6776 0.895 0 0 0 562575 562575 1270 
453 358 1 1 358 21.6776 0.895 0 0 0 575288 575288 1274 
454 358 1 1 358 21.1046 0.895 0 0 0 587411 587411 1284 
455 358 1 1 358 21.1046 0.895 0 0 0 595318 595318 1293 
456 358 1 1 358 21.1046 0.895 0 0 0 604540 604540 1303 
457 358 1 1 358 20.782 0.895 0 0 0 611719 611719 1306 
458 358 1 1 358 20.782 0.895 0 0 0 622151 622151 1313 
459 358 1 1 358 20.782 0.895 0 0 0 635529 635529 1319 
460 358 1 1 358 20.782 0.895 0 0 0 642728 642728 1321 
461 358 1 1 358 20.782 0.895 0 0 0 652110 652110 1327 
462 358 1 1 358 20.782 0.895 0 0 0 658836 658836 1332 
463 358 1 1 358 20.782 0.895 0 0 0 667254 667254 1336 
464 358 1 1 358 20.782 0.895 0 0 0 673070 673070 1341 
465 358 1 1 358 20.782 0.895 0 0 0 684925 684925 1345 
466 358 1 1 358 20.782 0.895 0 0 0 694573 694573 1348 
467 358 1 1 358 20.782 0.895 0 0 0 705101 705101 1353 
468 358 1 1 358 20.782 0.895 0 0 0 718574 718574 1359 
469 358 1 1 358 20.782 0.895 0 0 0 726441 726441 1363 
470 358 1 1 358 20.782 0.895 0 0 0 734054 734054 1367 
471 358 1 1 358 20.782 0.895 0 0 0 741693 741693 1372 
472 358 1 1 358 20.782 0.895 0 0 0 748482 748482 1375 
473 358 1 1 358 20.782 0.895 0 0 0 756906 756906 1378 
474 358 1 1 358 20.782 0.895 0 0 0 763172 763172 1380 
475 358 1 1 358 20.782 0.895 0 0 0 771706 771706 1382 
476 359 1 1 359 19.8098 0.8975 0 0 0 784472 784472 1386 
477 359 1 1 359 19.4792 0.8975 0 0 0 798701 798701 1391 
478 359 1 1 359 19.2146 0.8975 0 0 0 805561 805561 1393 
479 359 1 1 359 19.2146 0.8975 0 0 0 812367 812367 1397 
480 359 1 1 359 19.168 0.8975 0 0 0 818081 818081 1398 
481 359 1 1 359 19.168 0.8975 0 0 0 825590 825590 1401 
482 359 1 1 359 19.168 0.8975 0 0 0 838485 838485 1406 
483 359 1 1 359 19.168 0.8975 0 0 0 846364 846364 1410 
484 359 1 1 359 19.168 0.8975 0 0 0 856190 856190 1415 
485 362 1 1 362 23.7081 0.905 0 0 0 878742 878742 1419 
486 362 1 1 362 22.0623 0.905 0 0 0 885289 885289 1423 
487 362 1 1 362 21.4004 0.905 0 0 0 897619 897619 1429 
488 362 1 1 362 21.4004 0.905 0 0 0 909270 909270 1433 
489 365 1 1 365 20.5138 0.9125 0 0 0 924238 924238 1436 
490 365 1 1 365 20.5138 0.9125 0 0 0 940691 940691 1440 
491 365 1 1 365 20.5138 0.9125 0 0 0 953057 953057 1447 
492 365 1 1 365 20.5138 0.9125 0 0 0 962390 962390 1449 
493 365 1 1 365 20.5138 0.9125 0 0 0 970887 970887 1453 
494 365 1 1 365 20.5138 0.9125 0 0 0 983668 983668 1458 
495 365 1 1 365 20.5138 0.9125 0 0 0 993481 993481 1462 
496 365 1 1 365 20.5138 0.9125 0 0 0 1008708 1008708 1464 
497 365 1 1 365 20.5138 0.9125 0 0 0 1020419 1020419 1465 
