1 105 1 7.5 105 0 0.2625 0 0 0 0 0 0 
2 108 1 7.5 108 0.1 0.27 0 0 0 0 0 1 
3 110 1 7.5 110 0.195919 0.275 0 0 0 0 0 3 
4 112 1 7.5 112 0.295919 0.28 0 0 0 0 0 4 
5 114 1 7.5 114 0.395919 0.285 0 0 0 0 0 5 
6 115 1 7.5 115 0.488365 0.2875 0 0 0 0 0 7 
7 115 1 7.5 115 0.488365 0.2875 0 0 0 0 0 8 
8 122 1 7.5 122 0.62186 0.305 0 0 0 0 0 10 
9 122 1 7.5 122 0.62186 0.305 0 0 0 0 0 11 
10 122 1 7.5 122 0.62186 0.305 0 0 0 0 0 12 
11 131 1 7.5 131 0.72186 0.3275 0 0 0 0 0 13 
12 131 1 7.5 131 0.72186 0.3275 0 0 0 0 0 14 
13 132 1 7.5 132 1.03084 0.33 0 0 0 0 0 16 
14 133 1 7.5 133 1.15732 0.3325 0 0 0 0 0 19 
15 141 1 7.5 141 1.25557 0.3525 0 0 0 0 0 22 
16 141 1 7.5 141 1.25557 0.3525 0 0 0 0 0 23 
17 142 1 7.5 142 1.40416 0.355 0 0 0 0 0 25 
18 143 1 7.5 143 1.50416 0.3575 0 0 0 0 0 26 
19 145 1 7.5 145 1.65811 0.3625 0 0 0 0 0 28 
20 145 1 7.5 145 1.65811 0.3625 0 0 0 0 0 29 
21 145 1 7.5 145 1.65811 0.3625 0 0 0 0 0 30 
22 145 1 7.5 145 1.65811 0.3625 0 0 0 0 0 31 
23 146 1 7.5 146 1.7409 0.365 0 0 0 0 0 33 
24 146 1 7.5 146 1.7409 0.365 0 0 0 0 0 34 
25 147 1 7.5 147 2.02836 0.3675 0 0 0 0 0 36 
26 148 1 7.5 148 2.08592 0.37 0 0 0 0 0 38 
27 148 1 7.5 148 2.08592 0.37 0 0 0 1 1 42 
28 148 1 7.5 148 2.08592 0.37 0 0 0 2 2 43 
29 148 1 7.5 148 2.08592 0.37 0 0 0 2 2 44 
30 150 1 7.5 150 2.51612 0.375 0 0 0 3 3 46 
31 150 1 7.5 150 2.51612 0.375 0 0 0 4 4 47 
32 150 1 7.5 150 2.51612 0.375 0 0 0 5 5 48 
33 150 1 7.5 150 2.51612 0.375 0 0 0 6 6 49 
34 150 1 7.5 150 2.51612 0.375 0 0 0 7 7 50 
35 150 1 7.5 150 2.51612 0.375 0 0 0 8 8 51 
36 150 1 7.5 150 2.51612 0.375 0 0 0 9 9 52 
37 150 1 7.5 150 2.51612 0.375 0 0 0 10 10 53 
38 150 1 7.5 150 2.51612 0.375 0 0 0 11 11 54 
39 150 1 7.5 150 2.51612 0.375 0 0 0 12 12 55 
40 150 1 7.5 150 2.51612 0.375 0 0 0 13 13 56 
41 150 1 7.5 150 2.51612 0.375 0 0 0 14 14 57 
42 150 1 7.5 150 2.51612 0.375 0 0 0 15 15 58 
43 151 1 7.5 151 3.0701 0.3775 0 0 0 16 16 60 
44 152 1 7.5 152 3.12806 0.38 0 0 0 17 17 62 
45 152 1 7.5 152 3.12806 0.38 0 0 0 18 18 63 
46 152 1 7.5 152 3.12806 0.38 0 0 0 20 20 64 
47 152 1 7.5 152 3.12806 0.38 0 0 0 21 21 65 
48 152 1 7.5 152 3.12806 0.38 0 0 0 22 22 66 
49 152 1 7.5 152 3.12806 0.38 0 0 0 23 23 67 
50 152 1 7.5 152 3.12806 0.38 0 0 0 24 24 68 
51 152 1 7.5 152 3.12806 0.38 0 0 0 25 25 69 
52 152 1 7.5 152 3.12806 0.38 0 0 0 26 26 70 
53 152 1 7.5 152 3.12806 0.38 0 0 0 28 28 71 
54 152 1 7.5 152 3.12806 0.38 0 0 0 29 29 72 
55 159 1 7.5 159 3.53263 0.3975 0 0 0 30 30 74 
56 159 1 7.5 159 3.53263 0.3975 0 0 0 32 32 75 
57 165 1 7.5 165 3.88679 0.4125 0 0 0 34 34 78 
58 165 1 7.5 165 3.88679 0.4125 0 0 0 36 36 79 
59 165 1 7.5 165 3.88679 0.4125 0 0 0 38 38 80 
60 165 1 7.5 165 3.88679 0.4125 0 0 0 40 40 81 
61 165 1 7.5 165 3.88679 0.4125 0 0 0 42 42 82 
62 166 1 7.5 166 4.53395 0.415 0 0 0 44 44 85 
63 166 1 7.5 166 4.53395 0.415 0 0 0 46 46 86 
64 166 1 7.5 166 4.53395 0.415 0 0 0 48 48 87 
65 166 1 7.5 166 4.53395 0.415 0 0 0 50 50 88 
66 166 1 7.5 166 4.53395 0.415 0 0 0 52 52 89 
67 166 1 7.5 166 4.53395 0.415 0 0 0 54 54 90 
68 166 1 7.5 166 4.53395 0.415 0 0 0 56 56 91 
69 166 1 7.5 166 4.53395 0.415 0 0 0 58 58 92 
70 166 1 7.5 166 4.53395 0.415 0 0 0 60 60 95 
71 166 1 7.5 166 4.53395 0.415 0 0 0 62 62 96 
72 166 1 7.5 166 4.53395 0.415 0 0 0 64 64 97 
73 166 1 7.5 166 4.53395 0.415 0 0 0 66 66 98 
74 166 1 7.5 166 4.53395 0.415 0 0 0 68 68 99 
75 166 1 7.5 166 4.53395 0.415 0 0 0 70 70 100 
76 166 1 7.5 166 4.53395 0.415 0 0 0 72 72 101 
77 166 1 7.5 166 4.53395 0.415 0 0 0 74 74 102 
78 166 1 7.5 166 4.53395 0.415 0 0 0 76 76 103 
79 166 1 7.5 166 4.53395 0.415 0 0 0 79 79 104 
80 166 1 7.5 166 4.53395 0.415 0 0 0 81 81 105 
81 166 1 7.5 166 4.53395 0.415 0 0 0 83 83 106 
82 166 1 7.5 166 4.53395 0.415 0 0 0 85 85 107 
83 166 1 7.5 166 4.53395 0.415 0 0 0 87 87 108 
84 166 1 7.5 166 4.53395 0.415 0 0 0 89 89 109 
85 166 1 7.5 166 4.53395 0.415 0 0 0 91 91 110 
86 166 1 7.5 166 4.53395 0.415 0 0 0 94 94 111 
87 166 1 7.5 166 4.53395 0.415 0 0 0 96 96 112 
88 166 1 7.5 166 4.53395 0.415 0 0 0 98 98 115 
89 166 1 7.5 166 4.53395 0.415 0 0 0 100 100 116 
90 166 1 7.5 166 4.53395 0.415 0 0 0 102 102 117 
91 166 1 7.5 166 4.53395 0.415 0 0 0 105 105 118 
92 166 1 7.5 166 4.53395 0.415 0 0 0 107 107 119 
93 166 1 7.5 166 4.53395 0.415 0 0 0 109 109 120 
94 166 1 7.5 166 4.53395 0.415 0 0 0 111 111 121 
95 178 1 7.5 178 5.95551 0.445 0 0 0 114 114 125 
96 181 1 7.5 181 6.91491 0.4525 0 0 0 118 118 128 
97 182 1 7.5 182 6.95297 0.455 0 0 0 121 121 130 
98 182 1 7.5 182 6.95297 0.455 0 0 0 124 124 131 
99 182 1 7.5 182 6.95297 0.455 0 0 0 128 128 132 
100 187 1 7.5 187 7.50161 0.4675 0 0 0 131 131 135 
101 187 1 7.5 187 7.50161 0.4675 0 0 0 135 135 136 
102 187 1 7.5 187 7.50161 0.4675 0 0 0 138 138 137 
103 187 1 7.5 187 7.50161 0.4675 0 0 0 142 142 138 
104 187 1 7.5 187 7.50161 0.4675 0 0 0 146 146 139 
105 187 1 7.5 187 7.50161 0.4675 0 0 0 149 149 140 
106 187 1 7.5 187 7.50161 0.4675 0 0 0 153 153 141 
107 187 1 7.5 187 7.50161 0.4675 0 0 0 157 157 142 
108 187 1 7.5 187 7.50161 0.4675 0 0 0 161 161 143 
109 187 1 7.5 187 7.50161 0.4675 0 0 0 165 165 144 
110 187 1 7.5 187 7.50161 0.4675 0 0 0 169 169 145 
111 187 1 7.5 187 7.50161 0.4675 0 0 0 173 173 146 
112 187 1 7.5 187 7.50161 0.4675 0 0 0 177 177 147 
113 187 1 7.5 187 7.50161 0.4675 0 0 0 181 181 148 
114 187 1 7.5 187 7.50161 0.4675 0 0 0 185 185 149 
115 187 1 7.5 187 7.50161 0.4675 0 0 0 189 189 150 
116 187 1 7.5 187 7.50161 0.4675 0 0 0 193 193 151 
117 187 1 7.5 187 7.50161 0.4675 0 0 0 198 198 152 
118 187 1 7.5 187 7.50161 0.4675 0 0 0 202 202 153 
119 187 1 7.5 187 7.50161 0.4675 0 0 0 206 206 154 
120 193 1 7.5 193 7.82983 0.4825 0 0 0 210 210 160 
121 193 1 7.5 193 7.82983 0.4825 0 0 0 214 214 161 
122 193 1 7.5 193 7.82983 0.4825 0 0 0 218 218 162 
123 196 1 7.5 196 10.0199 0.49 0 0 0 225 225 166 
124 196 1 7.5 196 10.0199 0.49 0 0 0 232 232 167 
125 196 1 7.5 196 10.0199 0.49 0 0 0 239 239 168 
126 196 1 7.5 196 10.0199 0.49 0 0 0 246 246 169 
127 196 1 7.5 196 10.0199 0.49 0 0 0 256 256 175 
128 211 1 7.5 211 11.6161 0.5275 0 0 0 266 266 182 
129 211 1 7.5 211 11.6161 0.5275 0 0 0 276 276 183 
130 211 1 7.5 211 11.6161 0.5275 0 0 0 285 285 184 
131 211 1 7.5 211 11.6161 0.5275 0 0 0 295 295 185 
132 211 1 7.5 211 11.6161 0.5275 0 0 0 305 305 186 
133 211 1 7.5 211 11.6161 0.5275 0 0 0 314 314 187 
134 211 1 7.5 211 11.6161 0.5275 0 0 0 324 324 188 
135 211 1 7.5 211 11.6161 0.5275 0 0 0 334 334 189 
136 211 1 7.5 211 11.6161 0.5275 0 0 0 344 344 190 
137 211 1 7.5 211 11.6161 0.5275 0 0 0 355 355 191 
138 211 1 7.5 211 11.6161 0.5275 0 0 0 365 365 192 
139 211 1 7.5 211 11.6161 0.5275 0 0 0 375 375 193 
140 211 1 7.5 211 11.6161 0.5275 0 0 0 386 386 194 
141 211 1 7.5 211 11.6161 0.5275 0 0 0 400 400 195 
142 213 1 7.5 213 11.952 0.5325 0 0 0 408 408 202 
143 213 1 7.5 213 11.952 0.5325 0 0 0 417 417 203 
144 231 1 7.5 231 13.2282 0.5775 0 0 0 424 424 210 
145 232 1 7.5 232 13.2527 0.58 0 0 0 431 431 214 
146 232 1 7.5 232 13.1762 0.58 0 0 0 438 438 217 
147 232 1 7.5 232 13.1762 0.58 0 0 0 445 445 218 
148 232 1 7.5 232 13.1762 0.58 0 0 0 452 452 219 
149 232 1 7.5 232 13.1762 0.58 0 0 0 460 460 220 
150 232 1 7.5 232 13.1762 0.58 0 0 0 468 468 221 
151 232 1 7.5 232 13.1762 0.58 0 0 0 475 475 222 
152 232 1 7.5 232 13.1762 0.58 0 0 0 483 483 223 
153 232 1 7.5 232 13.1762 0.58 0 0 0 491 491 224 
154 233 1 7.5 233 14.0857 0.5825 0 0 0 506 506 229 
155 233 1 7.5 233 14.0857 0.5825 0 0 0 518 518 230 
156 233 1 7.5 233 14.0857 0.5825 0 0 0 532 532 231 
157 233 1 7.5 233 14.0857 0.5825 0 0 0 544 544 232 
158 233 1 7.5 233 14.0857 0.5825 0 0 0 556 556 233 
159 233 1 7.5 233 14.0857 0.5825 0 0 0 569 569 234 
160 233 1 7.5 233 14.0857 0.5825 0 0 0 582 582 235 
161 233 1 7.5 233 14.0857 0.5825 0 0 0 594 594 236 
162 233 1 7.5 233 14.0857 0.5825 0 0 0 606 606 237 
163 233 1 7.5 233 14.0857 0.5825 0 0 0 619 619 238 
164 233 1 7.5 233 14.0857 0.5825 0 0 0 631 631 239 
165 233 1 7.5 233 14.0857 0.5825 0 0 0 644 644 240 
166 233 1 7.5 233 14.0857 0.5825 0 0 0 657 657 241 
167 233 1 7.5 233 14.0857 0.5825 0 0 0 670 670 242 
168 233 1 7.5 233 14.0857 0.5825 0 0 0 683 683 243 
169 233 1 7.5 233 14.0857 0.5825 0 0 0 695 695 244 
170 233 1 7.5 233 14.0857 0.5825 0 0 0 708 708 245 
171 236 1 7.5 236 16.6037 0.59 0 0 0 757 757 252 
172 236 1 7.5 236 16.6037 0.59 0 0 0 804 804 253 
173 237 1 7.5 237 14.6463 0.5925 0 0 0 817 817 258 
174 237 1 7.5 237 14.6463 0.5925 0 0 0 830 830 259 
175 237 1 7.5 237 14.6463 0.5925 0 0 0 845 845 260 
176 237 1 7.5 237 14.6463 0.5925 0 0 0 858 858 261 
177 237 1 7.5 237 14.6463 0.5925 0 0 0 871 871 262 
178 237 1 7.5 237 14.6463 0.5925 0 0 0 884 884 263 
179 237 1 7.5 237 12.173 0.5925 0 0 0 891 891 265 
180 243 1 7.5 243 15.5083 0.6075 0 0 0 900 900 274 
181 245 1 7.5 245 15.5662 0.6125 0 0 0 909 909 276 
182 245 1 7.5 245 15.5662 0.6125 0 0 0 918 918 277 
183 253 1 7.5 253 15.83 0.6325 0 0 0 929 929 286 
184 253 1 7.5 253 15.83 0.6325 0 0 0 938 938 287 
185 253 1 7.5 253 15.83 0.6325 0 0 0 948 948 288 
186 253 1 7.5 253 15.83 0.6325 0 0 0 958 958 289 
187 253 1 7.5 253 15.83 0.6325 0 0 0 969 969 290 
188 253 1 7.5 253 15.83 0.6325 0 0 0 979 979 291 
189 253 1 7.5 253 15.83 0.6325 0 0 0 989 989 292 
190 253 1 7.5 253 15.83 0.6325 0 0 0 998 998 293 
191 253 1 7.5 253 15.83 0.6325 0 0 0 1008 1008 294 
192 253 1 7.5 253 15.83 0.6325 0 0 0 1018 1018 295 
193 253 1 7.5 253 15.83 0.6325 0 0 0 1028 1028 296 
194 253 1 7.5 253 15.83 0.6325 0 0 0 1038 1038 297 
195 253 1 7.5 253 15.83 0.6325 0 0 0 1048 1048 298 
196 259 1 7.5 259 16.0168 0.6475 0 0 0 1059 1059 300 
197 259 1 7.5 259 16.0168 0.6475 0 0 0 1069 1069 301 
198 259 1 7.5 259 16.0168 0.6475 0 0 0 1080 1080 302 
199 259 1 7.5 259 16.0168 0.6475 0 0 0 1090 1090 303 
200 259 1 7.5 259 16.0168 0.6475 0 0 0 1101 1101 304 
201 259 1 7.5 259 16.0168 0.6475 0 0 0 1112 1112 305 
202 259 1 7.5 259 16.0168 0.6475 0 0 0 1122 1122 306 
203 259 1 7.5 259 16.0168 0.6475 0 0 0 1133 1133 307 
204 259 1 7.5 259 16.0168 0.6475 0 0 0 1144 1144 308 
205 259 1 7.5 259 16.0168 0.6475 0 0 0 1155 1155 309 
206 260 1 7.5 260 16.0695 0.65 0 0 0 1168 1168 313 
207 260 1 7.5 260 16.0695 0.65 0 0 0 1180 1180 314 
208 260 1 7.5 260 16.0695 0.65 0 0 0 1193 1193 315 
209 260 1 7.5 260 16.0695 0.65 0 0 0 1205 1205 316 
210 266 1 7.5 266 16.1243 0.665 0 0 0 1218 1218 318 
211 266 1 7.5 266 16.1243 0.665 0 0 0 1230 1230 319 
212 266 1 7.5 266 16.1243 0.665 0 0 0 1242 1242 322 
213 266 1 7.5 266 16.1243 0.665 0 0 0 1255 1255 323 
214 266 1 7.5 266 16.1243 0.665 0 0 0 1267 1267 324 
215 266 1 7.5 266 16.1243 0.665 0 0 0 1279 1279 325 
216 266 1 7.5 266 16.1243 0.665 0 0 0 1291 1291 326 
217 266 1 7.5 266 16.1243 0.665 0 0 0 1304 1304 327 
218 266 1 7.5 266 16.1243 0.665 0 0 0 1317 1317 328 
219 266 1 7.5 266 16.1243 0.665 0 0 0 1329 1329 329 
220 266 1 7.5 266 16.1243 0.665 0 0 0 1342 1342 330 
221 266 1 7.5 266 16.1243 0.665 0 0 0 1356 1356 331 
222 266 1 7.5 266 16.1243 0.665 0 0 0 1368 1368 332 
223 266 1 7.5 266 16.1243 0.665 0 0 0 1381 1381 333 
224 266 1 7.5 266 16.1243 0.665 0 0 0 1394 1394 334 
225 266 1 7.5 266 16.1243 0.665 0 0 0 1407 1407 335 
226 266 1 7.5 266 16.1243 0.665 0 0 0 1421 1421 336 
227 266 1 7.5 266 16.1243 0.665 0 0 0 1434 1434 337 
228 266 1 7.5 266 16.1243 0.665 0 0 0 1447 1447 338 
229 266 1 7.5 266 16.1243 0.665 0 0 0 1460 1460 339 
230 277 1 7.5 277 16.2638 0.6925 0 0 0 1474 1474 341 
231 277 1 7.5 277 16.2638 0.6925 0 0 0 1488 1488 342 
232 277 1 7.5 277 16.2638 0.6925 0 0 0 1502 1502 343 
233 277 1 7.5 277 16.2638 0.6925 0 0 0 1515 1515 344 
234 277 1 7.5 277 16.2638 0.6925 0 0 0 1529 1529 345 
235 277 1 7.5 277 16.1812 0.6925 0 0 0 1543 1543 346 
236 277 1 7.5 277 16.1812 0.6925 0 0 0 1557 1557 347 
237 277 1 7.5 277 16.1812 0.6925 0 0 0 1571 1571 348 
238 277 1 7.5 277 16.1812 0.6925 0 0 0 1585 1585 349 
239 277 1 7.5 277 16.1812 0.6925 0 0 0 1599 1599 350 
240 277 1 7.5 277 16.1812 0.6925 0 0 0 1614 1614 351 
241 277 1 7.5 277 16.1812 0.6925 0 0 0 1629 1629 352 
242 277 1 7.5 277 16.1812 0.6925 0 0 0 1644 1644 353 
243 277 1 7.5 277 16.1812 0.6925 0 0 0 1658 1658 354 
244 277 1 7.5 277 16.1812 0.6925 0 0 0 1672 1672 355 
245 283 1 7.5 283 16.3259 0.7075 0 0 0 1688 1688 357 
246 283 1 7.5 283 16.3259 0.7075 0 0 0 1703 1703 358 
247 283 1 7.5 283 16.3259 0.7075 0 0 0 1718 1718 359 
248 283 1 7.5 283 16.3259 0.7075 0 0 0 1733 1733 360 
249 283 1 7.5 283 16.3259 0.7075 0 0 0 1749 1749 361 
250 283 1 7.5 283 16.3259 0.7075 0 0 0 1765 1765 362 
251 284 1 7.5 284 19.8515 0.71 0 0 0 1784 1784 368 
252 284 1 7.5 284 19.8515 0.71 0 0 0 1803 1803 369 
253 284 1 7.5 284 19.8515 0.71 0 0 0 1825 1825 378 
254 284 1 7.5 284 19.8515 0.71 0 0 0 1847 1847 382 
255 284 1 7.5 284 19.8515 0.71 0 0 0 1870 1870 386 
256 284 1 7.5 284 19.8515 0.71 0 0 0 1892 1892 389 
257 284 1 7.5 284 19.8515 0.71 0 0 0 1914 1914 393 
258 284 1 7.5 284 19.8515 0.71 0 0 0 1935 1935 394 
259 284 1 7.5 284 19.8515 0.71 0 0 0 1955 1955 395 
260 284 1 7.5 284 19.8515 0.71 0 0 0 1975 1975 396 
261 284 1 7.5 284 19.8515 0.71 0 0 0 1996 1996 397 
262 284 1 7.5 284 19.8515 0.71 0 0 0 2016 2016 400 
263 284 1 7.5 284 19.8515 0.71 0 0 0 2036 2036 404 
264 284 1 7.5 284 19.8515 0.71 0 0 0 2057 2057 405 
265 284 1 7.5 284 19.8515 0.71 0 0 0 2077 2077 407 
266 284 1 7.5 284 19.8515 0.71 0 0 0 2097 2097 408 
267 284 1 7.5 284 19.8515 0.71 0 0 0 2118 2118 409 
268 284 1 7.5 284 19.8515 0.71 0 0 0 2138 2138 410 
269 284 1 7.5 284 19.8515 0.71 0 0 0 2159 2159 411 
270 284 1 7.5 284 19.8515 0.71 0 0 0 2180 2180 412 
271 284 1 7.5 284 19.8515 0.71 0 0 0 2201 2201 413 
272 284 1 7.5 284 19.8515 0.71 0 0 0 2222 2222 414 
273 284 1 7.5 284 19.8515 0.71 0 0 0 2243 2243 415 
274 284 1 7.5 284 19.8515 0.71 0 0 0 2264 2264 419 
275 284 1 7.5 284 19.8515 0.71 0 0 0 2285 2285 420 
276 284 1 7.5 284 19.8515 0.71 0 0 0 2306 2306 421 
277 284 1 7.5 284 19.8515 0.71 0 0 0 2327 2327 422 
278 284 1 7.5 284 19.8515 0.71 0 0 0 2349 2349 423 
279 284 1 7.5 284 19.8515 0.71 0 0 0 2371 2371 424 
280 287 1 7.5 287 25.124 0.7175 0 0 0 2394 2394 434 
281 295 1 7.5 295 20.5899 0.7375 0 0 0 2416 2416 440 
282 295 1 7.5 295 20.5543 0.7375 0 0 0 2439 2439 442 
283 295 1 7.5 295 20.5543 0.7375 0 0 0 2462 2462 443 
284 295 1 7.5 295 20.5543 0.7375 0 0 0 2484 2484 444 
285 295 1 7.5 295 20.5543 0.7375 0 0 0 2507 2507 445 
286 295 1 7.5 295 20.5543 0.7375 0 0 0 2529 2529 446 
287 295 1 7.5 295 20.5543 0.7375 0 0 0 2551 2551 453 
288 298 1 7.5 298 21.3548 0.745 0 0 0 2576 2576 463 
289 298 1 7.5 298 21.3548 0.745 0 0 0 2600 2600 464 
290 300 1 7.5 300 21.7229 0.75 0 0 0 2626 2626 469 
291 300 1 7.5 300 21.7229 0.75 0 0 0 2651 2651 472 
292 300 1 7.5 300 21.7229 0.75 0 0 0 2677 2677 475 
293 300 1 7.5 300 21.7229 0.75 0 0 0 2703 2703 476 
294 300 1 7.5 300 21.6965 0.75 0 0 0 2729 2729 479 
295 300 1 7.5 300 21.6965 0.75 0 0 0 2756 2756 480 
296 300 1 7.5 300 21.6965 0.75 0 0 0 2782 2782 481 
297 300 1 7.5 300 21.6965 0.75 0 0 0 2808 2808 482 
298 304 1 7.5 304 25.3501 0.76 0 0 0 2837 2837 487 
299 304 1 7.5 304 25.2154 0.76 0 0 0 2866 2866 488 
300 304 1 7.5 304 25.2154 0.76 0 0 0 2895 2895 489 
301 304 1 7.5 304 25.2154 0.76 0 0 0 2925 2925 492 
302 304 1 7.5 304 25.2154 0.76 0 0 0 2954 2954 493 
303 304 1 7.5 304 25.2053 0.76 0 0 0 2985 2985 496 
304 304 1 7.5 304 25.2053 0.76 0 0 0 3015 3015 497 
305 304 1 7.5 304 25.2053 0.76 0 0 0 3046 3046 498 
306 304 1 7.5 304 25.2053 0.76 0 0 0 3079 3079 499 
307 304 1 7.5 304 25.1881 0.76 0 0 0 3109 3109 500 
308 304 1 7.5 304 25.1289 0.76 0 0 0 3139 3139 505 
309 304 1 7.5 304 25.1289 0.76 0 0 0 3169 3169 506 
310 304 1 7.5 304 25.1289 0.76 0 0 0 3198 3198 507 
311 304 1 7.5 304 25.1289 0.76 0 0 0 3228 3228 508 
312 304 1 7.5 304 25.1289 0.76 0 0 0 3263 3263 512 
313 304 1 7.5 304 25.1289 0.76 0 0 0 3299 3299 513 
314 304 1 7.5 304 25.1289 0.76 0 0 0 3334 3334 514 
315 305 1 7.5 305 25.841 0.7625 0 0 0 3377 3377 522 
316 305 1 7.5 305 25.841 0.7625 0 0 0 3423 3423 525 
317 305 1 7.5 305 25.841 0.7625 0 0 0 3453 3453 535 
318 305 1 7.5 305 25.841 0.7625 0 0 0 3496 3496 542 
319 305 1 7.5 305 25.841 0.7625 0 0 0 3539 3539 543 
320 305 1 7.5 305 25.841 0.7625 0 0 0 3583 3583 548 
321 305 1 7.5 305 25.841 0.7625 0 0 0 3626 3626 551 
322 305 1 7.5 305 25.841 0.7625 0 0 0 3670 3670 553 
323 305 1 7.5 305 25.841 0.7625 0 0 0 3709 3709 556 
324 305 1 7.5 305 25.7413 0.7625 0 0 0 3748 3748 560 
325 305 1 7.5 305 25.7413 0.7625 0 0 0 3787 3787 561 
326 305 1 7.5 305 25.7413 0.7625 0 0 0 3830 3830 562 
327 305 1 7.5 305 25.7413 0.7625 0 0 0 3874 3874 565 
328 305 1 7.5 305 25.7413 0.7625 0 0 0 3912 3912 566 
329 305 1 7.5 305 25.7413 0.7625 0 0 0 3950 3950 567 
330 305 1 7.5 305 25.7413 0.7625 0 0 0 3992 3992 570 
331 305 1 7.5 305 25.7413 0.7625 0 0 0 4035 4035 571 
332 305 1 7.5 305 25.7413 0.7625 0 0 0 4073 4073 578 
333 305 1 7.5 305 25.7413 0.7625 0 0 0 4116 4116 579 
334 305 1 7.5 305 25.7413 0.7625 0 0 0 4155 4155 580 
335 305 1 7.5 305 25.7413 0.7625 0 0 0 4193 4193 582 
336 305 1 7.5 305 25.7413 0.7625 0 0 0 4232 4232 583 
337 305 1 7.5 305 25.7413 0.7625 0 0 0 4276 4276 592 
338 305 1 7.5 305 25.7413 0.7625 0 0 0 4322 4322 593 
339 305 1 7.5 305 25.7413 0.7625 0 0 0 4366 4366 594 
340 305 1 7.5 305 25.7413 0.7625 0 0 0 4406 4406 600 
341 305 1 7.5 305 25.7413 0.7625 0 0 0 4451 4451 601 
342 305 1 7.5 305 25.7413 0.7625 0 0 0 4490 4490 602 
343 305 1 7.5 305 25.7413 0.7625 0 0 0 4529 4529 605 
344 305 1 7.5 305 25.7413 0.7625 0 0 0 4569 4569 606 
345 305 1 7.5 305 25.7413 0.7625 0 0 0 4608 4608 607 
346 305 1 7.5 305 25.7413 0.7625 0 0 0 4654 4654 608 
347 305 1 7.5 305 25.7413 0.7625 0 0 0 4695 4695 610 
348 306 1 7.5 306 25.7484 0.765 0 0 0 4736 4736 613 
349 306 1 7.5 306 25.7161 0.765 0 0 0 4782 4782 614 
350 306 1 7.5 306 25.7161 0.765 0 0 0 4830 4830 615 
351 306 1 7.5 306 25.7161 0.765 0 0 0 4874 4874 618 
352 306 1 7.5 306 25.7161 0.765 0 0 0 4911 4911 625 
353 306 1 7.5 306 25.7161 0.765 0 0 0 4957 4957 626 
354 306 1 7.5 306 25.7161 0.765 0 0 0 4998 4998 627 
355 306 1 7.5 306 25.7161 0.765 0 0 0 5038 5038 628 
356 306 1 7.5 306 25.7084 0.765 0 0 0 5078 5078 629 
357 306 1 7.5 306 25.7084 0.765 0 0 0 5124 5124 630 
358 312 1 7.5 312 31.6593 0.78 0 0 0 5180 5180 638 
359 312 1 7.5 312 27.3415 0.78 0 0 0 5252 5252 651 
360 312 1 7.5 312 27.3142 0.78 0 0 0 5325 5325 652 
361 312 1 7.5 312 27.3142 0.78 0 0 0 5399 5399 653 
362 312 1 7.5 312 27.1406 0.78 0 0 0 5470 5470 656 
363 312 1 7.5 312 27.1406 0.78 0 0 0 5541 5541 658 
364 312 1 7.5 312 27.1406 0.78 0 0 0 5612 5612 659 
365 312 1 7.5 312 27.1406 0.78 0 0 0 5685 5685 660 
366 312 1 7.5 312 27.1406 0.78 0 0 0 5757 5757 661 
367 312 1 7.5 312 27.1406 0.78 0 0 0 5829 5829 662 
368 312 1 7.5 312 27.1406 0.78 0 0 0 5901 5901 663 
369 312 1 7.5 312 27.1406 0.78 0 0 0 5973 5973 664 
370 312 1 7.5 312 27.1406 0.78 0 0 0 6053 6053 669 
371 312 1 7.5 312 27.1406 0.78 0 0 0 6132 6132 671 
372 312 1 7.5 312 27.1406 0.78 0 0 0 6175 6175 679 
373 312 1 7.5 312 27.1406 0.78 0 0 0 6218 6218 680 
374 312 1 7.5 312 27.1406 0.78 0 0 0 6261 6261 681 
375 312 1 7.5 312 27.1406 0.78 0 0 0 6305 6305 683 
376 312 1 7.5 312 27.1406 0.78 0 0 0 6348 6348 684 
377 312 1 7.5 312 27.1406 0.78 0 0 0 6393 6393 685 
378 312 1 7.5 312 27.1406 0.78 0 0 0 6437 6437 686 
379 312 1 7.5 312 27.1406 0.78 0 0 0 6482 6482 687 
380 312 1 7.5 312 27.1406 0.78 0 0 0 6526 6526 688 
381 312 1 7.5 312 27.1406 0.78 0 0 0 6570 6570 689 
382 312 1 7.5 312 27.1406 0.78 0 0 0 6614 6614 690 
383 314 1 7.5 314 30.4485 0.785 0 0 0 6674 6674 715 
384 314 1 7.5 314 30.3458 0.785 0 0 0 6737 6737 718 
385 314 1 7.5 314 29.8105 0.785 0 0 0 6786 6786 728 
386 314 1 7.5 314 29.8105 0.785 0 0 0 6835 6835 729 
387 314 1 7.5 314 29.7529 0.785 0 0 0 6916 6916 732 
388 314 1 7.5 314 29.7529 0.785 0 0 0 6998 6998 733 
389 314 1 7.5 314 29.7529 0.785 0 0 0 7079 7079 734 
390 314 1 7.5 314 29.7529 0.785 0 0 0 7160 7160 735 
391 314 1 7.5 314 29.7529 0.785 0 0 0 7240 7240 736 
392 314 1 7.5 314 29.7529 0.785 0 0 0 7299 7299 737 
393 314 1 7.5 314 29.7529 0.785 0 0 0 7383 7383 741 
394 314 1 7.5 314 29.7529 0.785 0 0 0 7442 7442 742 
395 318 1 7.5 318 30.7495 0.795 0 0 0 7506 7506 744 
396 321 1 7.5 321 30.7664 0.8025 0 0 0 7571 7571 746 
397 322 1 7.5 322 31.6979 0.805 0 0 0 7639 7639 752 
398 322 1 7.5 322 31.6979 0.805 0 0 0 7706 7706 753 
399 322 1 7.5 322 31.6979 0.805 0 0 0 7773 7773 754 
400 322 1 7.5 322 31.6979 0.805 0 0 0 7840 7840 755 
401 322 1 7.5 322 31.6979 0.805 0 0 0 7908 7908 756 
402 322 1 7.5 322 31.6979 0.805 0 0 0 7974 7974 757 
403 322 1 7.5 322 31.6979 0.805 0 0 0 8042 8042 758 
404 322 1 7.5 322 31.6979 0.805 0 0 0 8110 8110 759 
405 322 1 7.5 322 31.6979 0.805 0 0 0 8178 8178 760 
406 323 1 7.5 323 31.73 0.8075 0 0 0 8246 8246 762 
407 323 1 7.5 323 31.73 0.8075 0 0 0 8314 8314 763 
408 323 1 7.5 323 31.73 0.8075 0 0 0 8383 8383 764 
409 323 1 7.5 323 31.73 0.8075 0 0 0 8453 8453 765 
410 323 1 7.5 323 31.73 0.8075 0 0 0 8522 8522 766 
411 323 1 7.5 323 31.73 0.8075 0 0 0 8592 8592 767 
412 323 1 7.5 323 31.73 0.8075 0 0 0 8661 8661 768 
413 323 1 7.5 323 31.1744 0.8075 0 0 0 8714 8714 777 
414 341 1 7.5 341 31.6161 0.8525 0 0 0 8785 8785 782 
415 341 1 7.5 341 31.6161 0.8525 0 0 0 8856 8856 784 
416 341 1 7.5 341 31.1399 0.8525 0 0 0 8909 8909 786 
417 341 1 7.5 341 31.1399 0.8525 0 0 0 8981 8981 787 
418 341 1 7.5 341 31.1399 0.8525 0 0 0 9052 9052 788 
419 341 1 7.5 341 31.1399 0.8525 0 0 0 9123 9123 789 
420 341 1 7.5 341 31.1399 0.8525 0 0 0 9194 9194 790 
421 341 1 7.5 341 31.1399 0.8525 0 0 0 9265 9265 791 
422 341 1 7.5 341 31.1399 0.8525 0 0 0 9337 9337 792 
423 341 1 7.5 341 31.1399 0.8525 0 0 0 9410 9410 793 
424 341 1 7.5 341 31.1399 0.8525 0 0 0 9482 9482 794 
425 342 1 7.5 342 31.3612 0.855 0 0 0 9541 9541 801 
426 342 1 7.5 342 31.3612 0.855 0 0 0 9600 9600 804 
427 342 1 7.5 342 31.3612 0.855 0 0 0 9661 9661 805 
428 342 1 7.5 342 31.3612 0.855 0 0 0 9722 9722 806 
429 342 1 7.5 342 31.3612 0.855 0 0 0 9782 9782 807 
430 342 1 7.5 342 31.3612 0.855 0 0 0 9842 9842 811 
431 342 1 7.5 342 31.3612 0.855 0 0 0 9903 9903 813 
432 353 1 7.5 353 31.4442 0.8825 0 0 0 9965 9965 815 
433 355 1 7.5 355 34.1932 0.8875 0 0 0 10102 10102 825 
434 355 1 7.5 355 34.1932 0.8875 0 0 0 10241 10241 826 
435 355 1 7.5 355 34.1932 0.8875 0 0 0 10376 10376 827 
436 356 1 7.5 356 37.1351 0.89 0 0 0 10513 10513 831 
437 356 1 7.5 356 37.1351 0.89 0 0 0 10663 10663 844 
438 356 1 7.5 356 37.1351 0.89 0 0 0 10810 10810 849 
439 356 1 7.5 356 36.3522 0.89 0 0 0 10946 10946 854 
440 356 1 7.5 356 36.3522 0.89 0 0 0 11096 11096 859 
441 356 1 7.5 356 36.3522 0.89 0 0 0 11175 11175 866 
442 356 1 7.5 356 36.3522 0.89 0 0 0 11324 11324 867 
443 356 1 7.5 356 34.5048 0.89 0 0 0 11432 11432 876 
444 356 1 7.5 356 34.5048 0.89 0 0 0 11572 11572 879 
445 357 1 7.5 357 37.2096 0.8925 0 0 0 11687 11687 884 
446 358 1 7.5 358 38.0524 0.895 0 0 0 11802 11802 891 
447 358 1 7.5 358 37.5564 0.895 0 0 0 11919 11919 901 
448 358 1 7.5 358 37.5465 0.895 0 0 0 12036 12036 903 
449 358 1 7.5 358 35.3846 0.895 0 0 0 12206 12206 908 
450 358 1 7.5 358 35.3625 0.895 0 0 0 12376 12376 910 
451 358 1 7.5 358 35.3625 0.895 0 0 0 12549 12549 914 
452 358 1 7.5 358 35.3274 0.895 0 0 0 12721 12721 917 
453 358 1 7.5 358 35.3274 0.895 0 0 0 12896 12896 924 
454 358 1 7.5 358 35.3274 0.895 0 0 0 13052 13052 948 
455 358 1 7.5 358 35.3274 0.895 0 0 0 13210 13210 958 
456 358 1 7.5 358 34.2301 0.895 0 0 0 13370 13370 962 
457 358 1 7.5 358 34.2301 0.895 0 0 0 13528 13528 966 
458 358 1 7.5 358 34.2301 0.895 0 0 0 13686 13686 971 
459 358 1 7.5 358 34.2301 0.895 0 0 0 13824 13824 998 
460 358 1 7.5 358 34.2301 0.895 0 0 0 13983 13983 999 
461 358 1 7.5 358 34.2301 0.895 0 0 0 14113 14113 1023 
462 358 1 7.5 358 34.2301 0.895 0 0 0 14272 14272 1029 
463 358 1 7.5 358 34.2301 0.895 0 0 0 14366 14366 1037 
464 358 1 7.5 358 34.2301 0.895 0 0 0 14493 14493 1045 
465 358 1 7.5 358 34.2301 0.895 0 0 0 14622 14622 1048 
466 358 1 7.5 358 34.2301 0.895 0 0 0 14752 14752 1052 
467 358 1 7.5 358 34.2301 0.895 0 0 0 14882 14882 1056 
468 358 1 7.5 358 34.2301 0.895 0 0 0 15013 15013 1059 
469 358 1 7.5 358 34.2301 0.895 0 0 0 15143 15143 1064 
470 358 1 7.5 358 34.2301 0.895 0 0 0 15273 15273 1066 
471 358 1 7.5 358 34.2301 0.895 0 0 0 15437 15437 1074 
472 358 1 7.5 358 34.2301 0.895 0 0 0 15568 15568 1075 
473 358 1 7.5 358 34.2301 0.895 0 0 0 15699 15699 1077 
474 358 1 7.5 358 34.2301 0.895 0 0 0 15799 15799 1080 
475 358 1 7.5 358 34.2301 0.895 0 0 0 15933 15933 1081 
476 359 1 7.5 359 30.1186 0.8975 0 0 0 16003 16003 1089 
477 359 1 7.5 359 30.1186 0.8975 0 0 0 16073 16073 1093 
478 359 1 7.5 359 30.0318 0.8975 0 0 0 16149 16149 1095 
479 359 1 7.5 359 30.0318 0.8975 0 0 0 16226 16226 1097 
480 359 1 7.5 359 30.0318 0.8975 0 0 0 16303 16303 1101 
481 359 1 7.5 359 30.0056 0.8975 0 0 0 16378 16378 1102 
482 359 1 7.5 359 30.0056 0.8975 0 0 0 16452 16452 1105 
483 359 1 7.5 359 29.9828 0.8975 0 0 0 16525 16525 1107 
484 359 1 7.5 359 29.9828 0.8975 0 0 0 16597 16597 1110 
485 362 1 7.5 362 35.062 0.905 0 0 0 16709 16709 1116 
486 362 1 7.5 362 35.062 0.905 0 0 0 16821 16821 1118 
487 362 1 7.5 362 35.062 0.905 0 0 0 16931 16931 1119 
488 362 1 7.5 362 35.062 0.905 0 0 0 17041 17041 1121 
489 365 1 7.5 365 35.2471 0.9125 0 0 0 17152 17152 1125 
490 365 1 7.5 365 35.2471 0.9125 0 0 0 17274 17274 1128 
491 365 1 7.5 365 35.139 0.9125 0 0 0 17387 17387 1129 
492 365 1 7.5 365 35.139 0.9125 0 0 0 17498 17498 1130 
493 365 1 7.5 365 35.0521 0.9125 0 0 0 17611 17611 1134 
494 365 1 7.5 365 35.0521 0.9125 0 0 0 17721 17721 1135 
495 365 1 7.5 365 35.0521 0.9125 0 0 0 17831 17831 1137 
496 365 1 7.5 365 35.0521 0.9125 0 0 0 17939 17939 1138 
497 365 1 7.5 365 35.0521 0.9125 0 0 0 18048 18048 1139 
498 365 1 7.5 365 35.0521 0.9125 0 0 0 18156 18156 1140 
499 365 1 7.5 365 35.0521 0.9125 0 0 0 18267 18267 1141 
500 366 1 7.5 366 35.5962 0.915 0 0 0 18378 18378 1144 
501 366 1 7.5 366 35.5962 0.915 0 0 0 18491 18491 1145 
502 366 1 7.5 366 35.5962 0.915 0 0 0 18604 18604 1146 
503 366 1 7.5 366 35.5962 0.915 0 0 0 18717 18717 1147 
504 366 1 7.5 366 35.5962 0.915 0 0 0 18832 18832 1148 
505 366 1 7.5 366 35.5962 0.915 0 0 0 18946 18946 1149 
506 366 1 7.5 366 35.5962 0.915 0 0 0 19057 19057 1150 
507 367 1 7.5 367 35.8776 0.9175 0 0 0 19170 19170 1155 
508 367 1 7.5 367 35.7577 0.9175 0 0 0 19286 19286 1159 
509 367 1 7.5 367 35.7577 0.9175 0 0 0 19402 19402 1161 
510 367 1 7.5 367 35.7577 0.9175 0 0 0 19517 19517 1162 
511 367 1 7.5 367 35.7577 0.9175 0 0 0 19641 19641 1165 
512 367 1 7.5 367 35.7577 0.9175 0 0 0 19759 19759 1166 
513 367 1 7.5 367 35.7577 0.9175 0 0 0 19876 19876 1167 
514 367 1 7.5 367 35.7577 0.9175 0 0 0 19991 19991 1168 
515 367 1 7.5 367 35.7577 0.9175 0 0 0 20107 20107 1170 
516 367 1 7.5 367 35.7577 0.9175 0 0 0 20223 20223 1171 
517 367 1 7.5 367 35.7577 0.9175 0 0 0 20340 20340 1172 
518 367 1 7.5 367 35.7577 0.9175 0 0 0 20456 20456 1176 
519 368 1 7.5 368 35.9859 0.92 0 0 0 20579 20579 1178 
520 368 1 7.5 368 35.9859 0.92 0 0 0 20701 20701 1179 
521 368 1 7.5 368 35.9859 0.92 0 0 0 20820 20820 1180 
522 368 1 7.5 368 35.9463 0.92 0 0 0 20939 20939 1181 
523 368 1 7.5 368 35.9463 0.92 0 0 0 21058 21058 1182 
524 368 1 7.5 368 35.8937 0.92 0 0 0 21176 21176 1183 
525 368 1 7.5 368 35.8937 0.92 0 0 0 21293 21293 1187 
526 368 1 7.5 368 35.8937 0.92 0 0 0 21411 21411 1188 
527 368 1 7.5 368 35.8937 0.92 0 0 0 21529 21529 1189 
528 368 1 7.5 368 35.8937 0.92 0 0 0 21649 21649 1190 
529 369 1 7.5 369 33.54 0.9225 0 0 0 21810 21810 1199 
530 369 1 7.5 369 33.54 0.9225 0 0 0 21943 21943 1202 
531 370 1 7.5 370 41.1618 0.925 0 0 0 22348 22348 1213 
532 370 1 7.5 370 41.1618 0.925 0 0 0 22743 22743 1214 
533 370 1 7.5 370 41.1618 0.925 0 0 0 23140 23140 1217 
534 370 1 7.5 370 41.1618 0.925 0 0 0 23535 23535 1218 
535 370 1 7.5 370 41.1618 0.925 0 0 0 23931 23931 1219 
536 370 1 7.5 370 41.1618 0.925 0 0 0 24378 24378 1220 
537 370 1 7.5 370 41.0996 0.925 0 0 0 24798 24798 1221 
538 370 1 7.5 370 41.0996 0.925 0 0 0 25097 25097 1227 
539 370 1 7.5 370 41.0996 0.925 0 0 0 25598 25598 1235 
540 370 1 7.5 370 40.8992 0.925 0 0 0 26203 26203 1246 
541 370 1 7.5 370 40.8992 0.925 0 0 0 26803 26803 1249 
542 370 1 7.5 370 40.8992 0.925 0 0 0 27080 27080 1269 
543 370 1 7.5 370 40.8992 0.925 0 0 0 27672 27672 1270 
544 370 1 7.5 370 40.8992 0.925 0 0 0 28279 28279 1276 
545 370 1 7.5 370 40.8992 0.925 0 0 0 28751 28751 1299 
546 370 1 7.5 370 40.8992 0.925 0 0 0 29219 29219 1301 
547 370 1 7.5 370 40.8992 0.925 0 0 0 29679 29679 1302 
548 371 1 7.5 371 48.193 0.9275 0 0 0 30158 30158 1318 
549 371 1 7.5 371 39.4508 0.9275 0 0 0 30628 30628 1323 
550 371 1 7.5 371 39.4508 0.9275 0 0 0 31089 31089 1334 
551 371 1 7.5 371 39.4508 0.9275 0 0 0 31560 31560 1343 
552 371 1 7.5 371 39.4508 0.9275 0 0 0 32236 32236 1369 
553 371 1 7.5 371 39.3313 0.9275 0 0 0 32705 32705 1375 
554 371 1 7.5 371 39.3313 0.9275 0 0 0 33427 33427 1390 
555 371 1 7.5 371 39.3313 0.9275 0 0 0 33910 33910 1394 
556 371 1 7.5 371 39.3313 0.9275 0 0 0 34758 34758 1419 
557 371 1 7.5 371 39.3313 0.9275 0 0 0 35235 35235 1425 
558 371 1 7.5 371 39.3313 0.9275 0 0 0 35704 35704 1428 
559 371 1 7.5 371 39.3313 0.9275 0 0 0 36173 36173 1434 
560 371 1 7.5 371 39.3313 0.9275 0 0 0 36646 36646 1443 
561 371 1 7.5 371 37.3214 0.9275 0 0 0 37552 37552 1450 
562 371 1 7.5 371 37.3214 0.9275 0 0 0 38452 38452 1453 
563 371 1 7.5 371 37.3214 0.9275 0 0 0 39353 39353 1456 
564 371 1 7.5 371 37.3214 0.9275 0 0 0 40263 40263 1466 
565 371 1 7.5 371 37.3214 0.9275 0 0 0 41030 41030 1479 
566 371 1 7.5 371 37.3214 0.9275 0 0 0 41972 41972 1481 
567 371 1 7.5 371 37.3214 0.9275 0 0 0 42909 42909 1483 
568 371 1 7.5 371 37.3214 0.9275 0 0 0 43667 43667 1492 
569 371 1 7.5 371 37.3214 0.9275 0 0 0 44593 44593 1494 
570 371 1 7.5 371 37.3214 0.9275 0 0 0 45534 45534 1495 
571 371 1 7.5 371 37.3214 0.9275 0 0 0 46471 46471 1505 
572 371 1 7.5 371 37.3214 0.9275 0 0 0 47484 47484 1512 
573 371 1 7.5 371 37.3214 0.9275 0 0 0 48570 48570 1515 
574 371 1 7.5 371 37.3214 0.9275 0 0 0 49511 49511 1518 
575 371 1 7.5 371 37.3214 0.9275 0 0 0 50559 50559 1521 
576 371 1 7.5 371 37.3214 0.9275 0 0 0 51500 51500 1524 
577 372 1 7.5 372 50.2968 0.93 0 0 0 52175 52175 1544 
578 372 1 7.5 372 49.9199 0.93 0 0 0 52812 52812 1554 
579 372 1 7.5 372 49.9199 0.93 0 0 0 53547 53547 1559 
580 372 1 7.5 372 46.9074 0.93 0 0 0 54096 54096 1569 
581 372 1 7.5 372 46.9074 0.93 0 0 0 54703 54703 1578 
582 372 1 7.5 372 46.9074 0.93 0 0 0 54870 54870 1597 
583 372 1 7.5 372 46.9074 0.93 0 0 0 55099 55099 1608 
584 372 1 7.5 372 46.9074 0.93 0 0 0 55271 55271 1616 
585 372 1 7.5 372 46.9074 0.93 0 0 0 55439 55439 1624 
586 372 1 7.5 372 46.9074 0.93 0 0 0 55941 55941 1636 
587 372 1 7.5 372 46.9074 0.93 0 0 0 56188 56188 1641 
588 372 1 7.5 372 46.9074 0.93 0 0 0 56555 56555 1656 
589 372 1 7.5 372 46.8569 0.93 0 0 0 56792 56792 1665 
590 372 1 7.5 372 46.8569 0.93 0 0 0 57027 57027 1668 
591 372 1 7.5 372 46.8569 0.93 0 0 0 57265 57265 1672 
592 372 1 7.5 372 46.8569 0.93 0 0 0 57499 57499 1673 
593 372 1 7.5 372 46.8569 0.93 0 0 0 57735 57735 1674 
594 372 1 7.5 372 46.8569 0.93 0 0 0 57970 57970 1675 
595 372 1 7.5 372 46.8569 0.93 0 0 0 58209 58209 1676 
596 372 1 7.5 372 44.7151 0.93 0 0 0 58564 58564 1691 
597 372 1 7.5 372 44.7151 0.93 0 0 0 58730 58730 1695 
598 372 1 7.5 372 44.7151 0.93 0 0 0 58897 58897 1697 
599 372 1 7.5 372 44.3679 0.93 0 0 0 59518 59518 1702 
600 372 1 7.5 372 44.3679 0.93 0 0 0 59688 59688 1704 
601 372 1 7.5 372 44.3679 0.93 0 0 0 59925 59925 1706 
602 372 1 7.5 372 44.3679 0.93 0 0 0 60094 60094 1713 
603 372 1 7.5 372 44.3679 0.93 0 0 0 60334 60334 1717 
604 372 1 7.5 372 44.3679 0.93 0 0 0 60502 60502 1731 
605 372 1 7.5 372 42.6084 0.93 0 0 0 60836 60836 1744 
606 372 1 7.5 372 42.6084 0.93 0 0 0 60990 60990 1752 
607 372 1 7.5 372 42.6084 0.93 0 0 0 61229 61229 1754 
608 372 1 7.5 372 42.6084 0.93 0 0 0 61382 61382 1762 
609 372 1 7.5 372 42.6084 0.93 0 0 0 61620 61620 1763 
610 372 1 7.5 372 42.6084 0.93 0 0 0 61794 61794 1765 
611 372 1 7.5 372 42.6084 0.93 0 0 0 62035 62035 1769 
612 372 1 7.5 372 42.6084 0.93 0 0 0 62280 62280 1772 
613 372 1 7.5 372 42.6084 0.93 0 0 0 62534 62534 1775 
614 372 1 7.5 372 42.6084 0.93 0 0 0 62785 62785 1778 
615 372 1 7.5 372 42.6084 0.93 0 0 0 63030 63030 1780 
616 372 1 7.5 372 42.6084 0.93 0 0 0 63267 63267 1783 
617 372 1 7.5 372 42.6084 0.93 0 0 0 63508 63508 1784 
618 372 1 7.5 372 42.6084 0.93 0 0 0 63749 63749 1789 
619 372 1 7.5 372 42.6084 0.93 0 0 0 63921 63921 1791 
620 372 1 7.5 372 42.6084 0.93 0 0 0 64163 64163 1792 
621 372 1 7.5 372 42.6084 0.93 0 0 0 64339 64339 1797 
622 372 1 7.5 372 42.6084 0.93 0 0 0 64569 64569 1799 
623 372 1 7.5 372 42.6084 0.93 0 0 0 64730 64730 1806 
624 372 1 7.5 372 42.6084 0.93 0 0 0 64906 64906 1807 
625 373 1 7.5 373 54.8424 0.9325 0 0 0 65186 65186 1817 
626 373 1 7.5 373 53.4134 0.9325 0 0 0 65623 65623 1821 
627 373 1 7.5 373 53.4134 0.9325 0 0 0 66054 66054 1827 
628 373 1 7.5 373 53.4134 0.9325 0 0 0 66348 66348 1831 
629 376 1 7.5 376 47.5796 0.94 0 0 0 66998 66998 1848 
630 376 1 7.5 376 47.5796 0.94 0 0 0 67286 67286 1850 
631 376 1 7.5 376 47.5796 0.94 0 0 0 67760 67760 1852 
632 376 1 7.5 376 47.5796 0.94 0 0 0 68551 68551 1862 
633 376 1 7.5 376 47.5796 0.94 0 0 0 68855 68855 1865 
634 379 1 7.5 379 54.216 0.9475 0 0 0 69391 69391 1875 
635 379 1 7.5 379 54.216 0.9475 0 0 0 69738 69738 1876 
636 379 1 7.5 379 54.216 0.9475 0 0 0 70284 70284 1884 
637 379 1 7.5 379 54.216 0.9475 0 0 0 70832 70832 1891 
638 379 1 7.5 379 54.216 0.9475 0 0 0 71377 71377 1893 
639 379 1 7.5 379 54.216 0.9475 0 0 0 71712 71712 1899 
640 379 1 7.5 379 54.216 0.9475 0 0 0 72484 72484 1912 
641 379 1 7.5 379 54.0831 0.9475 0 0 0 73107 73107 1921 
642 382 1 7.5 382 52.6576 0.955 0 0 0 73588 73588 1925 
643 385 1 7.5 385 55.1206 0.9625 0 0 0 74196 74196 1939 
644 385 1 7.5 385 52.9983 0.9625 0 0 0 75028 75028 1943 
645 388 1 7.5 388 49.8239 0.97 0 0 0 75765 75765 1957 
646 388 1 7.5 388 49.8239 0.97 0 0 0 76107 76107 1958 
647 388 1 7.5 388 49.8239 0.97 0 0 0 76734 76734 1959 
648 388 1 7.5 388 49.8239 0.97 0 0 0 77351 77351 1960 
649 388 1 7.5 388 49.8239 0.97 0 0 0 77965 77965 1961 
650 388 1 7.5 388 49.8239 0.97 0 0 0 78532 78532 1964 
651 388 1 7.5 388 49.8239 0.97 0 0 0 79119 79119 1971 
652 388 1 7.5 388 49.8239 0.97 0 0 0 79755 79755 1972 
653 388 1 7.5 388 49.8239 0.97 0 0 0 80369 80369 1974 
654 388 1 7.5 388 49.8239 0.97 0 0 0 80712 80712 1978 
655 388 1 7.5 388 49.8239 0.97 0 0 0 81100 81100 1986 
656 388 1 7.5 388 49.8239 0.97 0 0 0 81807 81807 1991 
657 388 1 7.5 388 49.8239 0.97 0 0 0 82107 82107 1995 
658 388 1 7.5 388 49.8239 0.97 0 0 0 82820 82820 2001 
659 388 1 7.5 388 49.8239 0.97 0 0 0 83199 83199 2006 
660 388 1 7.5 388 49.8239 0.97 0 0 0 83577 83577 2008 
661 388 1 7.5 388 49.8239 0.97 0 0 0 83961 83961 2009 
662 388 1 7.5 388 49.8239 0.97 0 0 0 84326 84326 2010 
663 388 1 7.5 388 49.8239 0.97 0 0 0 84545 84545 2016 
664 388 1 7.5 388 49.8239 0.97 0 0 0 84925 84925 2020 
665 388 1 7.5 388 49.8239 0.97 0 0 0 85321 85321 2021 
666 388 1 7.5 388 49.8239 0.97 0 0 0 85707 85707 2022 
667 388 1 7.5 388 49.8239 0.97 0 0 0 86087 86087 2023 
668 388 1 7.5 388 49.8239 0.97 0 0 0 86474 86474 2024 
669 388 1 7.5 388 49.8239 0.97 0 0 0 86776 86776 2026 
670 388 1 7.5 388 49.8239 0.97 0 0 0 87418 87418 2027 
671 388 1 7.5 388 49.8239 0.97 0 0 0 87805 87805 2028 
672 389 1 7.5 389 56.0251 0.9725 0 0 0 88152 88152 2034 
673 389 1 7.5 389 54.7136 0.9725 0 0 0 88578 88578 2039 
674 389 1 7.5 389 54.7136 0.9725 0 0 0 88929 88929 2049 
675 389 1 7.5 389 54.7136 0.9725 0 0 0 89286 89286 2051 
676 389 1 7.5 389 49.9005 0.9725 0 0 0 90346 90346 2062 
677 389 1 7.5 389 49.9005 0.9725 0 0 0 90696 90696 2065 
678 389 1 7.5 389 49.9005 0.9725 0 0 0 91049 91049 2067 
679 389 1 7.5 389 49.9005 0.9725 0 0 0 91465 91465 2078 
680 389 1 7.5 389 49.9005 0.9725 0 0 0 91808 91808 2079 
681 389 1 7.5 389 46.9504 0.9725 0 0 0 92916 92916 2086 
682 389 1 7.5 389 46.9504 0.9725 0 0 0 93275 93275 2088 
683 389 1 7.5 389 46.9504 0.9725 0 0 0 93613 93613 2091 
684 389 1 7.5 389 46.9504 0.9725 0 0 0 93963 93963 2092 
685 389 1 7.5 389 46.9504 0.9725 0 0 0 94315 94315 2093 
686 389 1 7.5 389 46.9504 0.9725 0 0 0 94526 94526 2099 
687 389 1 7.5 389 46.9504 0.9725 0 0 0 94884 94884 2102 
688 389 1 7.5 389 46.9504 0.9725 0 0 0 95172 95172 2105 
689 389 1 7.5 389 46.9504 0.9725 0 0 0 95526 95526 2108 
690 389 1 7.5 389 46.9504 0.9725 0 0 0 95876 95876 2112 
691 389 1 7.5 389 46.9504 0.9725 0 0 0 96228 96228 2114 
692 389 1 7.5 389 46.9504 0.9725 0 0 0 96580 96580 2116 
693 389 1 7.5 389 46.9504 0.9725 0 0 0 96937 96937 2121 
694 389 1 7.5 389 46.9504 0.9725 0 0 0 97294 97294 2122 
695 389 1 7.5 389 46.9504 0.9725 0 0 0 97653 97653 2125 
696 389 1 7.5 389 46.9504 0.9725 0 0 0 97943 97943 2132 
697 389 1 7.5 389 46.9504 0.9725 0 0 0 98302 98302 2137 
698 389 1 7.5 389 46.9504 0.9725 0 0 0 98663 98663 2139 
699 389 1 7.5 389 46.9504 0.9725 0 0 0 99030 99030 2142 
700 389 1 7.5 389 46.9504 0.9725 0 0 0 99363 99363 2147 
701 389 1 7.5 389 46.9504 0.9725 0 0 0 99725 99725 2149 
702 389 1 7.5 389 46.9504 0.9725 0 0 0 100247 100247 2152 
703 389 1 7.5 389 46.9504 0.9725 0 0 0 100614 100614 2155 
704 389 1 7.5 389 46.9504 0.9725 0 0 0 100964 100964 2157 
705 389 1 7.5 389 46.9504 0.9725 0 0 0 101326 101326 2158 
706 389 1 7.5 389 46.9504 0.9725 0 0 0 101592 101592 2161 
707 389 1 7.5 389 46.9504 0.9725 0 0 0 102341 102341 2184 
708 389 1 7.5 389 46.9504 0.9725 0 0 0 103186 103186 2188 
709 389 1 7.5 389 46.9504 0.9725 0 0 0 103555 103555 2203 
710 389 1 7.5 389 46.9504 0.9725 0 0 0 104314 104314 2211 
711 389 1 7.5 389 46.9504 0.9725 0 0 0 105081 105081 2213 
712 389 1 7.5 389 46.9504 0.9725 0 0 0 105401 105401 2221 
713 389 1 7.5 389 46.9504 0.9725 0 0 0 106094 106094 2234 
714 389 1 7.5 389 46.9504 0.9725 0 0 0 106557 106557 2245 
715 389 1 7.5 389 46.9504 0.9725 0 0 0 107380 107380 2249 
716 389 1 7.5 389 46.9504 0.9725 0 0 0 108206 108206 2254 
717 389 1 7.5 389 46.9504 0.9725 0 0 0 108647 108647 2261 
718 389 1 7.5 389 46.9504 0.9725 0 0 0 109502 109502 2262 
719 389 1 7.5 389 46.9504 0.9725 0 0 0 110351 110351 2272 
720 389 1 7.5 389 46.9504 0.9725 0 0 0 111120 111120 2275 
721 389 1 7.5 389 46.9504 0.9725 0 0 0 111971 111971 2276 
722 389 1 7.5 389 46.9504 0.9725 0 0 0 112810 112810 2279 
723 389 1 7.5 389 46.9504 0.9725 0 0 0 113576 113576 2280 
724 389 1 7.5 389 46.9504 0.9725 0 0 0 114344 114344 2284 
725 389 1 7.5 389 46.9504 0.9725 0 0 0 115213 115213 2287 
726 389 1 7.5 389 46.9504 0.9725 0 0 0 116026 116026 2288 
727 389 1 7.5 389 46.9504 0.9725 0 0 0 116919 116919 2290 
728 389 1 7.5 389 46.9504 0.9725 0 0 0 117850 117850 2298 
729 389 1 7.5 389 46.9504 0.9725 0 0 0 118783 118783 2306 
730 389 1 7.5 389 46.9504 0.9725 0 0 0 119635 119635 2307 
731 389 1 7.5 389 46.9504 0.9725 0 0 0 120080 120080 2312 
732 389 1 7.5 389 46.9504 0.9725 0 0 0 120940 120940 2313 
733 389 1 7.5 389 46.9504 0.9725 0 0 0 121447 121447 2331 
734 389 1 7.5 389 46.9504 0.9725 0 0 0 122222 122222 2355 
735 389 1 7.5 389 46.9504 0.9725 0 0 0 123041 123041 2380 
736 389 1 7.5 389 46.9504 0.9725 0 0 0 124386 124386 2396 
737 389 1 7.5 389 46.9504 0.9725 0 0 0 125663 125663 2406 
738 389 1 7.5 389 46.9504 0.9725 0 0 0 126579 126579 2416 
739 389 1 7.5 389 46.9504 0.9725 0 0 0 127038 127038 2426 
740 389 1 7.5 389 46.9504 0.9725 0 0 0 127599 127599 2444 
741 389 1 7.5 389 46.9504 0.9725 0 0 0 128375 128375 2465 
742 389 1 7.5 389 46.9504 0.9725 0 0 0 129186 129186 2479 
743 389 1 7.5 389 46.9504 0.9725 0 0 0 129958 129958 2484 
744 389 1 7.5 389 46.9504 0.9725 0 0 0 130771 130771 2489 
745 389 1 7.5 389 46.9504 0.9725 0 0 0 131467 131467 2504 
746 389 1 7.5 389 46.9504 0.9725 0 0 0 132270 132270 2514 
747 389 1 7.5 389 46.9504 0.9725 0 0 0 133647 133647 2524 
748 389 1 7.5 389 46.9504 0.9725 0 0 0 134442 134442 2531 
749 389 1 7.5 389 46.9504 0.9725 0 0 0 135124 135124 2535 
750 389 1 7.5 389 46.9504 0.9725 0 0 0 136166 136166 2546 
751 389 1 7.5 389 46.9504 0.9725 0 0 0 137043 137043 2562 
752 389 1 7.5 389 46.9504 0.9725 0 0 0 137827 137827 2569 
753 389 1 7.5 389 46.9504 0.9725 0 0 0 138626 138626 2578 
754 389 1 7.5 389 46.9504 0.9725 0 0 0 139459 139459 2584 
755 389 1 7.5 389 46.9504 0.9725 0 0 0 140416 140416 2594 
756 389 1 7.5 389 46.9504 0.9725 0 0 0 141289 141289 2604 
757 389 1 7.5 389 46.9504 0.9725 0 0 0 142301 142301 2615 
758 389 1 7.5 389 46.9504 0.9725 0 0 0 142992 142992 2626 
759 389 1 7.5 389 46.9504 0.9725 0 0 0 144567 144567 2636 
760 389 1 7.5 389 46.9504 0.9725 0 0 0 145404 145404 2649 
761 389 1 7.5 389 46.9504 0.9725 0 0 0 146238 146238 2662 
762 389 1 7.5 389 46.9504 0.9725 0 0 0 147094 147094 2673 
763 389 1 7.5 389 46.9504 0.9725 0 0 0 147892 147892 2685 
764 389 1 7.5 389 46.9504 0.9725 0 0 0 149143 149143 2701 
765 389 1 7.5 389 46.9504 0.9725 0 0 0 150193 150193 2711 
766 389 1 7.5 389 46.9504 0.9725 0 0 0 150733 150733 2722 
767 389 1 7.5 389 46.9504 0.9725 0 0 0 151506 151506 2728 
768 389 1 7.5 389 46.9504 0.9725 0 0 0 152340 152340 2744 
769 389 1 7.5 389 46.9504 0.9725 0 0 0 153238 153238 2750 
770 389 1 7.5 389 46.9504 0.9725 0 0 0 154240 154240 2757 
771 389 1 7.5 389 46.9504 0.9725 0 0 0 155076 155076 2762 
772 389 1 7.5 389 46.9504 0.9725 0 0 0 156087 156087 2765 
773 389 1 7.5 389 46.9504 0.9725 0 0 0 156787 156787 2773 
774 389 1 7.5 389 46.9504 0.9725 0 0 0 157759 157759 2780 
775 389 1 7.5 389 46.9504 0.9725 0 0 0 158575 158575 2790 
776 389 1 7.5 389 46.9504 0.9725 0 0 0 159557 159557 2793 
777 389 1 7.5 389 46.9504 0.9725 0 0 0 160168 160168 2799 
778 389 1 7.5 389 46.9504 0.9725 0 0 0 161053 161053 2801 
779 389 1 7.5 389 46.9504 0.9725 0 0 0 162235 162235 2804 
780 389 1 7.5 389 46.9504 0.9725 0 0 0 163223 163223 2805 
781 389 1 7.5 389 46.9504 0.9725 0 0 0 164210 164210 2808 
782 389 1 7.5 389 46.9504 0.9725 0 0 0 165180 165180 2809 
783 389 1 7.5 389 46.9504 0.9725 0 0 0 166346 166346 2818 
784 389 1 7.5 389 46.9504 0.9725 0 0 0 167179 167179 2823 
785 389 1 7.5 389 46.9504 0.9725 0 0 0 168185 168185 2825 
786 389 1 7.5 389 46.9504 0.9725 0 0 0 169198 169198 2830 
787 389 1 7.5 389 46.9504 0.9725 0 0 0 170075 170075 2834 
788 389 1 7.5 389 46.9504 0.9725 0 0 0 170896 170896 2835 
789 389 1 7.5 389 46.9504 0.9725 0 0 0 171708 171708 2837 
790 389 1 7.5 389 46.9504 0.9725 0 0 0 172685 172685 2839 
791 389 1 7.5 389 46.9504 0.9725 0 0 0 173519 173519 2843 
792 389 1 7.5 389 46.9504 0.9725 0 0 0 174587 174587 2846 
793 389 1 7.5 389 46.9504 0.9725 0 0 0 175580 175580 2848 
794 389 1 7.5 389 46.9504 0.9725 0 0 0 176180 176180 2855 
795 389 1 7.5 389 46.9504 0.9725 0 0 0 177249 177249 2856 
796 389 1 7.5 389 46.9504 0.9725 0 0 0 178263 178263 2860 
797 389 1 7.5 389 46.9504 0.9725 0 0 0 179235 179235 2865 
798 389 1 7.5 389 46.9504 0.9725 0 0 0 180067 180067 2868 
799 389 1 7.5 389 46.9504 0.9725 0 0 0 180549 180549 2874 
800 389 1 7.5 389 46.9504 0.9725 0 0 0 181392 181392 2878 
801 389 1 7.5 389 46.9504 0.9725 0 0 0 182203 182203 2890 
802 389 1 7.5 389 46.9504 0.9725 0 0 0 183026 183026 2891 
803 389 1 7.5 389 46.9504 0.9725 0 0 0 184239 184239 2894 
804 389 1 7.5 389 46.9504 0.9725 0 0 0 185688 185688 2896 
805 389 1 7.5 389 46.9504 0.9725 0 0 0 186422 186422 2905 
806 389 1 7.5 389 46.9504 0.9725 0 0 0 187506 187506 2918 
807 389 1 7.5 389 46.9504 0.9725 0 0 0 188368 188368 2924 
808 389 1 7.5 389 46.9504 0.9725 0 0 0 189036 189036 2933 
809 389 1 7.5 389 46.9504 0.9725 0 0 0 190228 190228 2936 
810 389 1 7.5 389 46.9504 0.9725 0 0 0 191384 191384 2947 
811 389 1 7.5 389 46.9504 0.9725 0 0 0 192625 192625 2953 
812 389 1 7.5 389 46.9504 0.9725 0 0 0 193717 193717 2962 
813 389 1 7.5 389 46.9504 0.9725 0 0 0 194442 194442 2972 
814 389 1 7.5 389 46.9504 0.9725 0 0 0 195160 195160 2986 
815 389 1 7.5 389 46.9504 0.9725 0 0 0 196625 196625 2988 
816 389 1 7.5 389 46.9504 0.9725 0 0 0 197533 197533 2991 
817 389 1 7.5 389 46.9504 0.9725 0 0 0 199147 199147 3001 
818 389 1 7.5 389 46.9504 0.9725 0 0 0 200101 200101 3007 
819 389 1 7.5 389 45.9714 0.9725 0 0 0 200753 200753 3018 
820 389 1 7.5 389 45.9714 0.9725 0 0 0 201669 201669 3020 
821 389 1 7.5 389 45.9714 0.9725 0 0 0 202380 202380 3024 
822 389 1 7.5 389 45.9714 0.9725 0 0 0 203506 203506 3029 
823 392 1 7.5 392 60.5222 0.98 0 0 0 204343 204343 3044 
824 392 1 7.5 392 50.7766 0.98 0 0 0 205514 205514 3055 
825 392 1 7.5 392 50.7766 0.98 0 0 0 206266 206266 3066 
826 392 1 7.5 392 49.9988 0.98 0 0 0 206976 206976 3088 
827 392 1 7.5 392 49.9988 0.98 0 0 0 208101 208101 3102 
828 392 1 7.5 392 49.9988 0.98 0 0 0 209030 209030 3115 
829 392 1 7.5 392 49.9988 0.98 0 0 0 210177 210177 3124 
830 392 1 7.5 392 49.9988 0.98 0 0 0 211316 211316 3127 
831 392 1 7.5 392 49.4903 0.98 0 0 0 212228 212228 3133 
832 392 1 7.5 392 49.4903 0.98 0 0 0 213440 213440 3150 
833 392 1 7.5 392 49.4903 0.98 0 0 0 214854 214854 3174 
834 392 1 7.5 392 49.4903 0.98 0 0 0 216100 216100 3182 
835 392 1 7.5 392 49.4903 0.98 0 0 0 216738 216738 3190 
836 392 1 7.5 392 49.4903 0.98 0 0 0 217877 217877 3191 
837 392 1 7.5 392 49.4903 0.98 0 0 0 218778 218778 3195 
838 392 1 7.5 392 49.4903 0.98 0 0 0 219885 219885 3205 
839 392 1 7.5 392 49.4903 0.98 0 0 0 221021 221021 3207 
840 392 1 7.5 392 49.4903 0.98 0 0 0 221899 221899 3216 
841 392 1 7.5 392 48.6292 0.98 0 0 0 222752 222752 3219 
842 392 1 7.5 392 48.6292 0.98 0 0 0 223895 223895 3222 
843 392 1 7.5 392 48.6292 0.98 0 0 0 225097 225097 3225 
844 392 1 7.5 392 48.6292 0.98 0 0 0 225959 225959 3234 
845 392 1 7.5 392 48.6292 0.98 0 0 0 227190 227190 3239 
846 392 1 7.5 392 48.3404 0.98 0 0 0 228232 228232 3242 
847 392 1 7.5 392 48.3404 0.98 0 0 0 229675 229675 3246 
848 392 1 7.5 392 48.3404 0.98 0 0 0 230713 230713 3250 
849 392 1 7.5 392 48.3404 0.98 0 0 0 231617 231617 3251 
850 392 1 7.5 392 48.3404 0.98 0 0 0 232491 232491 3263 
851 392 1 7.5 392 48.3404 0.98 0 0 0 233195 233195 3282 
852 392 1 7.5 392 48.3404 0.98 0 0 0 234116 234116 3287 
853 392 1 7.5 392 48.3404 0.98 0 0 0 235012 235012 3292 
854 392 1 7.5 392 48.3404 0.98 0 0 0 235746 235746 3300 
855 392 1 7.5 392 48.3404 0.98 0 0 0 236837 236837 3311 
856 392 1 7.5 392 48.3404 0.98 0 0 0 237720 237720 3319 
857 392 1 7.5 392 48.3404 0.98 0 0 0 238687 238687 3328 
858 392 1 7.5 392 48.3404 0.98 0 0 0 239750 239750 3331 
859 392 1 7.5 392 48.2097 0.98 0 0 0 240583 240583 3333 
860 392 1 7.5 392 48.2097 0.98 0 0 0 241266 241266 3345 
861 394 1 7.5 394 51.401 0.985 0 0 0 241812 241812 3356 
862 394 1 7.5 394 51.401 0.985 0 0 0 242873 242873 3365 
863 394 1 7.5 394 51.0497 0.985 0 0 0 243454 243454 3373 
864 394 1 7.5 394 49.1957 0.985 0 0 0 244736 244736 3380 
865 394 1 7.5 394 48.6256 0.985 0 0 0 246192 246192 3387 
866 394 1 7.5 394 48.6256 0.985 0 0 0 247365 247365 3394 
867 394 1 7.5 394 48.6256 0.985 0 0 0 248811 248811 3401 
868 394 1 7.5 394 48.6256 0.985 0 0 0 249864 249864 3406 
869 394 1 7.5 394 48.6256 0.985 0 0 0 251154 251154 3408 
870 394 1 7.5 394 48.6256 0.985 0 0 0 252429 252429 3412 
871 394 1 7.5 394 48.6256 0.985 0 0 0 253716 253716 3418 
872 394 1 7.5 394 46.5233 0.985 0 0 0 255160 255160 3424 
873 394 1 7.5 394 46.5233 0.985 0 0 0 255737 255737 3425 
874 394 1 7.5 394 46.5233 0.985 0 0 0 256605 256605 3432 
875 394 1 7.5 394 46.5233 0.985 0 0 0 257694 257694 3433 
876 394 1 7.5 394 46.5233 0.985 0 0 0 259026 259026 3437 
877 394 1 7.5 394 46.5233 0.985 0 0 0 259758 259758 3439 
878 394 1 7.5 394 46.5233 0.985 0 0 0 260692 260692 3445 
879 394 1 7.5 394 46.5233 0.985 0 0 0 261716 261716 3447 
880 394 1 7.5 394 46.5233 0.985 0 0 0 262852 262852 3449 
881 394 1 7.5 394 46.5233 0.985 0 0 0 263875 263875 3452 
882 394 1 7.5 394 46.5233 0.985 0 0 0 264659 264659 3465 
883 394 1 7.5 394 46.5233 0.985 0 0 0 265681 265681 3467 
884 394 1 7.5 394 46.5233 0.985 0 0 0 266778 266778 3482 
885 394 1 7.5 394 46.5233 0.985 0 0 0 267841 267841 3484 
886 394 1 7.5 394 46.5233 0.985 0 0 0 268884 268884 3485 
887 394 1 7.5 394 46.5233 0.985 0 0 0 269939 269939 3487 
888 394 1 7.5 394 46.5233 0.985 0 0 0 271516 271516 3488 
889 394 1 7.5 394 46.5233 0.985 0 0 0 272574 272574 3489 
890 394 1 7.5 394 46.5233 0.985 0 0 0 273631 273631 3490 
891 394 1 7.5 394 46.5233 0.985 0 0 0 274955 274955 3492 
892 394 1 7.5 394 46.5233 0.985 0 0 0 276171 276171 3495 
893 394 1 7.5 394 46.5233 0.985 0 0 0 277530 277530 3502 
894 394 1 7.5 394 46.5233 0.985 0 0 0 278690 278690 3509 
895 394 1 7.5 394 46.5233 0.985 0 0 0 281694 281694 3512 
896 394 1 7.5 394 46.5233 0.985 0 0 0 283091 283091 3514 
897 394 1 7.5 394 46.5233 0.985 0 0 0 284066 284066 3531 
898 394 1 7.5 394 46.5233 0.985 0 0 0 284998 284998 3539 
899 394 1 7.5 394 46.5233 0.985 0 0 0 285541 285541 3546 
900 394 1 7.5 394 46.5233 0.985 0 0 0 286652 286652 3553 
901 394 1 7.5 394 46.5233 0.985 0 0 0 287581 287581 3555 
902 394 1 7.5 394 46.5233 0.985 0 0 0 288679 288679 3565 
903 394 1 7.5 394 46.5233 0.985 0 0 0 289632 289632 3572 
904 394 1 7.5 394 46.5233 0.985 0 0 0 290563 290563 3574 
905 394 1 7.5 394 46.5233 0.985 0 0 0 291776 291776 3581 
906 394 1 7.5 394 46.5233 0.985 0 0 0 292972 292972 3584 
907 394 1 7.5 394 46.5233 0.985 0 0 0 293911 293911 3593 
908 394 1 7.5 394 46.5233 0.985 0 0 0 294701 294701 3608 
909 394 1 7.5 394 46.5233 0.985 0 0 0 296829 296829 3616 
910 394 1 7.5 394 46.5233 0.985 0 0 0 299323 299323 3618 
911 394 1 7.5 394 46.5233 0.985 0 0 0 299919 299919 3621 
912 395 1 7.5 395 48.9286 0.9875 0 0 0 300463 300463 3626 
913 395 1 7.5 395 48.9286 0.9875 0 0 0 301353 301353 3633 
914 395 1 7.5 395 48.9286 0.9875 0 0 0 302172 302172 3646 
915 395 1 7.5 395 47.7593 0.9875 0 0 0 303224 303224 3649 
916 395 1 7.5 395 47.7593 0.9875 0 0 0 303750 303750 3658 
917 395 1 7.5 395 45.8973 0.9875 0 0 0 304288 304288 3663 
918 395 1 7.5 395 45.8973 0.9875 0 0 0 305199 305199 3674 
919 395 1 7.5 395 43.3142 0.9875 0 0 0 305849 305849 3682 
920 395 1 7.5 395 43.3142 0.9875 0 0 0 307053 307053 3698 
921 395 1 7.5 395 43.3142 0.9875 0 0 0 308169 308169 3705 
922 395 1 7.5 395 43.3142 0.9875 0 0 0 308856 308856 3711 
923 395 1 7.5 395 43.3142 0.9875 0 0 0 310041 310041 3717 
924 395 1 7.5 395 43.3142 0.9875 0 0 0 311640 311640 3721 
925 395 1 7.5 395 43.3142 0.9875 0 0 0 312269 312269 3726 
926 395 1 7.5 395 43.3142 0.9875 0 0 0 313590 313590 3747 
927 395 1 7.5 395 43.3142 0.9875 0 0 0 314119 314119 3759 
928 395 1 7.5 395 43.3142 0.9875 0 0 0 314619 314619 3768 
929 395 1 7.5 395 43.3142 0.9875 0 0 0 315158 315158 3773 
930 395 1 7.5 395 43.3142 0.9875 0 0 0 316371 316371 3779 
931 395 1 7.5 395 43.3142 0.9875 0 0 0 317747 317747 3791 
932 395 1 7.5 395 43.3142 0.9875 0 0 0 318540 318540 3795 
933 395 1 7.5 395 43.3142 0.9875 0 0 0 318855 318855 3804 
934 395 1 7.5 395 43.3142 0.9875 0 0 0 319151 319151 3816 
935 395 1 7.5 395 43.3142 0.9875 0 0 0 319569 319569 3827 
936 395 1 7.5 395 43.3142 0.9875 0 0 0 320473 320473 3835 
937 395 1 7.5 395 43.3142 0.9875 0 0 0 320778 320778 3837 
938 395 1 7.5 395 43.3142 0.9875 0 0 0 321076 321076 3841 
939 395 1 7.5 395 43.3142 0.9875 0 0 0 321621 321621 3847 
940 395 1 7.5 395 43.3142 0.9875 0 0 0 321969 321969 3854 
941 395 1 7.5 395 43.3142 0.9875 0 0 0 322517 322517 3863 
942 395 1 7.5 395 43.3142 0.9875 0 0 0 322982 322982 3875 
943 395 1 7.5 395 43.3142 0.9875 0 0 0 324395 324395 3881 
944 395 1 7.5 395 43.3142 0.9875 0 0 0 325588 325588 3887 
945 395 1 7.5 395 43.3142 0.9875 0 0 0 327322 327322 3896 
946 395 1 7.5 395 43.3142 0.9875 0 0 0 328546 328546 3906 
947 395 1 7.5 395 43.3142 0.9875 0 0 0 329129 329129 3913 
948 395 1 7.5 395 43.3142 0.9875 0 0 0 330221 330221 3923 
949 395 1 7.5 395 43.3142 0.9875 0 0 0 331312 331312 3929 
950 395 1 7.5 395 43.3142 0.9875 0 0 0 332604 332604 3943 
951 395 1 7.5 395 43.3142 0.9875 0 0 0 333723 333723 3947 
952 395 1 7.5 395 43.3142 0.9875 0 0 0 334376 334376 3950 
953 395 1 7.5 395 43.3142 0.9875 0 0 0 335238 335238 3956 
954 395 1 7.5 395 43.3142 0.9875 0 0 0 335775 335775 3964 
955 395 1 7.5 395 43.3142 0.9875 0 0 0 336222 336222 3973 
956 395 1 7.5 395 43.3142 0.9875 0 0 0 337127 337127 3980 
957 395 1 7.5 395 43.3142 0.9875 0 0 0 338824 338824 3985 
958 395 1 7.5 395 43.3142 0.9875 0 0 0 339852 339852 3989 
959 395 1 7.5 395 43.3142 0.9875 0 0 0 340881 340881 3998 
960 395 1 7.5 395 43.3142 0.9875 0 0 0 341760 341760 4001 
961 395 1 7.5 395 43.3142 0.9875 0 0 0 344104 344104 4010 
962 395 1 7.5 395 43.3142 0.9875 0 0 0 345088 345088 4019 
963 395 1 7.5 395 43.3142 0.9875 0 0 0 345858 345858 4021 
964 395 1 7.5 395 43.3142 0.9875 0 0 0 346728 346728 4024 
965 395 1 7.5 395 43.3142 0.9875 0 0 0 347899 347899 4029 
966 395 1 7.5 395 43.3142 0.9875 0 0 0 349346 349346 4037 
967 395 1 7.5 395 43.3142 0.9875 0 0 0 350074 350074 4041 
968 395 1 7.5 395 43.3142 0.9875 0 0 0 351107 351107 4051 
969 395 1 7.5 395 43.3142 0.9875 0 0 0 352096 352096 4062 
970 395 1 7.5 395 43.3142 0.9875 0 0 0 353152 353152 4066 
971 395 1 7.5 395 43.3142 0.9875 0 0 0 353670 353670 4067 
972 395 1 7.5 395 43.3142 0.9875 0 0 0 354514 354514 4082 
973 395 1 7.5 395 43.3142 0.9875 0 0 0 355388 355388 4083 
974 395 1 7.5 395 43.3142 0.9875 0 0 0 356396 356396 4088 
975 395 1 7.5 395 43.3142 0.9875 0 0 0 357087 357087 4093 
976 395 1 7.5 395 43.3142 0.9875 0 0 0 357862 357862 4098 
977 395 1 7.5 395 43.3142 0.9875 0 0 0 358595 358595 4100 
978 395 1 7.5 395 43.3142 0.9875 0 0 0 358936 358936 4105 
979 395 1 7.5 395 43.3142 0.9875 0 0 0 360236 360236 4117 
980 395 1 7.5 395 43.3142 0.9875 0 0 0 361554 361554 4125 
981 395 1 7.5 395 43.3142 0.9875 0 0 0 362051 362051 4127 
982 395 1 7.5 395 43.3142 0.9875 0 0 0 362897 362897 4133 
983 395 1 7.5 395 43.3142 0.9875 0 0 0 363664 363664 4141 
984 395 1 7.5 395 43.3142 0.9875 0 0 0 364063 364063 4151 
985 395 1 7.5 395 43.3142 0.9875 0 0 0 365127 365127 4158 
986 395 1 7.5 395 42.6792 0.9875 0 0 0 366039 366039 4162 
987 395 1 7.5 395 42.6792 0.9875 0 0 0 367042 367042 4164 
988 395 1 7.5 395 42.6792 0.9875 0 0 0 367693 367693 4167 
989 395 1 7.5 395 42.6792 0.9875 0 0 0 368357 368357 4168 
990 395 1 7.5 395 42.6402 0.9875 0 0 0 369023 369023 4169 
991 395 1 7.5 395 42.5896 0.9875 0 0 0 369707 369707 4170 
992 395 1 7.5 395 42.5896 0.9875 0 0 0 370383 370383 4171 
993 395 1 7.5 395 42.5896 0.9875 0 0 0 371060 371060 4172 
994 395 1 7.5 395 42.5896 0.9875 0 0 0 371728 371728 4173 
995 395 1 7.5 395 42.5896 0.9875 0 0 0 372411 372411 4174 
996 395 1 7.5 395 42.5896 0.9875 0 0 0 373079 373079 4176 
997 395 1 7.5 395 42.5896 0.9875 0 0 0 373754 373754 4177 
998 395 1 7.5 395 42.5896 0.9875 0 0 0 374349 374349 4190 
999 395 1 7.5 395 42.5896 0.9875 0 0 0 375486 375486 4201 
1000 395 1 7.5 395 42.5896 0.9875 0 0 0 376857 376857 4203 
1001 398 1 7.5 398 60.4632 0.995 0 0 0 378108 378108 4212 
1002 398 1 7.5 398 56.6036 0.995 0 0 0 379359 379359 4216 
1003 398 1 7.5 398 44.2934 0.995 0 0 0 380380 380380 4226 
1004 398 1 7.5 398 44.2934 0.995 0 0 0 381543 381543 4229 
1005 398 1 7.5 398 44.2934 0.995 0 0 0 382894 382894 4239 
1006 398 1 7.5 398 44.2934 0.995 0 0 0 383644 383644 4251 
1007 398 1 7.5 398 44.2934 0.995 0 0 0 384014 384014 4258 
1008 398 1 7.5 398 44.2934 0.995 0 0 0 384384 384384 4259 
1009 398 1 7.5 398 44.2934 0.995 0 0 0 385039 385039 4263 
1010 398 1 7.5 398 44.2934 0.995 0 0 0 385601 385601 4265 
1011 398 1 7.5 398 44.2934 0.995 0 0 0 385972 385972 4267 
