1 105 0.01 9.405 105 0 0.2625 0 0 0 0 0 0 
95 178 0.615104 3.65651 170 4.19824 0.425 0 0 0 8 8 107 
144 231 0.764783 2.23456 216 6.16264 0.54 0 0 0 28 28 170 
192 253 0.854803 1.37937 236 9.10867 0.59 0 0 0 69 69 237 
218 266 0.888192 1.06218 245 6.47603 0.6125 0 0 0 117 117 273 
230 277 0.900895 0.941496 267 6.76916 0.6675 0 0 0 181 181 292 
280 287 0.940041 0.569611 279 6.97049 0.6975 0 0 0 346 346 352 
288 298 0.944673 0.525605 283 6.77949 0.7075 0 0 0 603 603 370 
290 300 0.945774 0.515146 289 6.98609 0.7225 0 0 0 882 882 382 
300 304 0.950959 0.465889 295 8.05873 0.7375 0 0 0 1308 1308 400 
341 305 0.967521 0.30855 296 8.58153 0.74 0 0 0 8854 8854 456 
348 306 0.969728 0.287589 297 7.62303 0.7425 0 0 0 21525 21525 475 
351 306 0.970627 0.279047 298 7.6327 0.745 0 0 0 35534 35534 484 
358 312 0.972622 0.26009 304 9.73155 0.76 0 0 0 81452 81452 510 
365 312 0.974482 0.242421 305 11.5993 0.7625 0 0 0 141006 141006 536 
378 312 0.977607 0.212729 306 11.996 0.765 0 0 0 278685 278685 562 
383 314 0.978705 0.202304 308 12.2154 0.77 0 0 0 473599 473599 578 
394 314 0.980934 0.18113 309 12.5147 0.7725 0 0 0 766914 766914 607 
395 318 0.981124 0.179319 312 11.7834 0.78 0 0 0 1016505 1016505 624 
396 321 0.981313 0.177526 316 12.6735 0.79 0 0 0 1322927 1322927 634 
397 322 0.9815 0.17575 317 13.2042 0.7925 0 0 0 1723301 1723301 648 
