1 105 1 4.455 105 0 0.2625 0 0 0 0 0 0 
2 108 1 4.41045 108 0.1 0.27 0 0 0 0 0 1 
3 110 1 4.36635 110 0.195919 0.275 0 0 0 0 0 3 
4 112 1 4.32268 112 0.295919 0.28 0 0 0 0 0 4 
5 114 1 4.27946 114 0.395919 0.285 0 0 0 0 0 5 
6 115 1 4.23666 115 0.488365 0.2875 0 0 0 0 0 7 
7 115 1 4.19429 115 0.488365 0.2875 0 0 0 0 0 8 
8 122 1 4.15235 122 0.62186 0.305 0 0 0 0 0 10 
9 122 1 4.11083 122 0.62186 0.305 0 0 0 0 0 11 
10 122 1 4.06972 122 0.62186 0.305 0 0 0 0 0 12 
11 131 1 4.02902 131 0.72186 0.3275 0 0 0 0 0 13 
12 131 1 3.98873 131 0.72186 0.3275 0 0 0 0 0 14 
13 132 1 3.94884 132 1.03084 0.33 0 0 0 0 0 16 
14 133 1 3.90936 133 1.15732 0.3325 0 0 0 0 0 19 
15 141 1 3.87026 141 1.25557 0.3525 0 0 0 0 0 22 
16 141 1 3.83156 141 1.25557 0.3525 0 0 0 0 0 23 
17 142 1 3.79324 142 1.40416 0.355 0 0 0 0 0 25 
18 143 1 3.75531 143 1.50416 0.3575 0 0 0 0 0 26 
19 145 1 3.71776 145 1.65811 0.3625 0 0 0 0 0 28 
20 145 1 3.68058 145 1.65811 0.3625 0 0 0 0 0 29 
21 145 1 3.64378 145 1.65811 0.3625 0 0 0 0 0 30 
22 145 1 3.60734 145 1.65811 0.3625 0 0 0 0 0 31 
23 146 1 3.57126 146 1.7409 0.365 0 0 0 0 0 33 
24 146 1 3.53555 146 1.7409 0.365 0 0 0 0 0 34 
25 147 1 3.5002 147 2.02836 0.3675 0 0 0 0 0 36 
26 148 1 3.46519 148 2.08592 0.37 0 0 0 0 0 38 
27 148 1 3.43054 148 2.08592 0.37 0 0 0 0 0 42 
28 148 1 3.39624 148 2.08592 0.37 0 0 0 1 1 43 
29 148 1 3.36227 148 2.08592 0.37 0 0 0 2 2 44 
30 150 1 3.32865 150 2.51612 0.375 0 0 0 3 3 46 
31 150 1 3.29537 150 2.51612 0.375 0 0 0 4 4 47 
32 150 1 3.26241 150 2.51612 0.375 0 0 0 5 5 48 
33 150 1 3.22979 150 2.51612 0.375 0 0 0 6 6 49 
34 150 1 3.19749 150 2.51612 0.375 0 0 0 7 7 50 
35 150 1 3.16551 150 2.51612 0.375 0 0 0 8 8 51 
36 150 1 3.13386 150 2.51612 0.375 0 0 0 9 9 52 
37 150 1 3.10252 150 2.51612 0.375 0 0 0 10 10 53 
38 150 1 3.0715 150 2.51612 0.375 0 0 0 11 11 54 
39 150 1 3.04078 150 2.51612 0.375 0 0 0 12 12 55 
40 150 1 3.01037 150 2.51612 0.375 0 0 0 13 13 56 
41 150 1 2.98027 150 2.51612 0.375 0 0 0 14 14 57 
42 150 1 2.95047 150 2.51612 0.375 0 0 0 15 15 58 
43 151 1 2.92096 151 3.0701 0.3775 0 0 0 16 16 60 
44 152 1 2.89175 152 3.12806 0.38 0 0 0 17 17 62 
45 152 1 2.86283 152 3.12806 0.38 0 0 0 18 18 63 
46 152 1 2.83421 152 3.12806 0.38 0 0 0 19 19 64 
47 152 1 2.80586 152 3.12806 0.38 0 0 0 20 20 65 
48 152 1 2.77781 152 3.12806 0.38 0 0 0 21 21 66 
49 152 1 2.75003 152 3.12806 0.38 0 0 0 22 22 67 
50 152 1 2.72253 152 3.12806 0.38 0 0 0 23 23 68 
51 152 1 2.6953 152 3.12806 0.38 0 0 0 26 26 69 
52 152 1 2.66835 152 3.12806 0.38 0 0 0 27 27 70 
53 152 1 2.64167 152 3.12806 0.38 0 0 0 28 28 71 
54 152 1 2.61525 152 3.12806 0.38 0 0 0 29 29 72 
55 159 1 2.5891 159 3.53263 0.3975 0 0 0 30 30 74 
56 159 1 2.56321 159 3.53263 0.3975 0 0 0 31 31 75 
57 165 1 2.53757 165 3.88679 0.4125 0 0 0 33 33 78 
58 165 1 2.5122 165 3.88679 0.4125 0 0 0 35 35 79 
59 165 1 2.48708 165 3.88679 0.4125 0 0 0 37 37 80 
60 165 1 2.4622 165 3.88679 0.4125 0 0 0 39 39 81 
61 165 1 2.43758 165 3.88679 0.4125 0 0 0 40 40 82 
62 166 1 2.41321 166 4.53395 0.415 0 0 0 42 42 85 
63 166 1 2.38907 166 4.53395 0.415 0 0 0 44 44 86 
64 166 1 2.36518 166 4.53395 0.415 0 0 0 46 46 87 
65 166 1 2.34153 166 4.53395 0.415 0 0 0 48 48 88 
66 166 1 2.31812 166 4.53395 0.415 0 0 0 50 50 89 
67 166 1 2.29494 166 4.53395 0.415 0 0 0 52 52 90 
68 166 1 2.27199 166 4.53395 0.415 0 0 0 54 54 91 
69 166 1 2.24927 166 4.53395 0.415 0 0 0 56 56 92 
70 166 1 2.22677 166 4.53395 0.415 0 0 0 58 58 95 
71 166 1 2.20451 166 4.53395 0.415 0 0 0 60 60 96 
72 166 1 2.18246 166 4.53395 0.415 0 0 0 62 62 97 
73 166 1 2.16064 166 4.53395 0.415 0 0 0 64 64 98 
74 166 1 2.13903 166 4.53395 0.415 0 0 0 66 66 99 
75 166 1 2.11764 166 4.53395 0.415 0 0 0 68 68 100 
76 166 1 2.09646 166 4.53395 0.415 0 0 0 70 70 101 
77 166 1 2.0755 166 4.53395 0.415 0 0 0 72 72 102 
78 166 1 2.05474 166 4.53395 0.415 0 0 0 74 74 103 
79 166 1 2.0342 166 4.53395 0.415 0 0 0 76 76 104 
80 166 1 2.01385 166 4.53395 0.415 0 0 0 78 78 105 
81 166 1 1.99372 166 4.53395 0.415 0 0 0 81 81 106 
82 166 1 1.97378 166 4.53395 0.415 0 0 0 83 83 107 
83 166 1 1.95404 166 4.53395 0.415 0 0 0 85 85 108 
84 166 1 1.9345 166 4.53395 0.415 0 0 0 87 87 109 
85 166 1 1.91516 166 4.53395 0.415 0 0 0 89 89 110 
86 166 1 1.896 166 4.53395 0.415 0 0 0 91 91 111 
87 166 1 1.87704 166 4.53395 0.415 0 0 0 93 93 112 
88 166 1 1.85827 166 4.53395 0.415 0 0 0 95 95 116 
89 166 1 1.83969 166 4.53395 0.415 0 0 0 97 97 117 
90 166 1 1.82129 166 4.42524 0.415 0 0 0 99 99 120 
91 166 1 1.80308 166 4.42524 0.415 0 0 0 101 101 121 
92 166 1 1.78505 166 4.42524 0.415 0 0 0 105 105 122 
93 166 1 1.7672 166 4.42524 0.415 0 0 0 108 108 124 
94 166 1 1.74953 166 4.42524 0.415 0 0 0 111 111 125 
95 178 1 1.73203 178 4.50852 0.445 0 0 0 115 115 130 
96 181 1 1.71471 181 5.46792 0.4525 0 0 0 120 120 133 
97 182 1 1.69756 182 5.60791 0.455 0 0 0 126 126 138 
98 182 1 1.68059 182 5.50598 0.455 0 0 0 131 131 139 
99 182 1 1.66378 182 5.50598 0.455 0 0 0 136 136 140 
100 187 1 1.64715 187 6.05461 0.4675 0 0 0 141 141 143 
101 187 1 1.63067 187 6.05461 0.4675 0 0 0 150 150 147 
102 187 1 1.61437 187 6.05461 0.4675 0 0 0 160 160 151 
103 187 1 1.59822 187 6.05461 0.4675 0 0 0 170 170 152 
104 187 1 1.58224 187 6.05461 0.4675 0 0 0 181 181 154 
105 187 1 1.56642 187 6.05461 0.4675 0 0 0 188 188 156 
106 187 1 1.55075 187 5.9752 0.4675 0 0 0 194 194 157 
107 187 1 1.53525 187 5.9752 0.4675 0 0 0 201 201 161 
108 187 1 1.51989 187 5.9752 0.4675 0 0 0 208 208 162 
109 187 1 1.5047 187 5.9752 0.4675 0 0 0 216 216 163 
110 187 1 1.48965 187 5.9752 0.4675 0 0 0 222 222 164 
111 187 1 1.47475 187 5.9752 0.4675 0 0 0 229 229 165 
112 187 1 1.46 187 5.9752 0.4675 0 0 0 241 241 166 
113 187 1 1.4454 187 5.9752 0.4675 0 0 0 253 253 170 
114 187 1 1.43095 187 5.9752 0.4675 0 0 0 262 262 171 
115 187 1 1.41664 187 5.9752 0.4675 0 0 0 274 274 172 
116 187 1 1.40247 187 5.9752 0.4675 0 0 0 290 290 173 
117 187 1 1.38845 187 5.9752 0.4675 0 0 0 304 304 176 
118 187 1 1.37457 187 5.9752 0.4675 0 0 0 320 320 181 
119 187 1 1.36082 187 5.9752 0.4675 0 0 0 337 337 182 
120 193 1 1.34721 193 6.49004 0.4825 0 0 0 365 365 190 
121 193 1 1.33374 193 5.99191 0.4825 0 0 0 387 387 193 
122 193 1 1.3204 193 5.99191 0.4825 0 0 0 406 406 196 
123 196 1 1.3072 196 8.26463 0.49 0 0 0 431 431 200 
124 196 1 1.29413 196 8.26463 0.49 0 0 0 458 458 202 
125 196 1 1.28118 196 8.26463 0.49 0 0 0 481 481 203 
126 196 1 1.26837 196 8.26463 0.49 0 0 0 509 509 206 
127 196 1 1.25569 196 8.26463 0.49 0 0 0 537 537 212 
128 211 1 1.24313 211 8.8864 0.5275 0 0 0 589 589 222 
129 211 1 1.2307 211 8.8864 0.5275 0 0 0 639 639 223 
130 211 1 1.21839 211 8.57436 0.5275 0 0 0 673 673 226 
131 211 1 1.20621 211 8.57436 0.5275 0 0 0 708 708 229 
132 211 1 1.19415 211 8.44941 0.5275 0 0 0 746 746 231 
133 211 1 1.18221 211 8.44941 0.5275 0 0 0 785 785 235 
134 211 1 1.17038 211 8.44941 0.5275 0 0 0 817 817 236 
135 211 1 1.15868 211 8.44941 0.5275 0 0 0 853 853 238 
136 211 1 1.14709 211 8.44941 0.5275 0 0 0 893 893 241 
137 211 1 1.13562 211 8.44941 0.5275 0 0 0 939 939 242 
138 211 1 1.12427 211 8.44941 0.5275 0 0 0 983 983 243 
139 211 1 1.11302 211 8.44276 0.5275 0 0 0 1023 1023 244 
140 211 1 1.10189 211 8.44276 0.5275 0 0 0 1052 1052 245 
141 211 1 1.09087 211 8.44276 0.5275 0 0 0 1082 1082 246 
142 213 1 1.07997 213 9.31988 0.5325 0 0 0 1116 1116 257 
143 213 1 1.06917 213 9.15676 0.5325 0 0 0 1146 1146 265 
144 231 1 1.05847 231 8.91586 0.5775 0 0 0 1179 1179 270 
145 232 1 1.04789 232 9.08183 0.58 0 0 0 1213 1213 275 
146 232 1 1.03741 232 9.01952 0.58 0 0 0 1250 1250 277 
147 232 1 1.02704 232 9.01952 0.58 0 0 0 1297 1297 280 
148 232 1 1.01677 232 9.01952 0.58 0 0 0 1345 1345 285 
149 232 1 1.0066 232 9.01952 0.58 0 0 0 1395 1395 288 
150 232 1 0.996533 232 9.01952 0.58 0 0 0 1442 1442 289 
151 232 1 0.986568 232 9.01952 0.58 0 0 0 1489 1489 293 
152 232 1 0.976702 232 9.01885 0.58 0 0 0 1532 1532 295 
153 232 1 0.966935 232 9.01885 0.58 0 0 0 1581 1581 298 
154 233 1 0.957266 233 9.91282 0.5825 0 0 0 1635 1635 303 
155 233 1 0.947693 233 9.78773 0.5825 0 0 0 1698 1698 307 
156 233 1 0.938216 233 9.78773 0.5825 0 0 0 1756 1756 311 
157 233 1 0.928834 233 9.78773 0.5825 0 0 0 1816 1816 314 
158 233 1 0.919546 233 9.78773 0.5825 0 0 0 1870 1870 320 
159 233 1 0.91035 233 9.729 0.5825 0 0 0 1925 1925 322 
160 233 1 0.901247 233 9.729 0.5825 0 0 0 1984 1984 325 
161 233 1 0.892234 233 9.729 0.5825 0 0 0 2048 2048 329 
162 233 1 0.883312 233 9.66278 0.5825 0 0 0 2109 2109 330 
163 233 1 0.874479 233 9.66278 0.5825 0 0 0 2175 2175 331 
164 233 1 0.865734 233 9.66278 0.5825 0 0 0 2264 2264 336 
165 233 1 0.857077 233 9.50152 0.5825 0 0 0 2298 2298 340 
166 233 1 0.848506 233 9.47908 0.5825 0 0 0 2333 2333 342 
167 233 1 0.840021 233 9.47908 0.5825 0 0 0 2411 2411 343 
168 233 1 0.831621 233 9.4266 0.5825 0 0 0 2451 2451 346 
169 233 1 0.823304 233 9.4266 0.5825 0 0 0 2491 2491 351 
170 233 1 0.815071 233 9.4266 0.5825 0 0 0 2531 2531 353 
171 236 1 0.806921 236 11.6821 0.59 0 0 0 2624 2624 360 
172 236 1 0.798851 236 11.6544 0.59 0 0 0 2707 2707 361 
173 237 1 0.790863 237 9.44812 0.5925 0 0 0 2763 2763 364 
174 237 1 0.782954 237 9.44812 0.5925 0 0 0 2828 2828 367 
175 237 1 0.775125 237 9.44812 0.5925 0 0 0 2897 2897 370 
176 237 1 0.767373 237 9.44812 0.5925 0 0 0 2969 2969 371 
177 237 1 0.7597 237 9.44812 0.5925 0 0 0 3047 3047 375 
178 237 1 0.752103 237 9.44812 0.5925 0 0 0 3125 3125 376 
179 237 1 0.744582 237 7.00814 0.5925 0 0 0 3192 3192 381 
180 243 1 0.737136 243 7.5264 0.6075 0 0 0 3319 3319 389 
181 245 1 0.729765 245 7.21001 0.6125 0 0 0 3500 3500 392 
182 245 1 0.722467 245 7.1926 0.6125 0 0 0 3648 3648 396 
183 253 1 0.715242 253 7.11084 0.6325 0 0 0 3860 3860 399 
184 253 1 0.70809 253 7.11084 0.6325 0 0 0 4127 4127 404 
185 253 1 0.701009 253 7.0863 0.6325 0 0 0 4352 4352 407 
186 253 1 0.693999 253 7.0863 0.6325 0 0 0 4572 4572 408 
187 253 1 0.687059 253 7.07363 0.6325 0 0 0 4768 4768 409 
188 253 1 0.680188 253 7.07363 0.6325 0 0 0 5025 5025 410 
189 253 1 0.673386 253 6.93179 0.6325 0 0 0 5319 5319 414 
190 253 1 0.666652 253 6.93179 0.6325 0 0 0 5631 5631 415 
191 253 1 0.659986 253 6.93179 0.6325 0 0 0 5963 5963 417 
192 253 1 0.653386 253 6.93179 0.6325 0 0 0 6246 6246 418 
193 253 1 0.646852 253 6.93179 0.6325 0 0 0 6580 6580 420 
194 253 1 0.640384 253 6.93179 0.6325 0 0 0 6914 6914 421 
195 253 1 0.63398 253 6.93179 0.6325 0 0 0 7358 7358 424 
196 259 1 0.62764 259 7.1976 0.6475 0 0 0 9200 9200 428 
197 259 1 0.621364 259 7.00683 0.6475 0 0 0 10840 10840 433 
198 259 1 0.61515 259 7.00683 0.6475 0 0 0 13126 13126 434 
199 259 1 0.608998 259 7.00683 0.6475 0 0 0 15230 15230 438 
200 259 1 0.602908 259 6.97794 0.6475 0 0 0 17351 17351 439 
201 259 1 0.596879 259 6.97794 0.6475 0 0 0 19679 19679 440 
202 259 1 0.590911 259 6.97794 0.6475 0 0 0 22229 22229 442 
203 259 1 0.585001 259 6.90139 0.6475 0 0 0 24233 24233 443 
204 259 1 0.579151 259 6.87705 0.6475 0 0 0 26742 26742 444 
205 259 1 0.57336 259 6.87705 0.6475 0 0 0 30193 30193 445 
206 260 1 0.567626 260 7.81907 0.65 0 0 0 35134 35134 449 
207 260 1 0.56195 260 7.56444 0.65 0 0 0 38409 38409 453 
208 260 1 0.556331 260 7.36147 0.65 0 0 0 41217 41217 457 
209 260 1 0.550767 260 7.35405 0.65 0 0 0 44180 44180 459 
210 266 1 0.54526 266 7.4059 0.665 0 0 0 46026 46026 461 
211 266 1 0.539807 266 7.4059 0.665 0 0 0 48841 48841 463 
212 266 1 0.534409 266 7.4059 0.665 0 0 0 51986 51986 465 
213 266 1 0.529065 266 7.4059 0.665 0 0 0 57318 57318 466 
214 266 1 0.523774 266 7.4059 0.665 0 0 0 61041 61041 467 
215 266 1 0.518536 266 7.4059 0.665 0 0 0 64544 64544 469 
216 266 1 0.513351 266 7.4059 0.665 0 0 0 69244 69244 470 
217 266 1 0.508218 266 7.38867 0.665 0 0 0 73590 73590 471 
218 266 1 0.503135 266 7.38867 0.665 0 0 0 79818 79818 473 
219 266 1 0.498104 266 7.32774 0.665 0 0 0 84695 84695 474 
220 266 1 0.493123 266 7.32774 0.665 0 0 0 88502 88502 476 
221 266 1 0.488192 266 7.32774 0.665 0 0 0 92224 92224 477 
222 266 1 0.48331 266 7.25786 0.665 0 0 0 96388 96388 480 
223 266 1 0.478477 266 7.25786 0.665 0 0 0 104554 104554 482 
224 266 1 0.473692 266 7.25786 0.665 0 0 0 109492 109492 485 
225 266 1 0.468955 266 7.25786 0.665 0 0 0 116179 116179 487 
226 266 1 0.464265 266 7.25786 0.665 0 0 0 130448 130448 488 
227 266 1 0.459623 266 7.25786 0.665 0 0 0 145268 145268 491 
228 266 1 0.455027 266 7.25786 0.665 0 0 0 152722 152722 492 
229 266 1 0.450476 266 7.25786 0.665 0 0 0 167049 167049 493 
230 277 1 0.445972 277 7.58774 0.6925 0 0 0 186917 186917 495 
231 277 1 0.441512 277 7.537 0.6925 0 0 0 204255 204255 497 
232 277 1 0.437097 277 7.38883 0.6925 0 0 0 218987 218987 498 
233 277 1 0.432726 277 7.35024 0.6925 0 0 0 233589 233589 500 
234 277 1 0.428398 277 7.35024 0.6925 0 0 0 248301 248301 503 
235 277 1 0.424114 277 7.35024 0.6925 0 0 0 259711 259711 504 
236 277 1 0.419873 277 7.35024 0.6925 0 0 0 277206 277206 505 
237 277 1 0.415675 277 7.35024 0.6925 0 0 0 297859 297859 506 
238 277 1 0.411518 277 7.35024 0.6925 0 0 0 306687 306687 507 
239 277 1 0.407403 277 7.35024 0.6925 0 0 0 331142 331142 508 
240 277 1 0.403329 277 7.35024 0.6925 0 0 0 361767 361767 509 
241 277 1 0.399295 277 7.35024 0.6925 0 0 0 379532 379532 510 
242 277 1 0.395302 277 7.35024 0.6925 0 0 0 403262 403262 511 
243 277 1 0.391349 277 7.35024 0.6925 0 0 0 440400 440400 512 
244 277 1 0.387436 277 7.35024 0.6925 0 0 0 475344 475344 513 
245 283 1 0.383562 283 7.44816 0.7075 0 0 0 513127 513127 515 
246 283 1 0.379726 283 7.38991 0.7075 0 0 0 551024 551024 517 
247 283 1 0.375929 283 7.38991 0.7075 0 0 0 584903 584903 518 
248 283 1 0.372169 283 7.38991 0.7075 0 0 0 617374 617374 519 
249 283 1 0.368448 283 7.38991 0.7075 0 0 0 666767 666767 520 
250 283 1 0.364763 283 7.38991 0.7075 0 0 0 717849 717849 521 
251 284 1 0.361116 284 9.87179 0.71 0 0 0 858649 858649 528 
252 284 1 0.357504 284 9.87179 0.71 0 0 0 1073421 1073421 532 
253 284 1 0.353929 284 9.87179 0.71 0 0 0 1208182 1208182 533 
254 284 1 0.35039 284 9.87179 0.71 0 0 0 1414986 1414986 534 
255 284 1 0.346886 284 9.84306 0.71 0 0 0 1580436 1580436 536 
256 284 1 0.343417 284 9.84306 0.71 0 0 0 1769479 1769479 539 
