1 105 0.01 8.415 105 0 0.2625 0 0 0 0 0 0 
95 178 0.615104 3.27162 170 4.19824 0.425 0 0 0 8 8 107 
144 231 0.764783 1.99934 216 6.16264 0.54 0 0 0 30 30 170 
192 253 0.854803 1.23417 239 7.70459 0.5975 0 0 0 70 70 236 
228 266 0.898883 0.859495 245 6.4513 0.6125 0 0 0 127 127 281 
230 277 0.900895 0.842391 257 6.45497 0.6425 0 0 0 185 185 290 
245 283 0.914764 0.724506 271 6.36761 0.6775 0 0 0 256 256 313 
281 295 0.940641 0.504555 284 6.77902 0.71 0 0 0 436 436 361 
292 300 0.946853 0.451748 289 6.70345 0.7225 0 0 0 1060 1060 382 
300 304 0.950959 0.416848 295 8.01681 0.7375 0 0 0 1804 1804 399 
341 305 0.967521 0.276071 296 8.15246 0.74 0 0 0 15151 15151 454 
348 306 0.969728 0.257316 297 7.65986 0.7425 0 0 0 36207 36207 473 
351 306 0.970627 0.249673 298 7.70891 0.745 0 0 0 60795 60795 485 
358 312 0.972622 0.232712 305 10.0871 0.7625 0 0 0 118649 118649 508 
378 312 0.977607 0.190337 306 11.4228 0.765 0 0 0 238570 238570 544 
383 314 0.978705 0.181008 308 11.8468 0.77 0 0 0 497939 497939 562 
394 314 0.980934 0.162064 309 12.5935 0.7725 0 0 0 844444 844444 587 
395 318 0.981124 0.160443 312 12.3723 0.78 0 0 0 1217279 1217279 600 
396 321 0.981313 0.158839 316 13.2541 0.79 0 0 0 1568457 1568457 609 
