1 105 0.01 4.95 105 0 0.2625 0 0 0 0 0 0 
95 178 0.615104 1.92448 170 4.19824 0.425 0 0 0 9 9 107 
144 231 0.764783 1.17608 220 7.05326 0.55 0 0 0 35 35 174 
196 259 0.860524 0.697378 240 5.89156 0.6 0 0 0 88 88 235 
230 277 0.900895 0.495524 258 6.41177 0.645 0 0 0 197 197 280 
245 283 0.914764 0.426179 259 5.90929 0.6475 0 0 0 306 306 301 
246 283 0.915616 0.421918 263 6.18312 0.6575 0 0 0 425 425 310 
260 284 0.926692 0.366539 265 6.21993 0.6625 0 0 0 671 671 331 
270 284 0.933702 0.331491 266 5.99911 0.665 0 0 0 943 943 349 
275 284 0.936951 0.315245 269 6.02668 0.6725 0 0 0 1373 1373 361 
280 287 0.940041 0.299795 274 6.28662 0.685 0 0 0 2028 2028 372 
281 295 0.940641 0.296797 278 6.10568 0.695 0 0 0 2546 2546 385 
284 295 0.942404 0.287982 280 5.79324 0.7 0 0 0 3235 3235 396 
288 298 0.944673 0.276634 282 5.9165 0.705 0 0 0 4180 4180 404 
290 300 0.945774 0.271129 292 5.96357 0.73 0 0 0 5660 5660 412 
315 305 0.957822 0.21089 293 6.51029 0.7325 0 0 0 11116 11116 443 
322 305 0.960687 0.196563 295 7.29842 0.7375 0 0 0 28735 28735 461 
341 305 0.967521 0.162394 297 7.90616 0.7425 0 0 0 79166 79166 492 
351 306 0.970627 0.146867 298 8.05421 0.745 0 0 0 171256 171256 513 
358 312 0.972622 0.136889 305 8.72849 0.7625 0 0 0 371773 371773 534 
378 312 0.977607 0.111963 306 10.8038 0.765 0 0 0 724259 724259 568 
383 314 0.978705 0.106475 308 11.5572 0.77 0 0 0 1242987 1242987 595 
