1 105 0.01 9.9 105 0 0.2625 0 0 0 0 0 0 
95 178 0.615104 3.84896 170 4.19824 0.425 0 0 0 8 8 107 
144 231 0.764783 2.35217 216 6.16264 0.54 0 0 0 27 27 170 
192 253 0.854803 1.45197 239 10.1326 0.5975 0 0 0 67 67 238 
228 266 0.898883 1.01117 250 7.43777 0.625 0 0 0 115 115 292 
232 277 0.902867 0.971326 265 6.27456 0.6625 0 0 0 170 170 304 
270 284 0.933702 0.662983 271 6.79884 0.6775 0 0 0 265 265 349 
281 295 0.940641 0.593594 278 6.63171 0.695 0 0 0 405 405 369 
284 295 0.942404 0.575963 289 6.71001 0.7225 0 0 0 548 548 381 
300 304 0.950959 0.490409 295 7.22456 0.7375 0 0 0 1001 1001 410 
341 305 0.967521 0.324789 296 8.20539 0.74 0 0 0 9847 9847 464 
348 306 0.969728 0.302724 297 7.65434 0.7425 0 0 0 21459 21459 482 
351 306 0.970627 0.293733 298 8.097 0.745 0 0 0 40293 40293 491 
358 312 0.972622 0.273779 305 9.64236 0.7625 0 0 0 80460 80460 514 
378 312 0.977607 0.223925 306 11.9909 0.765 0 0 0 195609 195609 548 
383 314 0.978705 0.212951 308 12.2761 0.77 0 0 0 398004 398004 568 
394 314 0.980934 0.190663 309 12.233 0.7725 0 0 0 669208 669208 589 
395 318 0.981124 0.188756 312 12.3885 0.78 0 0 0 967080 967080 608 
396 321 0.981313 0.186869 316 13.1619 0.79 0 0 0 1245262 1245262 624 
397 322 0.9815 0.185 317 13.3602 0.7925 0 0 0 1641621 1641621 639 
