1 105 0.02 0 105 0 0.2625 0 0 0 0 0 0 
55 159 0.670819 0 147 2.59421 0.3675 0 0 0 5 5 59 
95 178 0.853284 0 164 2.41993 0.41 0 0 0 33 33 106 
104 187 0.877676 0 172 3.39201 0.43 0 0 0 111 111 125 
120 193 0.911462 0 180 3.29064 0.45 0 0 0 278 278 147 
125 196 0.919969 0 184 3.25529 0.46 0 0 0 464 464 155 
128 211 0.924675 0 198 3.35286 0.495 0 0 0 722 722 161 
138 211 0.938454 0 199 3.77736 0.4975 0 0 0 1160 1160 177 
142 213 0.943232 0 201 4.08277 0.5025 0 0 0 1800 1800 186 
143 213 0.944367 0 202 4.6612 0.505 0 0 0 2842 2842 189 
144 231 0.94548 0 219 4.18462 0.5475 0 0 0 3979 3979 195 
145 232 0.946571 0 220 4.29226 0.55 0 0 0 5479 5479 199 
147 232 0.948686 0 221 4.76981 0.5525 0 0 0 7609 7609 209 
151 232 0.95267 0 222 5.18991 0.555 0 0 0 9856 9856 218 
154 233 0.955453 0 223 5.5249 0.5575 0 0 0 13567 13567 232 
156 233 0.957217 0 225 5.63134 0.5625 0 0 0 17512 17512 239 
167 233 0.965742 0 226 5.83061 0.565 0 0 0 27712 27712 253 
171 236 0.968402 0 230 7.45766 0.575 0 0 0 54007 54007 270 
175 237 0.970855 0 231 6.41305 0.5775 0 0 0 88097 88097 279 
180 243 0.973655 0 237 6.48931 0.5925 0 0 0 204322 204322 287 
181 245 0.974182 0 240 6.05547 0.6 0 0 0 312506 312506 293 
183 253 0.975204 0 249 6.24265 0.6225 0 0 0 548424 548424 298 
196 259 0.980932 0 255 5.98988 0.6375 0 0 0 1225809 1225809 312 
