1 105 1 1.485 105 0 0.2625 0 0 0 0 0 0 
2 108 1 1.47015 108 0.1 0.27 0 0 0 0 0 1 
3 110 1 1.45545 110 0.195919 0.275 0 0 0 0 0 3 
4 112 1 1.44089 112 0.295919 0.28 0 0 0 0 0 4 
5 114 1 1.42649 114 0.395919 0.285 0 0 0 0 0 5 
6 115 1 1.41222 115 0.488365 0.2875 0 0 0 0 0 7 
7 115 1 1.3981 115 0.488365 0.2875 0 0 0 0 0 8 
8 122 1 1.38412 122 0.62186 0.305 0 0 0 0 0 10 
9 122 1 1.37028 122 0.62186 0.305 0 0 0 0 0 11 
10 122 1 1.35657 122 0.62186 0.305 0 0 0 0 0 12 
11 131 1 1.34301 131 0.72186 0.3275 0 0 0 0 0 13 
12 131 1 1.32958 131 0.72186 0.3275 0 0 0 0 0 14 
13 132 1 1.31628 132 1.03084 0.33 0 0 0 0 0 16 
14 133 1 1.30312 133 1.15732 0.3325 0 0 0 0 0 19 
15 141 1 1.29009 141 1.25557 0.3525 0 0 0 0 0 22 
16 141 1 1.27719 141 1.25557 0.3525 0 0 0 0 0 23 
17 142 1 1.26441 142 1.40416 0.355 0 0 0 0 0 25 
18 143 1 1.25177 143 1.50416 0.3575 0 0 0 0 0 26 
19 145 1 1.23925 145 1.65811 0.3625 0 0 0 0 0 28 
20 145 1 1.22686 145 1.65811 0.3625 0 0 0 0 0 29 
21 145 1 1.21459 145 1.65811 0.3625 0 0 0 0 0 30 
22 145 1 1.20245 145 1.65811 0.3625 0 0 0 0 0 31 
23 146 1 1.19042 146 1.7409 0.365 0 0 0 0 0 33 
24 146 1 1.17852 146 1.7409 0.365 0 0 0 0 0 34 
25 147 1 1.16673 147 2.02836 0.3675 0 0 0 0 0 36 
26 148 1 1.15506 148 2.08592 0.37 0 0 0 0 0 38 
27 148 1 1.14351 148 2.08592 0.37 0 0 0 0 0 42 
28 148 1 1.13208 148 2.08592 0.37 0 0 0 1 1 43 
29 148 1 1.12076 148 2.08592 0.37 0 0 0 2 2 44 
30 150 1 1.10955 150 2.51612 0.375 0 0 0 3 3 46 
31 150 1 1.09845 150 2.51612 0.375 0 0 0 4 4 47 
32 150 1 1.08747 150 2.51612 0.375 0 0 0 5 5 48 
33 150 1 1.0766 150 2.51612 0.375 0 0 0 6 6 49 
34 150 1 1.06583 150 2.51612 0.375 0 0 0 7 7 50 
35 150 1 1.05517 150 2.51612 0.375 0 0 0 8 8 51 
36 150 1 1.04462 150 2.51612 0.375 0 0 0 9 9 52 
37 150 1 1.03417 150 2.51612 0.375 0 0 0 10 10 53 
38 150 1 1.02383 150 2.51612 0.375 0 0 0 11 11 54 
39 150 1 1.01359 150 2.51612 0.375 0 0 0 12 12 55 
40 150 1 1.00346 150 2.51612 0.375 0 0 0 13 13 56 
41 150 1 0.993423 150 2.51612 0.375 0 0 0 14 14 57 
42 150 1 0.983489 150 2.51612 0.375 0 0 0 15 15 58 
43 151 1 0.973654 151 3.0701 0.3775 0 0 0 16 16 60 
44 152 1 0.963917 152 3.12806 0.38 0 0 0 17 17 62 
45 152 1 0.954278 152 3.12806 0.38 0 0 0 18 18 63 
46 152 1 0.944735 152 3.12806 0.38 0 0 0 20 20 64 
47 152 1 0.935288 152 3.12806 0.38 0 0 0 22 22 65 
48 152 1 0.925935 152 3.12806 0.38 0 0 0 24 24 66 
49 152 1 0.916676 152 3.12806 0.38 0 0 0 25 25 67 
50 152 1 0.907509 152 3.12806 0.38 0 0 0 26 26 68 
51 152 1 0.898434 152 3.12806 0.38 0 0 0 27 27 69 
52 152 1 0.88945 152 3.12806 0.38 0 0 0 28 28 70 
53 152 1 0.880555 152 3.12806 0.38 0 0 0 29 29 71 
54 152 1 0.87175 152 3.12806 0.38 0 0 0 31 31 72 
55 159 1 0.863032 159 3.53263 0.3975 0 0 0 33 33 74 
56 159 1 0.854402 159 3.53263 0.3975 0 0 0 35 35 75 
57 165 1 0.845858 165 3.58896 0.4125 0 0 0 37 37 80 
58 165 1 0.837399 165 3.58896 0.4125 0 0 0 39 39 81 
59 165 1 0.829025 165 3.58896 0.4125 0 0 0 42 42 84 
60 165 1 0.820735 165 3.58896 0.4125 0 0 0 46 46 85 
61 165 1 0.812528 165 3.58896 0.4125 0 0 0 49 49 86 
62 166 1 0.804402 166 4.1507 0.415 0 0 0 59 59 90 
63 166 1 0.796358 166 4.1507 0.415 0 0 0 69 69 91 
64 166 1 0.788395 166 4.1507 0.415 0 0 0 79 79 92 
65 166 1 0.780511 166 4.1507 0.415 0 0 0 92 92 93 
66 166 1 0.772706 166 4.1507 0.415 0 0 0 105 105 94 
67 166 1 0.764979 166 4.07893 0.415 0 0 0 116 116 96 
68 166 1 0.757329 166 4.07893 0.415 0 0 0 127 127 97 
69 166 1 0.749756 166 4.07893 0.415 0 0 0 139 139 98 
70 166 1 0.742258 166 4.03223 0.415 0 0 0 149 149 101 
71 166 1 0.734835 166 4.03223 0.415 0 0 0 160 160 102 
72 166 1 0.727487 166 4.03223 0.415 0 0 0 171 171 103 
73 166 1 0.720212 166 4.03223 0.415 0 0 0 184 184 104 
74 166 1 0.71301 166 4.03223 0.415 0 0 0 196 196 107 
75 166 1 0.70588 166 4.03223 0.415 0 0 0 206 206 108 
76 166 1 0.698821 166 4.03223 0.415 0 0 0 216 216 109 
77 166 1 0.691833 166 4.03223 0.415 0 0 0 226 226 110 
78 166 1 0.684915 166 3.98952 0.415 0 0 0 235 235 112 
79 166 1 0.678065 166 3.98952 0.415 0 0 0 245 245 113 
80 166 1 0.671285 166 3.98952 0.415 0 0 0 255 255 114 
81 166 1 0.664572 166 3.98952 0.415 0 0 0 266 266 115 
82 166 1 0.657926 166 3.98952 0.415 0 0 0 278 278 116 
83 166 1 0.651347 166 3.84446 0.415 0 0 0 289 289 120 
84 166 1 0.644833 166 3.84446 0.415 0 0 0 300 300 121 
85 166 1 0.638385 166 3.84446 0.415 0 0 0 312 312 123 
86 166 1 0.632001 166 3.84446 0.415 0 0 0 327 327 125 
87 166 1 0.625681 166 3.84446 0.415 0 0 0 355 355 129 
88 166 1 0.619424 166 3.84446 0.415 0 0 0 412 412 132 
89 166 1 0.61323 166 3.84446 0.415 0 0 0 465 465 135 
90 166 1 0.607098 166 3.84446 0.415 0 0 0 522 522 136 
91 166 1 0.601027 166 3.84446 0.415 0 0 0 580 580 137 
92 166 1 0.595017 166 3.80984 0.415 0 0 0 635 635 139 
93 166 1 0.589067 166 3.80984 0.415 0 0 0 692 692 140 
94 166 1 0.583176 166 3.7418 0.415 0 0 0 752 752 141 
95 178 1 0.577344 178 4.04287 0.445 0 0 0 885 885 146 
96 181 1 0.571571 181 4.9908 0.4525 0 0 0 1013 1013 149 
97 182 1 0.565855 182 4.92136 0.455 0 0 0 1154 1154 154 
98 182 1 0.560196 182 4.92136 0.455 0 0 0 1280 1280 157 
99 182 1 0.554594 182 4.68365 0.455 0 0 0 1440 1440 159 
100 187 1 0.549048 187 5.61499 0.4675 0 0 0 1516 1516 162 
101 187 1 0.543558 187 5.61499 0.4675 0 0 0 1602 1602 165 
102 187 1 0.538122 187 5.61499 0.4675 0 0 0 1694 1694 170 
103 187 1 0.532741 187 5.61499 0.4675 0 0 0 1776 1776 171 
104 187 1 0.527414 187 5.61499 0.4675 0 0 0 1866 1866 172 
105 187 1 0.52214 187 5.61499 0.4675 0 0 0 1952 1952 173 
106 187 1 0.516918 187 5.37688 0.4675 0 0 0 2043 2043 177 
107 187 1 0.511749 187 5.37688 0.4675 0 0 0 2140 2140 178 
108 187 1 0.506632 187 5.37688 0.4675 0 0 0 2243 2243 179 
109 187 1 0.501565 187 5.37688 0.4675 0 0 0 2342 2342 180 
110 187 1 0.49655 187 5.37688 0.4675 0 0 0 2444 2444 181 
111 187 1 0.491584 187 5.37423 0.4675 0 0 0 2540 2540 183 
112 187 1 0.486668 187 5.37423 0.4675 0 0 0 2652 2652 184 
113 187 1 0.481802 187 5.37423 0.4675 0 0 0 2782 2782 185 
114 187 1 0.476984 187 5.37423 0.4675 0 0 0 2921 2921 186 
115 187 1 0.472214 187 5.37423 0.4675 0 0 0 3069 3069 187 
116 187 1 0.467492 187 5.37423 0.4675 0 0 0 3162 3162 189 
117 187 1 0.462817 187 5.37423 0.4675 0 0 0 3309 3309 190 
118 187 1 0.458189 187 5.37423 0.4675 0 0 0 3479 3479 191 
119 187 1 0.453607 187 5.37423 0.4675 0 0 0 3645 3645 192 
120 193 1 0.449071 193 5.52343 0.4825 0 0 0 3881 3881 196 
121 193 1 0.44458 193 5.43019 0.4825 0 0 0 4076 4076 198 
122 193 1 0.440134 193 5.43019 0.4825 0 0 0 4297 4297 199 
123 196 1 0.435733 196 7.65118 0.49 0 0 0 4517 4517 202 
124 196 1 0.431375 196 7.60528 0.49 0 0 0 4813 4813 205 
125 196 1 0.427062 196 7.60528 0.49 0 0 0 5112 5112 208 
126 196 1 0.422791 196 7.60528 0.49 0 0 0 5367 5367 209 
127 196 1 0.418563 196 7.60528 0.49 0 0 0 5741 5741 212 
128 211 1 0.414378 211 7.8328 0.5275 0 0 0 6255 6255 217 
129 211 1 0.410234 211 7.80187 0.5275 0 0 0 6785 6785 218 
130 211 1 0.406131 211 7.80187 0.5275 0 0 0 7375 7375 219 
131 211 1 0.40207 211 7.80187 0.5275 0 0 0 7985 7985 220 
132 211 1 0.398049 211 7.75046 0.5275 0 0 0 8648 8648 223 
133 211 1 0.394069 211 7.75046 0.5275 0 0 0 9442 9442 226 
134 211 1 0.390128 211 7.75046 0.5275 0 0 0 10228 10228 228 
135 211 1 0.386227 211 7.75046 0.5275 0 0 0 11028 11028 229 
136 211 1 0.382365 211 7.75046 0.5275 0 0 0 11836 11836 231 
137 211 1 0.378541 211 7.75046 0.5275 0 0 0 12667 12667 233 
138 211 1 0.374756 211 7.75046 0.5275 0 0 0 13503 13503 235 
139 211 1 0.371008 211 7.75046 0.5275 0 0 0 14433 14433 239 
140 211 1 0.367298 211 7.75046 0.5275 0 0 0 15449 15449 242 
141 211 1 0.363625 211 7.75046 0.5275 0 0 0 16470 16470 244 
142 213 1 0.359989 213 8.17185 0.5325 0 0 0 17639 17639 249 
143 213 1 0.356389 213 8.17185 0.5325 0 0 0 19012 19012 252 
144 231 1 0.352825 231 8.35133 0.5775 0 0 0 20534 20534 257 
145 232 1 0.349297 232 8.16326 0.58 0 0 0 22153 22153 263 
146 232 1 0.345804 232 8.16326 0.58 0 0 0 24384 24384 266 
147 232 1 0.342346 232 8.16326 0.58 0 0 0 26256 26256 271 
148 232 1 0.338922 232 8.16326 0.58 0 0 0 28184 28184 275 
149 232 1 0.335533 232 8.16326 0.58 0 0 0 29943 29943 279 
150 232 1 0.332178 232 8.09948 0.58 0 0 0 32068 32068 281 
151 232 1 0.328856 232 8.09948 0.58 0 0 0 34329 34329 284 
152 232 1 0.325567 232 8.09948 0.58 0 0 0 36728 36728 285 
153 232 1 0.322312 232 8.09948 0.58 0 0 0 38750 38750 286 
154 233 1 0.319089 233 8.93174 0.5825 0 0 0 41178 41178 289 
155 233 1 0.315898 233 8.89885 0.5825 0 0 0 43830 43830 291 
156 233 1 0.312739 233 8.89885 0.5825 0 0 0 47831 47831 294 
157 233 1 0.309611 233 8.89885 0.5825 0 0 0 50984 50984 296 
158 233 1 0.306515 233 8.89885 0.5825 0 0 0 53871 53871 298 
159 233 1 0.30345 233 8.87463 0.5825 0 0 0 56780 56780 301 
160 233 1 0.300416 233 8.87463 0.5825 0 0 0 60771 60771 302 
161 233 1 0.297411 233 8.87463 0.5825 0 0 0 64650 64650 304 
162 233 1 0.294437 233 8.87463 0.5825 0 0 0 69031 69031 307 
163 233 1 0.291493 233 8.85047 0.5825 0 0 0 74040 74040 308 
164 233 1 0.288578 233 8.85047 0.5825 0 0 0 78882 78882 310 
165 233 1 0.285692 233 8.85047 0.5825 0 0 0 84427 84427 313 
166 233 1 0.282835 233 8.85047 0.5825 0 0 0 92319 92319 315 
167 233 1 0.280007 233 8.85047 0.5825 0 0 0 98316 98316 316 
168 233 1 0.277207 233 8.85047 0.5825 0 0 0 104817 104817 318 
169 233 1 0.274435 233 8.85047 0.5825 0 0 0 111878 111878 319 
170 233 1 0.27169 233 8.84205 0.5825 0 0 0 119331 119331 320 
171 236 1 0.268974 236 10.4044 0.59 0 0 0 131166 131166 328 
172 236 1 0.266284 236 10.3943 0.59 0 0 0 140743 140743 334 
173 237 1 0.263621 237 9.07921 0.5925 0 0 0 158695 158695 337 
174 237 1 0.260985 237 9.06996 0.5925 0 0 0 172051 172051 340 
175 237 1 0.258375 237 9.06996 0.5925 0 0 0 184102 184102 341 
176 237 1 0.255791 237 8.99297 0.5925 0 0 0 201679 201679 342 
177 237 1 0.253233 237 8.99297 0.5925 0 0 0 217444 217444 343 
178 237 1 0.250701 237 8.99297 0.5925 0 0 0 233659 233659 344 
179 237 1 0.248194 237 6.91933 0.5925 0 0 0 243008 243008 346 
180 243 1 0.245712 243 7.16435 0.6075 0 0 0 264913 264913 350 
181 245 1 0.243255 245 6.74921 0.6125 0 0 0 280235 280235 354 
182 245 1 0.240822 245 6.69043 0.6125 0 0 0 297134 297134 355 
183 253 1 0.238414 253 6.85749 0.6325 0 0 0 329731 329731 360 
184 253 1 0.23603 253 6.85749 0.6325 0 0 0 367013 367013 361 
185 253 1 0.23367 253 6.85749 0.6325 0 0 0 407731 407731 362 
186 253 1 0.231333 253 6.85749 0.6325 0 0 0 453947 453947 363 
187 253 1 0.22902 253 6.84493 0.6325 0 0 0 500582 500582 365 
188 253 1 0.226729 253 6.84493 0.6325 0 0 0 547213 547213 366 
189 253 1 0.224462 253 6.84493 0.6325 0 0 0 596511 596511 367 
190 253 1 0.222218 253 6.84493 0.6325 0 0 0 653075 653075 370 
191 253 1 0.219995 253 6.84493 0.6325 0 0 0 709158 709158 371 
192 253 1 0.217795 253 6.84493 0.6325 0 0 0 777003 777003 372 
193 253 1 0.215617 253 6.84493 0.6325 0 0 0 867523 867523 373 
194 253 1 0.213461 253 6.84493 0.6325 0 0 0 952567 952567 377 
195 253 1 0.211327 253 6.84493 0.6325 0 0 0 1060961 1060961 378 
196 259 1 0.209213 259 6.70497 0.6475 0 0 0 1174223 1174223 384 
197 259 1 0.207121 259 6.60636 0.6475 0 0 0 1277628 1277628 386 
198 259 1 0.20505 259 6.60636 0.6475 0 0 0 1374236 1374236 387 
199 259 1 0.203 259 6.60636 0.6475 0 0 0 1471774 1471774 391 
200 259 1 0.20097 259 6.60636 0.6475 0 0 0 1558895 1558895 393 
201 259 1 0.19896 259 6.60636 0.6475 0 0 0 1669009 1669009 395 
202 259 1 0.19697 259 6.60636 0.6475 0 0 0 1761594 1761594 396 
