1 105 0.01 2.97 105 0 0.2625 0 0 0 0 0 0 
95 178 0.615104 1.15469 171 4.66297 0.4275 0 0 0 8 8 108 
144 231 0.764783 0.70565 215 6.02789 0.5375 0 0 0 29 29 173 
189 253 0.850359 0.448924 233 5.84428 0.5825 0 0 0 91 91 230 
210 266 0.878831 0.363506 237 5.4855 0.5925 0 0 0 195 195 258 
221 266 0.891513 0.325461 239 5.55909 0.5975 0 0 0 342 342 276 
228 266 0.898883 0.303351 246 5.85156 0.615 0 0 0 568 568 293 
230 277 0.900895 0.297314 255 5.81618 0.6375 0 0 0 712 712 298 
245 283 0.914764 0.255708 260 5.66663 0.65 0 0 0 987 987 324 
250 283 0.918941 0.243176 262 5.70766 0.655 0 0 0 1264 1264 335 
255 284 0.922914 0.231258 266 6.01311 0.665 0 0 0 1794 1794 346 
275 284 0.936951 0.189147 267 6.17325 0.6675 0 0 0 2977 2977 372 
280 287 0.940041 0.179877 270 6.2417 0.675 0 0 0 4717 4717 385 
281 295 0.940641 0.178078 279 5.64288 0.6975 0 0 0 5917 5917 393 
288 298 0.944673 0.165981 282 6.13431 0.705 0 0 0 9970 9970 405 
290 300 0.945774 0.162678 285 5.6715 0.7125 0 0 0 12228 12228 415 
298 304 0.949963 0.15011 293 7.16592 0.7325 0 0 0 27049 27049 428 
322 305 0.960687 0.117938 294 6.79823 0.735 0 0 0 59828 59828 464 
331 305 0.964087 0.107738 295 6.92471 0.7375 0 0 0 104498 104498 480 
341 305 0.967521 0.0974367 296 7.25023 0.74 0 0 0 205566 205566 495 
348 306 0.969728 0.0908174 298 7.5775 0.745 0 0 0 402723 402723 510 
358 312 0.972622 0.0821336 304 10.4802 0.76 0 0 0 825149 825149 532 
365 312 0.974482 0.0765539 305 11.3558 0.7625 0 0 0 1153421 1153421 548 
378 312 0.977607 0.0671777 306 10.1125 0.765 0 0 0 1643293 1643293 576 
