1 105 0.01 0.99 105 0 0.2625 0 0 0 0 0 0 
95 178 0.615104 0.384896 168 3.08135 0.42 0 0 0 7 7 102 
144 231 0.764783 0.235217 211 3.07383 0.5275 0 0 0 31 31 160 
183 253 0.841057 0.158943 226 4.54786 0.565 0 0 0 135 135 211 
206 260 0.873861 0.126139 232 5.05678 0.58 0 0 0 422 422 247 
210 266 0.878831 0.121169 234 5.2509 0.585 0 0 0 848 848 258 
211 266 0.880043 0.119957 235 5.36477 0.5875 0 0 0 1403 1403 269 
214 266 0.883606 0.116394 239 5.34298 0.5975 0 0 0 1877 1877 278 
228 266 0.898883 0.101117 240 5.51648 0.6 0 0 0 2527 2527 297 
230 277 0.900895 0.0991048 254 5.61379 0.635 0 0 0 3238 3238 304 
245 283 0.914764 0.0852359 261 5.79227 0.6525 0 0 0 4237 4237 326 
251 284 0.919752 0.0802479 263 5.96416 0.6575 0 0 0 6034 6034 339 
260 284 0.926692 0.0733078 266 5.95076 0.665 0 0 0 10159 10159 354 
275 284 0.936951 0.063049 267 6.07662 0.6675 0 0 0 16698 16698 374 
280 287 0.940041 0.059959 274 6.23559 0.685 0 0 0 24694 24694 385 
281 295 0.940641 0.0593594 278 5.598 0.695 0 0 0 30188 30188 395 
284 295 0.942404 0.0575964 279 5.58996 0.6975 0 0 0 36586 36586 401 
288 298 0.944673 0.0553268 283 6.08964 0.7075 0 0 0 50104 50104 408 
290 300 0.945774 0.0542258 287 5.63064 0.7175 0 0 0 64365 64365 416 
298 304 0.949963 0.0500366 293 6.97427 0.7325 0 0 0 112770 112770 427 
322 305 0.960687 0.0393127 295 6.71096 0.7375 0 0 0 245492 245492 458 
341 305 0.967521 0.0324789 297 7.5813 0.7425 0 0 0 677509 677509 487 
351 306 0.970627 0.0293733 298 7.58491 0.745 0 0 0 1325664 1325664 504 
