1 105 1 4.5 105 0 0.2625 0 0 0 0 0 0 
2 108 1 4.5 108 0.1 0.27 0 0 0 0 0 1 
3 110 1 4.5 110 0.195919 0.275 0 0 0 0 0 3 
4 112 1 4.5 112 0.295919 0.28 0 0 0 0 0 4 
5 114 1 4.5 114 0.395919 0.285 0 0 0 0 0 5 
6 115 1 4.5 115 0.488365 0.2875 0 0 0 0 0 7 
7 115 1 4.5 115 0.488365 0.2875 0 0 0 0 0 8 
8 122 1 4.5 122 0.62186 0.305 0 0 0 0 0 10 
9 122 1 4.5 122 0.62186 0.305 0 0 0 0 0 11 
10 122 1 4.5 122 0.62186 0.305 0 0 0 0 0 12 
11 131 1 4.5 131 0.72186 0.3275 0 0 0 0 0 13 
12 131 1 4.5 131 0.72186 0.3275 0 0 0 0 0 14 
13 132 1 4.5 132 1.03084 0.33 0 0 0 0 0 16 
14 133 1 4.5 133 1.15732 0.3325 0 0 0 0 0 19 
15 141 1 4.5 141 1.25557 0.3525 0 0 0 0 0 22 
16 141 1 4.5 141 1.25557 0.3525 0 0 0 0 0 23 
17 142 1 4.5 142 1.40416 0.355 0 0 0 0 0 25 
18 143 1 4.5 143 1.50416 0.3575 0 0 0 0 0 26 
19 145 1 4.5 145 1.65811 0.3625 0 0 0 0 0 28 
20 145 1 4.5 145 1.65811 0.3625 0 0 0 0 0 29 
21 145 1 4.5 145 1.65811 0.3625 0 0 0 0 0 30 
22 145 1 4.5 145 1.65811 0.3625 0 0 0 0 0 31 
23 146 1 4.5 146 1.7409 0.365 0 0 0 0 0 33 
24 146 1 4.5 146 1.7409 0.365 0 0 0 1 1 34 
25 147 1 4.5 147 2.02836 0.3675 0 0 0 2 2 36 
26 148 1 4.5 148 2.08592 0.37 0 0 0 2 2 38 
27 148 1 4.5 148 2.08592 0.37 0 0 0 3 3 42 
28 148 1 4.5 148 2.08592 0.37 0 0 0 3 3 43 
29 148 1 4.5 148 2.08592 0.37 0 0 0 3 3 44 
30 150 1 4.5 150 2.51612 0.375 0 0 0 4 4 46 
31 150 1 4.5 150 2.51612 0.375 0 0 0 5 5 47 
32 150 1 4.5 150 2.51612 0.375 0 0 0 6 6 48 
33 150 1 4.5 150 2.51612 0.375 0 0 0 8 8 49 
34 150 1 4.5 150 2.51612 0.375 0 0 0 9 9 50 
35 150 1 4.5 150 2.51612 0.375 0 0 0 10 10 51 
36 150 1 4.5 150 2.51612 0.375 0 0 0 11 11 52 
37 150 1 4.5 150 2.51612 0.375 0 0 0 12 12 53 
38 150 1 4.5 150 2.51612 0.375 0 0 0 13 13 54 
39 150 1 4.5 150 2.51612 0.375 0 0 0 14 14 55 
40 150 1 4.5 150 2.51612 0.375 0 0 0 15 15 56 
41 150 1 4.5 150 2.51612 0.375 0 0 0 16 16 57 
42 150 1 4.5 150 2.51612 0.375 0 0 0 17 17 58 
43 151 1 4.5 151 3.0701 0.3775 0 0 0 18 18 60 
44 152 1 4.5 152 3.12806 0.38 0 0 0 19 19 62 
45 152 1 4.5 152 3.12806 0.38 0 0 0 20 20 63 
46 152 1 4.5 152 3.12806 0.38 0 0 0 22 22 64 
47 152 1 4.5 152 3.12806 0.38 0 0 0 24 24 65 
48 152 1 4.5 152 3.12806 0.38 0 0 0 26 26 66 
49 152 1 4.5 152 3.12806 0.38 0 0 0 27 27 67 
50 152 1 4.5 152 3.12806 0.38 0 0 0 29 29 68 
51 152 1 4.5 152 3.12806 0.38 0 0 0 30 30 69 
52 152 1 4.5 152 3.12806 0.38 0 0 0 31 31 70 
53 152 1 4.5 152 3.12806 0.38 0 0 0 32 32 71 
54 152 1 4.5 152 3.12806 0.38 0 0 0 33 33 72 
55 159 1 4.5 159 3.53263 0.3975 0 0 0 36 36 74 
56 159 1 4.5 159 3.53263 0.3975 0 0 0 38 38 75 
57 165 1 4.5 165 3.88679 0.4125 0 0 0 40 40 78 
58 165 1 4.5 165 3.88679 0.4125 0 0 0 42 42 79 
59 165 1 4.5 165 3.88679 0.4125 0 0 0 44 44 80 
60 165 1 4.5 165 3.88679 0.4125 0 0 0 46 46 81 
61 165 1 4.5 165 3.88679 0.4125 0 0 0 48 48 82 
62 166 1 4.5 166 4.53395 0.415 0 0 0 50 50 85 
63 166 1 4.5 166 4.53395 0.415 0 0 0 52 52 86 
64 166 1 4.5 166 4.53395 0.415 0 0 0 54 54 87 
65 166 1 4.5 166 4.53395 0.415 0 0 0 58 58 88 
66 166 1 4.5 166 4.53395 0.415 0 0 0 61 61 89 
67 166 1 4.5 166 4.53395 0.415 0 0 0 63 63 90 
68 166 1 4.5 166 4.53395 0.415 0 0 0 66 66 91 
69 166 1 4.5 166 4.53395 0.415 0 0 0 68 68 92 
70 166 1 4.5 166 4.53395 0.415 0 0 0 70 70 95 
71 166 1 4.5 166 4.53395 0.415 0 0 0 73 73 96 
72 166 1 4.5 166 4.53395 0.415 0 0 0 75 75 97 
73 166 1 4.5 166 4.53395 0.415 0 0 0 78 78 98 
74 166 1 4.5 166 4.53395 0.415 0 0 0 80 80 99 
75 166 1 4.5 166 4.53395 0.415 0 0 0 82 82 100 
76 166 1 4.5 166 4.53395 0.415 0 0 0 84 84 101 
77 166 1 4.5 166 4.53395 0.415 0 0 0 86 86 102 
78 166 1 4.5 166 4.53395 0.415 0 0 0 88 88 103 
79 166 1 4.5 166 4.53395 0.415 0 0 0 91 91 104 
80 166 1 4.5 166 4.53395 0.415 0 0 0 94 94 105 
81 166 1 4.5 166 4.53395 0.415 0 0 0 96 96 106 
82 166 1 4.5 166 4.53395 0.415 0 0 0 99 99 107 
83 166 1 4.5 166 4.53395 0.415 0 0 0 102 102 108 
84 166 1 4.5 166 4.53395 0.415 0 0 0 105 105 109 
85 166 1 4.5 166 4.53395 0.415 0 0 0 107 107 110 
86 166 1 4.5 166 4.53395 0.415 0 0 0 110 110 111 
87 166 1 4.5 166 4.53395 0.415 0 0 0 112 112 112 
88 166 1 4.5 166 4.53395 0.415 0 0 0 115 115 115 
89 166 1 4.5 166 4.53395 0.415 0 0 0 118 118 116 
90 166 1 4.5 166 4.53395 0.415 0 0 0 120 120 117 
91 166 1 4.5 166 4.53395 0.415 0 0 0 123 123 118 
92 166 1 4.5 166 4.53395 0.415 0 0 0 126 126 119 
93 166 1 4.5 166 4.53395 0.415 0 0 0 129 129 120 
94 166 1 4.5 166 4.53395 0.415 0 0 0 132 132 121 
95 178 1 4.5 178 5.95551 0.445 0 0 0 135 135 125 
96 181 1 4.5 181 6.91491 0.4525 0 0 0 139 139 128 
97 182 1 4.5 182 6.95297 0.455 0 0 0 143 143 130 
98 182 1 4.5 182 6.95297 0.455 0 0 0 147 147 131 
99 182 1 4.5 182 6.95297 0.455 0 0 0 151 151 132 
100 187 1 4.5 187 7.50161 0.4675 0 0 0 155 155 135 
101 187 1 4.5 187 7.50161 0.4675 0 0 0 160 160 136 
102 187 1 4.5 187 7.50161 0.4675 0 0 0 165 165 137 
103 187 1 4.5 187 7.50161 0.4675 0 0 0 170 170 138 
104 187 1 4.5 187 7.50161 0.4675 0 0 0 174 174 139 
105 187 1 4.5 187 7.50161 0.4675 0 0 0 178 178 140 
106 187 1 4.5 187 7.50161 0.4675 0 0 0 183 183 141 
107 187 1 4.5 187 7.50161 0.4675 0 0 0 188 188 142 
108 187 1 4.5 187 7.50161 0.4675 0 0 0 192 192 143 
109 187 1 4.5 187 7.50161 0.4675 0 0 0 196 196 144 
110 187 1 4.5 187 7.50161 0.4675 0 0 0 201 201 145 
111 187 1 4.5 187 7.50161 0.4675 0 0 0 205 205 146 
112 187 1 4.5 187 7.50161 0.4675 0 0 0 209 209 147 
113 187 1 4.5 187 7.50161 0.4675 0 0 0 214 214 148 
114 187 1 4.5 187 7.50161 0.4675 0 0 0 221 221 149 
115 187 1 4.5 187 7.50161 0.4675 0 0 0 226 226 150 
116 187 1 4.5 187 7.50161 0.4675 0 0 0 231 231 151 
117 187 1 4.5 187 7.50161 0.4675 0 0 0 237 237 152 
118 187 1 4.5 187 7.50161 0.4675 0 0 0 245 245 153 
119 187 1 4.5 187 7.50161 0.4675 0 0 0 250 250 154 
120 193 1 4.5 193 7.38503 0.4825 0 0 0 255 255 161 
121 193 1 4.5 193 7.38503 0.4825 0 0 0 260 260 162 
122 193 1 4.5 193 7.38503 0.4825 0 0 0 264 264 163 
123 196 1 4.5 196 9.57508 0.49 0 0 0 272 272 167 
124 196 1 4.5 196 9.57508 0.49 0 0 0 279 279 168 
125 196 1 4.5 196 9.57508 0.49 0 0 0 287 287 169 
126 196 1 4.5 196 9.57508 0.49 0 0 0 295 295 170 
127 196 1 4.5 196 9.57508 0.49 0 0 0 307 307 176 
128 211 1 4.5 211 11.69 0.5275 0 0 0 321 321 183 
129 211 1 4.5 211 11.69 0.5275 0 0 0 335 335 184 
130 211 1 4.5 211 11.69 0.5275 0 0 0 349 349 185 
131 211 1 4.5 211 11.69 0.5275 0 0 0 362 362 186 
132 211 1 4.5 211 11.69 0.5275 0 0 0 374 374 187 
133 211 1 4.5 211 11.69 0.5275 0 0 0 392 392 188 
134 211 1 4.5 211 11.69 0.5275 0 0 0 404 404 189 
135 211 1 4.5 211 11.69 0.5275 0 0 0 417 417 190 
136 211 1 4.5 211 11.69 0.5275 0 0 0 430 430 191 
137 211 1 4.5 211 11.69 0.5275 0 0 0 443 443 192 
138 211 1 4.5 211 11.69 0.5275 0 0 0 456 456 193 
139 211 1 4.5 211 11.69 0.5275 0 0 0 469 469 194 
140 211 1 4.5 211 11.69 0.5275 0 0 0 484 484 195 
141 211 1 4.5 211 11.69 0.5275 0 0 0 501 501 196 
142 213 1 4.5 213 12.0259 0.5325 0 0 0 513 513 203 
143 213 1 4.5 213 12.0259 0.5325 0 0 0 524 524 204 
144 231 1 4.5 231 12.139 0.5775 0 0 0 535 535 207 
145 232 1 4.5 232 12.087 0.58 0 0 0 546 546 212 
146 232 1 4.5 232 12.087 0.58 0 0 0 557 557 213 
147 232 1 4.5 232 12.087 0.58 0 0 0 567 567 215 
148 232 1 4.5 232 12.087 0.58 0 0 0 578 578 216 
149 232 1 4.5 232 12.087 0.58 0 0 0 589 589 217 
150 232 1 4.5 232 12.087 0.58 0 0 0 600 600 218 
151 232 1 4.5 232 12.087 0.58 0 0 0 611 611 219 
152 232 1 4.5 232 12.087 0.58 0 0 0 622 622 220 
153 232 1 4.5 232 12.087 0.58 0 0 0 634 634 221 
154 233 1 4.5 233 12.9965 0.5825 0 0 0 649 649 226 
155 233 1 4.5 233 12.9965 0.5825 0 0 0 663 663 227 
156 233 1 4.5 233 12.9965 0.5825 0 0 0 677 677 228 
157 233 1 4.5 233 12.9965 0.5825 0 0 0 692 692 229 
158 233 1 4.5 233 12.9455 0.5825 0 0 0 707 707 234 
159 233 1 4.5 233 12.9455 0.5825 0 0 0 722 722 235 
160 233 1 4.5 233 12.9455 0.5825 0 0 0 737 737 236 
161 233 1 4.5 233 12.9455 0.5825 0 0 0 752 752 237 
162 233 1 4.5 233 12.9455 0.5825 0 0 0 768 768 238 
163 233 1 4.5 233 12.9455 0.5825 0 0 0 784 784 239 
164 233 1 4.5 233 12.9455 0.5825 0 0 0 799 799 240 
165 233 1 4.5 233 12.9455 0.5825 0 0 0 815 815 241 
166 233 1 4.5 233 12.9455 0.5825 0 0 0 830 830 242 
167 233 1 4.5 233 12.9455 0.5825 0 0 0 846 846 243 
168 233 1 4.5 233 12.9455 0.5825 0 0 0 862 862 244 
169 233 1 4.5 233 12.9455 0.5825 0 0 0 878 878 245 
170 233 1 4.5 233 12.9455 0.5825 0 0 0 896 896 246 
171 236 1 4.5 236 15.7141 0.59 0 0 0 928 928 255 
172 236 1 4.5 236 15.7141 0.59 0 0 0 960 960 256 
173 237 1 4.5 237 14.4897 0.5925 0 0 0 975 975 265 
174 237 1 4.5 237 14.4897 0.5925 0 0 0 989 989 266 
175 237 1 4.5 237 14.4897 0.5925 0 0 0 1004 1004 267 
176 237 1 4.5 237 14.4897 0.5925 0 0 0 1020 1020 268 
177 237 1 4.5 237 14.4897 0.5925 0 0 0 1035 1035 269 
178 237 1 4.5 237 14.4897 0.5925 0 0 0 1050 1050 270 
179 237 1 4.5 237 12.0164 0.5925 0 0 0 1059 1059 272 
180 243 1 4.5 243 11.0647 0.6075 0 0 0 1071 1071 277 
181 245 1 4.5 245 11.1226 0.6125 0 0 0 1081 1081 279 
182 245 1 4.5 245 11.1226 0.6125 0 0 0 1091 1091 280 
183 253 1 4.5 253 12.4821 0.6325 0 0 0 1101 1101 285 
184 253 1 4.5 253 12.4821 0.6325 0 0 0 1112 1112 286 
185 253 1 4.5 253 12.4821 0.6325 0 0 0 1123 1123 287 
186 253 1 4.5 253 12.4821 0.6325 0 0 0 1133 1133 288 
187 253 1 4.5 253 12.4821 0.6325 0 0 0 1144 1144 289 
188 253 1 4.5 253 12.4821 0.6325 0 0 0 1155 1155 290 
189 253 1 4.5 253 12.4821 0.6325 0 0 0 1165 1165 291 
190 253 1 4.5 253 12.4821 0.6325 0 0 0 1176 1176 292 
191 253 1 4.5 253 12.4821 0.6325 0 0 0 1188 1188 293 
192 253 1 4.5 253 12.4821 0.6325 0 0 0 1198 1198 294 
193 253 1 4.5 253 12.4821 0.6325 0 0 0 1209 1209 295 
194 253 1 4.5 253 12.4821 0.6325 0 0 0 1220 1220 296 
195 253 1 4.5 253 12.4821 0.6325 0 0 0 1231 1231 297 
196 259 1 4.5 259 12.669 0.6475 0 0 0 1242 1242 299 
197 259 1 4.5 259 12.669 0.6475 0 0 0 1254 1254 300 
198 259 1 4.5 259 12.669 0.6475 0 0 0 1265 1265 301 
199 259 1 4.5 259 12.669 0.6475 0 0 0 1276 1276 302 
200 259 1 4.5 259 12.669 0.6475 0 0 0 1287 1287 303 
201 259 1 4.5 259 12.669 0.6475 0 0 0 1299 1299 304 
202 259 1 4.5 259 12.669 0.6475 0 0 0 1311 1311 305 
203 259 1 4.5 259 12.669 0.6475 0 0 0 1323 1323 306 
204 259 1 4.5 259 12.669 0.6475 0 0 0 1335 1335 307 
205 259 1 4.5 259 12.669 0.6475 0 0 0 1349 1349 308 
206 260 1 4.5 260 12.8771 0.65 0 0 0 1362 1362 314 
207 260 1 4.5 260 12.8771 0.65 0 0 0 1376 1376 315 
208 260 1 4.5 260 12.8771 0.65 0 0 0 1390 1390 316 
209 260 1 4.5 260 12.8771 0.65 0 0 0 1403 1403 317 
210 266 1 4.5 266 12.932 0.665 0 0 0 1417 1417 319 
211 266 1 4.5 266 12.932 0.665 0 0 0 1430 1430 320 
212 266 1 4.5 266 12.932 0.665 0 0 0 1443 1443 321 
213 266 1 4.5 266 12.932 0.665 0 0 0 1457 1457 325 
214 266 1 4.5 266 12.932 0.665 0 0 0 1470 1470 326 
215 266 1 4.5 266 12.932 0.665 0 0 0 1483 1483 327 
216 266 1 4.5 266 12.932 0.665 0 0 0 1497 1497 328 
217 266 1 4.5 266 12.932 0.665 0 0 0 1510 1510 329 
218 266 1 4.5 266 12.932 0.665 0 0 0 1523 1523 330 
219 266 1 4.5 266 12.932 0.665 0 0 0 1536 1536 331 
220 266 1 4.5 266 12.932 0.665 0 0 0 1550 1550 332 
221 266 1 4.5 266 12.932 0.665 0 0 0 1564 1564 333 
222 266 1 4.5 266 12.932 0.665 0 0 0 1578 1578 334 
223 266 1 4.5 266 12.932 0.665 0 0 0 1592 1592 335 
224 266 1 4.5 266 12.932 0.665 0 0 0 1606 1606 336 
225 266 1 4.5 266 12.932 0.665 0 0 0 1619 1619 337 
226 266 1 4.5 266 12.932 0.665 0 0 0 1634 1634 338 
227 266 1 4.5 266 12.932 0.665 0 0 0 1649 1649 339 
228 266 1 4.5 266 12.932 0.665 0 0 0 1664 1664 340 
229 266 1 4.5 266 12.932 0.665 0 0 0 1678 1678 341 
230 277 1 4.5 277 12.9889 0.6925 0 0 0 1693 1693 343 
231 277 1 4.5 277 12.9889 0.6925 0 0 0 1707 1707 344 
232 277 1 4.5 277 12.9889 0.6925 0 0 0 1722 1722 345 
233 277 1 4.5 277 12.9889 0.6925 0 0 0 1736 1736 346 
234 277 1 4.5 277 12.9889 0.6925 0 0 0 1750 1750 347 
235 277 1 4.5 277 12.9889 0.6925 0 0 0 1764 1764 348 
236 277 1 4.5 277 12.9889 0.6925 0 0 0 1778 1778 349 
237 277 1 4.5 277 12.9889 0.6925 0 0 0 1792 1792 350 
238 277 1 4.5 277 12.9889 0.6925 0 0 0 1808 1808 351 
239 277 1 4.5 277 12.9889 0.6925 0 0 0 1823 1823 352 
240 277 1 4.5 277 12.9889 0.6925 0 0 0 1839 1839 353 
241 277 1 4.5 277 12.9889 0.6925 0 0 0 1855 1855 354 
242 277 1 4.5 277 12.9889 0.6925 0 0 0 1871 1871 355 
243 277 1 4.5 277 12.9889 0.6925 0 0 0 1886 1886 356 
244 277 1 4.5 277 12.9889 0.6925 0 0 0 1903 1903 357 
245 283 1 4.5 283 13.0511 0.7075 0 0 0 1919 1919 359 
246 283 1 4.5 283 13.0511 0.7075 0 0 0 1935 1935 360 
247 283 1 4.5 283 13.0511 0.7075 0 0 0 1951 1951 361 
248 283 1 4.5 283 13.0511 0.7075 0 0 0 1966 1966 362 
249 283 1 4.5 283 13.0511 0.7075 0 0 0 1983 1983 363 
250 283 1 4.5 283 13.0511 0.7075 0 0 0 1998 1998 364 
251 284 1 4.5 284 17.1876 0.71 0 0 0 2017 2017 371 
252 284 1 4.5 284 17.1876 0.71 0 0 0 2037 2037 372 
253 284 1 4.5 284 17.1876 0.71 0 0 0 2059 2059 381 
254 284 1 4.5 284 17.1876 0.71 0 0 0 2082 2082 384 
255 284 1 4.5 284 17.1876 0.71 0 0 0 2105 2105 385 
256 284 1 4.5 284 17.1876 0.71 0 0 0 2127 2127 389 
257 284 1 4.5 284 17.1876 0.71 0 0 0 2150 2150 393 
258 284 1 4.5 284 17.1876 0.71 0 0 0 2172 2172 394 
259 284 1 4.5 284 17.1876 0.71 0 0 0 2193 2193 395 
260 284 1 4.5 284 17.1876 0.71 0 0 0 2213 2213 396 
261 284 1 4.5 284 17.1876 0.71 0 0 0 2234 2234 397 
262 284 1 4.5 284 17.1876 0.71 0 0 0 2254 2254 398 
263 284 1 4.5 284 17.1876 0.71 0 0 0 2275 2275 399 
264 284 1 4.5 284 17.1876 0.71 0 0 0 2297 2297 402 
265 284 1 4.5 284 17.1876 0.71 0 0 0 2318 2318 403 
266 284 1 4.5 284 17.1876 0.71 0 0 0 2339 2339 404 
267 284 1 4.5 284 17.1876 0.71 0 0 0 2359 2359 405 
268 284 1 4.5 284 17.1876 0.71 0 0 0 2380 2380 406 
269 284 1 4.5 284 17.1876 0.71 0 0 0 2401 2401 407 
270 284 1 4.5 284 16.9387 0.71 0 0 0 2423 2423 413 
271 284 1 4.5 284 16.9387 0.71 0 0 0 2444 2444 414 
272 284 1 4.5 284 16.9387 0.71 0 0 0 2465 2465 415 
273 284 1 4.5 284 16.9387 0.71 0 0 0 2486 2486 416 
274 284 1 4.5 284 16.9387 0.71 0 0 0 2508 2508 417 
275 284 1 4.5 284 16.9387 0.71 0 0 0 2530 2530 421 
276 284 1 4.5 284 16.9387 0.71 0 0 0 2552 2552 422 
277 284 1 4.5 284 16.9387 0.71 0 0 0 2574 2574 423 
278 284 1 4.5 284 16.9387 0.71 0 0 0 2596 2596 424 
279 284 1 4.5 284 16.9387 0.71 0 0 0 2618 2618 428 
280 287 1 4.5 287 20.2077 0.7175 0 0 0 2651 2651 434 
281 295 1 4.5 295 17.0656 0.7375 0 0 0 2675 2675 443 
282 295 1 4.5 295 16.9665 0.7375 0 0 0 2698 2698 444 
283 295 1 4.5 295 16.9665 0.7375 0 0 0 2722 2722 445 
284 295 1 4.5 295 16.9665 0.7375 0 0 0 2746 2746 446 
285 295 1 4.5 295 16.9665 0.7375 0 0 0 2770 2770 447 
286 295 1 4.5 295 16.9665 0.7375 0 0 0 2794 2794 451 
287 295 1 4.5 295 16.9665 0.7375 0 0 0 2818 2818 452 
288 298 1 4.5 298 18.6204 0.745 0 0 0 2843 2843 462 
289 298 1 4.5 298 18.6204 0.745 0 0 0 2868 2868 463 
290 300 1 4.5 300 18.6263 0.75 0 0 0 2894 2894 471 
291 300 1 4.5 300 18.6263 0.75 0 0 0 2924 2924 472 
292 300 1 4.5 300 18.6263 0.75 0 0 0 2950 2950 473 
293 300 1 4.5 300 18.6263 0.75 0 0 0 2976 2976 476 
294 300 1 4.5 300 18.6263 0.75 0 0 0 3002 3002 477 
295 300 1 4.5 300 18.6263 0.75 0 0 0 3029 3029 478 
296 300 1 4.5 300 18.6263 0.75 0 0 0 3055 3055 479 
297 300 1 4.5 300 18.6263 0.75 0 0 0 3082 3082 483 
298 304 1 4.5 304 22.481 0.76 0 0 0 3112 3112 487 
299 304 1 4.5 304 22.481 0.76 0 0 0 3142 3142 495 
300 304 1 4.5 304 22.481 0.76 0 0 0 3172 3172 497 
301 304 1 4.5 304 22.481 0.76 0 0 0 3203 3203 500 
302 304 1 4.5 304 22.481 0.76 0 0 0 3235 3235 501 
303 304 1 4.5 304 22.481 0.76 0 0 0 3265 3265 502 
304 304 1 4.5 304 22.4526 0.76 0 0 0 3296 3296 505 
305 304 1 4.5 304 22.4526 0.76 0 0 0 3327 3327 506 
306 304 1 4.5 304 22.4526 0.76 0 0 0 3358 3358 507 
307 304 1 4.5 304 22.4526 0.76 0 0 0 3388 3388 510 
308 304 1 4.5 304 22.4526 0.76 0 0 0 3418 3418 511 
309 304 1 4.5 304 22.4526 0.76 0 0 0 3449 3449 517 
310 304 1 4.5 304 22.3363 0.76 0 0 0 3479 3479 518 
311 304 1 4.5 304 22.3363 0.76 0 0 0 3510 3510 519 
312 304 1 4.5 304 22.3363 0.76 0 0 0 3545 3545 520 
313 304 1 4.5 304 22.3078 0.76 0 0 0 3578 3578 521 
314 304 1 4.5 304 22.3078 0.76 0 0 0 3614 3614 524 
315 305 1 4.5 305 23.263 0.7625 0 0 0 3659 3659 532 
316 305 1 4.5 305 23.263 0.7625 0 0 0 3704 3704 535 
317 305 1 4.5 305 23.215 0.7625 0 0 0 3749 3749 536 
318 305 1 4.5 305 23.215 0.7625 0 0 0 3793 3793 537 
319 305 1 4.5 305 23.215 0.7625 0 0 0 3838 3838 538 
320 305 1 4.5 305 23.215 0.7625 0 0 0 3882 3882 539 
321 305 1 4.5 305 23.102 0.7625 0 0 0 3922 3922 542 
322 305 1 4.5 305 23.102 0.7625 0 0 0 3967 3967 544 
323 305 1 4.5 305 23.102 0.7625 0 0 0 4007 4007 545 
324 305 1 4.5 305 23.102 0.7625 0 0 0 4046 4046 546 
325 305 1 4.5 305 23.102 0.7625 0 0 0 4086 4086 547 
326 305 1 4.5 305 23.102 0.7625 0 0 0 4125 4125 550 
327 305 1 4.5 305 23.102 0.7625 0 0 0 4166 4166 551 
328 305 1 4.5 305 23.102 0.7625 0 0 0 4197 4197 557 
329 305 1 4.5 305 23.102 0.7625 0 0 0 4243 4243 567 
330 305 1 4.5 305 23.102 0.7625 0 0 0 4281 4281 573 
331 305 1 4.5 305 23.102 0.7625 0 0 0 4329 4329 574 
332 305 1 4.5 305 23.102 0.7625 0 0 0 4371 4371 575 
333 305 1 4.5 305 23.102 0.7625 0 0 0 4415 4415 577 
334 305 1 4.5 305 23.102 0.7625 0 0 0 4451 4451 583 
335 305 1 4.5 305 23.102 0.7625 0 0 0 4500 4500 584 
336 305 1 4.5 305 23.102 0.7625 0 0 0 4544 4544 585 
337 305 1 4.5 305 23.102 0.7625 0 0 0 4588 4588 586 
338 305 1 4.5 305 22.7959 0.7625 0 0 0 4629 4629 590 
339 305 1 4.5 305 22.7959 0.7625 0 0 0 4672 4672 591 
340 305 1 4.5 305 22.7959 0.7625 0 0 0 4715 4715 592 
341 305 1 4.5 305 22.7959 0.7625 0 0 0 4758 4758 593 
342 305 1 4.5 305 22.7959 0.7625 0 0 0 4802 4802 594 
343 305 1 4.5 305 22.7959 0.7625 0 0 0 4847 4847 599 
344 305 1 4.5 305 22.7959 0.7625 0 0 0 4889 4889 600 
345 305 1 4.5 305 22.7959 0.7625 0 0 0 4937 4937 601 
346 305 1 4.5 305 22.7959 0.7625 0 0 0 4985 4985 602 
347 305 1 4.5 305 22.6755 0.7625 0 0 0 5027 5027 604 
348 306 1 4.5 306 21.1903 0.765 0 0 0 5075 5075 608 
349 306 1 4.5 306 21.1139 0.765 0 0 0 5118 5118 609 
350 306 1 4.5 306 21.0307 0.765 0 0 0 5165 5165 610 
351 306 1 4.5 306 21.0307 0.765 0 0 0 5207 5207 611 
352 306 1 4.5 306 21.0307 0.765 0 0 0 5247 5247 613 
353 306 1 4.5 306 21.0307 0.765 0 0 0 5292 5292 614 
354 306 1 4.5 306 21.0307 0.765 0 0 0 5334 5334 617 
355 306 1 4.5 306 21.0307 0.765 0 0 0 5379 5379 620 
356 306 1 4.5 306 21.0307 0.765 0 0 0 5420 5420 621 
357 306 1 4.5 306 21.0307 0.765 0 0 0 5461 5461 624 
358 312 1 4.5 312 26.2399 0.78 0 0 0 5578 5578 634 
359 312 1 4.5 312 22.6809 0.78 0 0 0 5651 5651 648 
360 312 1 4.5 312 22.6809 0.78 0 0 0 5723 5723 649 
361 312 1 4.5 312 22.6809 0.78 0 0 0 5794 5794 650 
362 312 1 4.5 312 22.6809 0.78 0 0 0 5867 5867 651 
363 312 1 4.5 312 22.6809 0.78 0 0 0 5940 5940 652 
364 312 1 4.5 312 22.6809 0.78 0 0 0 6010 6010 653 
365 312 1 4.5 312 22.6809 0.78 0 0 0 6082 6082 654 
366 312 1 4.5 312 22.6809 0.78 0 0 0 6154 6154 655 
367 312 1 4.5 312 22.6809 0.78 0 0 0 6228 6228 657 
368 312 1 4.5 312 22.6809 0.78 0 0 0 6301 6301 658 
369 312 1 4.5 312 22.6809 0.78 0 0 0 6373 6373 659 
370 312 1 4.5 312 22.6809 0.78 0 0 0 6458 6458 664 
371 312 1 4.5 312 22.6809 0.78 0 0 0 6595 6595 666 
372 312 1 4.5 312 22.6809 0.78 0 0 0 6640 6640 674 
373 312 1 4.5 312 22.6809 0.78 0 0 0 6686 6686 675 
374 312 1 4.5 312 22.6809 0.78 0 0 0 6731 6731 676 
375 312 1 4.5 312 22.6809 0.78 0 0 0 6776 6776 677 
376 312 1 4.5 312 22.6809 0.78 0 0 0 6820 6820 678 
377 312 1 4.5 312 22.6809 0.78 0 0 0 6867 6867 679 
378 312 1 4.5 312 22.6809 0.78 0 0 0 6912 6912 680 
379 312 1 4.5 312 22.6809 0.78 0 0 0 6957 6957 681 
380 312 1 4.5 312 22.6809 0.78 0 0 0 7001 7001 682 
381 312 1 4.5 312 22.6809 0.78 0 0 0 7050 7050 683 
382 312 1 4.5 312 22.6809 0.78 0 0 0 7095 7095 684 
383 314 1 4.5 314 25.0401 0.785 0 0 0 7142 7142 697 
384 314 1 4.5 314 25.0401 0.785 0 0 0 7187 7187 704 
385 314 1 4.5 314 25.0401 0.785 0 0 0 7233 7233 707 
386 314 1 4.5 314 25.0401 0.785 0 0 0 7282 7282 716 
387 314 1 4.5 314 25.0401 0.785 0 0 0 7331 7331 719 
388 314 1 4.5 314 24.703 0.785 0 0 0 7399 7399 730 
389 314 1 4.5 314 24.703 0.785 0 0 0 7446 7446 731 
390 314 1 4.5 314 24.703 0.785 0 0 0 7493 7493 732 
391 314 1 4.5 314 24.703 0.785 0 0 0 7544 7544 733 
392 314 1 4.5 314 24.703 0.785 0 0 0 7612 7612 741 
393 314 1 4.5 314 24.703 0.785 0 0 0 7660 7660 744 
394 314 1 4.5 314 24.703 0.785 0 0 0 7710 7710 751 
395 318 1 4.5 318 26.5068 0.795 0 0 0 7789 7789 759 
396 321 1 4.5 321 26.5249 0.8025 0 0 0 7863 7863 763 
397 322 1 4.5 322 26.5535 0.805 0 0 0 7940 7940 769 
398 322 1 4.5 322 25.5328 0.805 0 0 0 8017 8017 775 
399 322 1 4.5 322 25.2688 0.805 0 0 0 8094 8094 776 
400 322 1 4.5 322 25.2688 0.805 0 0 0 8168 8168 777 
401 322 1 4.5 322 25.2688 0.805 0 0 0 8244 8244 778 
402 322 1 4.5 322 25.2189 0.805 0 0 0 8322 8322 779 
403 322 1 4.5 322 25.2189 0.805 0 0 0 8400 8400 780 
404 322 1 4.5 322 25.2189 0.805 0 0 0 8477 8477 781 
405 322 1 4.5 322 25.2189 0.805 0 0 0 8553 8553 782 
406 323 1 4.5 323 26.8423 0.8075 0 0 0 8625 8625 790 
407 323 1 4.5 323 26.8048 0.8075 0 0 0 8700 8700 791 
408 323 1 4.5 323 26.6436 0.8075 0 0 0 8777 8777 792 
409 323 1 4.5 323 26.6436 0.8075 0 0 0 8851 8851 793 
410 323 1 4.5 323 25.8686 0.8075 0 0 0 8926 8926 795 
411 323 1 4.5 323 25.8686 0.8075 0 0 0 9002 9002 796 
412 323 1 4.5 323 25.8686 0.8075 0 0 0 9075 9075 797 
413 323 1 4.5 323 25.8686 0.8075 0 0 0 9149 9149 798 
414 341 1 4.5 341 25.8923 0.8525 0 0 0 9225 9225 805 
415 341 1 4.5 341 25.8923 0.8525 0 0 0 9299 9299 806 
416 341 1 4.5 341 25.8923 0.8525 0 0 0 9377 9377 807 
417 341 1 4.5 341 25.8923 0.8525 0 0 0 9451 9451 809 
418 341 1 4.5 341 25.8923 0.8525 0 0 0 9526 9526 810 
419 341 1 4.5 341 25.8923 0.8525 0 0 0 9600 9600 811 
420 341 1 4.5 341 25.8923 0.8525 0 0 0 9674 9674 812 
421 341 1 4.5 341 25.8923 0.8525 0 0 0 9749 9749 814 
422 341 1 4.5 341 25.8923 0.8525 0 0 0 9824 9824 815 
423 341 1 4.5 341 25.6437 0.8525 0 0 0 9901 9901 816 
424 341 1 4.5 341 25.6437 0.8525 0 0 0 9980 9980 817 
425 342 1 4.5 342 25.6902 0.855 0 0 0 10063 10063 820 
426 342 1 4.5 342 25.6902 0.855 0 0 0 10145 10145 821 
427 342 1 4.5 342 25.6902 0.855 0 0 0 10226 10226 822 
428 342 1 4.5 342 25.6902 0.855 0 0 0 10296 10296 829 
429 342 1 4.5 342 25.6902 0.855 0 0 0 10380 10380 830 
430 342 1 4.5 342 25.6902 0.855 0 0 0 10463 10463 831 
431 342 1 4.5 342 25.6902 0.855 0 0 0 10544 10544 832 
432 353 1 4.5 353 26.9163 0.8825 0 0 0 10629 10629 836 
433 355 1 4.5 355 30.4386 0.8875 0 0 0 10731 10731 852 
434 355 1 4.5 355 30.4386 0.8875 0 0 0 10830 10830 853 
435 355 1 4.5 355 30.4386 0.8875 0 0 0 10932 10932 856 
436 356 1 4.5 356 31.5196 0.89 0 0 0 11037 11037 857 
437 356 1 4.5 356 31.5196 0.89 0 0 0 11140 11140 858 
438 356 1 4.5 356 31.4501 0.89 0 0 0 11245 11245 862 
439 356 1 4.5 356 31.3759 0.89 0 0 0 11350 11350 863 
440 356 1 4.5 356 30.7209 0.89 0 0 0 11457 11457 865 
441 356 1 4.5 356 30.7209 0.89 0 0 0 11560 11560 868 
442 356 1 4.5 356 30.7209 0.89 0 0 0 11667 11667 869 
443 356 1 4.5 356 30.7209 0.89 0 0 0 11771 11771 870 
444 356 1 4.5 356 30.7209 0.89 0 0 0 11874 11874 871 
445 357 1 4.5 357 31.4661 0.8925 0 0 0 11996 11996 882 
446 358 1 4.5 358 31.1814 0.895 0 0 0 12121 12121 894 
447 358 1 4.5 358 31.1814 0.895 0 0 0 12265 12265 905 
448 358 1 4.5 358 31.1814 0.895 0 0 0 12409 12409 908 
449 358 1 4.5 358 31.1814 0.895 0 0 0 12570 12570 917 
450 358 1 4.5 358 31.1814 0.895 0 0 0 12730 12730 920 
451 358 1 4.5 358 31.1814 0.895 0 0 0 12886 12886 922 
452 358 1 4.5 358 31.1814 0.895 0 0 0 13040 13040 923 
453 358 1 4.5 358 31.1814 0.895 0 0 0 13208 13208 933 
454 358 1 4.5 358 31.1814 0.895 0 0 0 13379 13379 946 
455 358 1 4.5 358 31.1814 0.895 0 0 0 13550 13550 947 
456 358 1 4.5 358 31.1814 0.895 0 0 0 13719 13719 948 
457 358 1 4.5 358 31.1814 0.895 0 0 0 13888 13888 949 
458 358 1 4.5 358 31.1814 0.895 0 0 0 14054 14054 950 
459 358 1 4.5 358 31.1814 0.895 0 0 0 14224 14224 951 
460 358 1 4.5 358 31.1814 0.895 0 0 0 14394 14394 952 
461 358 1 4.5 358 30.3721 0.895 0 0 0 14468 14468 977 
462 358 1 4.5 358 30.3721 0.895 0 0 0 14542 14542 981 
463 358 1 4.5 358 30.3721 0.895 0 0 0 14616 14616 989 
464 358 1 4.5 358 30.3721 0.895 0 0 0 14690 14690 990 
465 358 1 4.5 358 30.3721 0.895 0 0 0 14863 14863 992 
466 358 1 4.5 358 30.3721 0.895 0 0 0 14937 14937 993 
467 358 1 4.5 358 30.3721 0.895 0 0 0 15011 15011 994 
468 358 1 4.5 358 30.3721 0.895 0 0 0 15085 15085 995 
469 358 1 4.5 358 30.3721 0.895 0 0 0 15160 15160 996 
470 358 1 4.5 358 30.3721 0.895 0 0 0 15237 15237 997 
471 358 1 4.5 358 30.3721 0.895 0 0 0 15313 15313 998 
472 358 1 4.5 358 30.3721 0.895 0 0 0 15389 15389 999 
473 358 1 4.5 358 30.3721 0.895 0 0 0 15557 15557 1002 
474 358 1 4.5 358 30.2235 0.895 0 0 0 15634 15634 1005 
475 358 1 4.5 358 30.2235 0.895 0 0 0 15709 15709 1008 
476 359 1 4.5 359 27.2024 0.8975 0 0 0 15864 15864 1024 
477 359 1 4.5 359 27.2024 0.8975 0 0 0 16117 16117 1036 
478 359 1 4.5 359 27.2024 0.8975 0 0 0 16383 16383 1039 
479 359 1 4.5 359 27.2024 0.8975 0 0 0 16536 16536 1059 
480 359 1 4.5 359 27.2024 0.8975 0 0 0 16756 16756 1074 
481 359 1 4.5 359 27.2024 0.8975 0 0 0 17157 17157 1083 
482 359 1 4.5 359 27.2024 0.8975 0 0 0 17571 17571 1105 
483 359 1 4.5 359 27.2024 0.8975 0 0 0 17818 17818 1107 
484 359 1 4.5 359 27.2024 0.8975 0 0 0 17962 17962 1118 
485 362 1 4.5 362 34.3363 0.905 0 0 0 18185 18185 1129 
486 362 1 4.5 362 34.3363 0.905 0 0 0 18390 18390 1147 
487 362 1 4.5 362 34.3363 0.905 0 0 0 18655 18655 1157 
488 362 1 4.5 362 34.3363 0.905 0 0 0 18921 18921 1171 
489 365 1 4.5 365 34.5252 0.9125 0 0 0 19134 19134 1187 
490 365 1 4.5 365 33.909 0.9125 0 0 0 19436 19436 1200 
491 365 1 4.5 365 32.6341 0.9125 0 0 0 19669 19669 1210 
492 365 1 4.5 365 32.6341 0.9125 0 0 0 20117 20117 1224 
493 365 1 4.5 365 32.6341 0.9125 0 0 0 20369 20369 1225 
494 365 1 4.5 365 32.4806 0.9125 0 0 0 20608 20608 1229 
495 365 1 4.5 365 32.4806 0.9125 0 0 0 20836 20836 1230 
496 365 1 4.5 365 30.7949 0.9125 0 0 0 20960 20960 1243 
497 365 1 4.5 365 30.7578 0.9125 0 0 0 21084 21084 1247 
498 365 1 4.5 365 30.7327 0.9125 0 0 0 21208 21208 1250 
499 365 1 4.5 365 30.7327 0.9125 0 0 0 21331 21331 1251 
500 366 1 4.5 366 31.3484 0.915 0 0 0 21457 21457 1256 
501 366 1 4.5 366 31.0472 0.915 0 0 0 21584 21584 1260 
502 366 1 4.5 366 31.0472 0.915 0 0 0 21709 21709 1262 
503 366 1 4.5 366 31.0472 0.915 0 0 0 21835 21835 1264 
504 366 1 4.5 366 31.0472 0.915 0 0 0 21963 21963 1267 
505 366 1 4.5 366 31.0472 0.915 0 0 0 22091 22091 1268 
506 366 1 4.5 366 31.0472 0.915 0 0 0 22221 22221 1270 
507 367 1 4.5 367 31.2454 0.9175 0 0 0 22349 22349 1276 
508 367 1 4.5 367 31.2454 0.9175 0 0 0 22479 22479 1277 
509 367 1 4.5 367 31.2454 0.9175 0 0 0 22609 22609 1280 
510 367 1 4.5 367 30.764 0.9175 0 0 0 22736 22736 1281 
511 367 1 4.5 367 30.764 0.9175 0 0 0 22867 22867 1282 
512 367 1 4.5 367 30.764 0.9175 0 0 0 22998 22998 1287 
513 367 1 4.5 367 30.764 0.9175 0 0 0 23128 23128 1288 
514 367 1 4.5 367 30.764 0.9175 0 0 0 23260 23260 1289 
515 367 1 4.5 367 30.764 0.9175 0 0 0 23394 23394 1291 
516 367 1 4.5 367 30.764 0.9175 0 0 0 23578 23578 1307 
517 367 1 4.5 367 30.764 0.9175 0 0 0 23697 23697 1320 
518 367 1 4.5 367 28.5167 0.9175 0 0 0 23853 23853 1327 
519 368 1 4.5 368 32.1273 0.92 0 0 0 24070 24070 1333 
520 368 1 4.5 368 28.8588 0.92 0 0 0 24250 24250 1337 
521 368 1 4.5 368 28.8588 0.92 0 0 0 24463 24463 1341 
522 368 1 4.5 368 28.8588 0.92 0 0 0 24678 24678 1344 
523 368 1 4.5 368 28.8588 0.92 0 0 0 24891 24891 1345 
524 368 1 4.5 368 28.8588 0.92 0 0 0 25073 25073 1351 
525 368 1 4.5 368 28.8588 0.92 0 0 0 25296 25296 1359 
526 368 1 4.5 368 28.8588 0.92 0 0 0 25511 25511 1362 
527 368 1 4.5 368 28.8588 0.92 0 0 0 25728 25728 1363 
528 368 1 4.5 368 28.8588 0.92 0 0 0 25941 25941 1364 
529 369 1 4.5 369 32.4827 0.9225 0 0 0 26134 26134 1369 
530 369 1 4.5 369 31.9461 0.9225 0 0 0 26332 26332 1371 
531 370 1 4.5 370 35.2725 0.925 0 0 0 26825 26825 1384 
532 370 1 4.5 370 35.2725 0.925 0 0 0 27253 27253 1393 
533 370 1 4.5 370 35.2725 0.925 0 0 0 27684 27684 1394 
534 370 1 4.5 370 35.2725 0.925 0 0 0 28080 28080 1398 
535 370 1 4.5 370 35.2725 0.925 0 0 0 28534 28534 1399 
536 370 1 4.5 370 35.2725 0.925 0 0 0 28984 28984 1403 
537 370 1 4.5 370 35.2725 0.925 0 0 0 29497 29497 1405 
538 370 1 4.5 370 35.2725 0.925 0 0 0 29947 29947 1408 
539 370 1 4.5 370 35.2725 0.925 0 0 0 30663 30663 1427 
540 370 1 4.5 370 35.2725 0.925 0 0 0 31399 31399 1450 
541 370 1 4.5 370 35.2725 0.925 0 0 0 32170 32170 1467 
542 370 1 4.5 370 35.2725 0.925 0 0 0 32979 32979 1476 
543 370 1 4.5 370 35.2725 0.925 0 0 0 33703 33703 1481 
544 370 1 4.5 370 35.2725 0.925 0 0 0 34501 34501 1493 
545 370 1 4.5 370 35.2725 0.925 0 0 0 34993 34993 1510 
546 370 1 4.5 370 35.2725 0.925 0 0 0 35492 35492 1519 
547 370 1 4.5 370 35.2725 0.925 0 0 0 35982 35982 1523 
548 371 1 4.5 371 44.558 0.9275 0 0 0 36501 36501 1540 
549 371 1 4.5 371 44.558 0.9275 0 0 0 37194 37194 1562 
550 371 1 4.5 371 35.7015 0.9275 0 0 0 37697 37697 1570 
551 371 1 4.5 371 35.7015 0.9275 0 0 0 38385 38385 1580 
552 371 1 4.5 371 33.5905 0.9275 0 0 0 38971 38971 1594 
553 371 1 4.5 371 33.5905 0.9275 0 0 0 39762 39762 1605 
554 371 1 4.5 371 33.5905 0.9275 0 0 0 40268 40268 1613 
555 371 1 4.5 371 33.5905 0.9275 0 0 0 40767 40767 1619 
556 371 1 4.5 371 33.5905 0.9275 0 0 0 41268 41268 1627 
557 371 1 4.5 371 33.5905 0.9275 0 0 0 41755 41755 1645 
558 371 1 4.5 371 33.5905 0.9275 0 0 0 42374 42374 1662 
559 371 1 4.5 371 33.5905 0.9275 0 0 0 42880 42880 1667 
560 371 1 4.5 371 33.5905 0.9275 0 0 0 43686 43686 1676 
561 371 1 4.5 371 33.5905 0.9275 0 0 0 44323 44323 1691 
562 371 1 4.5 371 33.5905 0.9275 0 0 0 44983 44983 1700 
563 371 1 4.5 371 32.7077 0.9275 0 0 0 45928 45928 1705 
564 371 1 4.5 371 32.7077 0.9275 0 0 0 46519 46519 1720 
565 371 1 4.5 371 32.7077 0.9275 0 0 0 47444 47444 1729 
566 371 1 4.5 371 32.7077 0.9275 0 0 0 47987 47987 1739 
567 371 1 4.5 371 32.7077 0.9275 0 0 0 48536 48536 1744 
568 371 1 4.5 371 32.7077 0.9275 0 0 0 49084 49084 1749 
569 371 1 4.5 371 32.7077 0.9275 0 0 0 50083 50083 1752 
570 371 1 4.5 371 32.7077 0.9275 0 0 0 50873 50873 1761 
571 371 1 4.5 371 32.7077 0.9275 0 0 0 51552 51552 1772 
572 371 1 4.5 371 32.7077 0.9275 0 0 0 52554 52554 1780 
573 371 1 4.5 371 32.7077 0.9275 0 0 0 53651 53651 1787 
574 371 1 4.5 371 32.7077 0.9275 0 0 0 54290 54290 1804 
575 371 1 4.5 371 32.7077 0.9275 0 0 0 55282 55282 1806 
576 371 1 4.5 371 32.7077 0.9275 0 0 0 56270 56270 1812 
577 372 1 4.5 372 40.1137 0.93 0 0 0 56892 56892 1818 
578 372 1 4.5 372 40.1137 0.93 0 0 0 57626 57626 1824 
579 372 1 4.5 372 40.1137 0.93 0 0 0 58257 58257 1829 
580 372 1 4.5 372 40.1137 0.93 0 0 0 58989 58989 1833 
581 372 1 4.5 372 40.1137 0.93 0 0 0 59663 59663 1835 
582 372 1 4.5 372 40.1137 0.93 0 0 0 59912 59912 1844 
583 372 1 4.5 372 40.1137 0.93 0 0 0 60122 60122 1850 
584 372 1 4.5 372 40.1137 0.93 0 0 0 60368 60368 1856 
585 372 1 4.5 372 40.1137 0.93 0 0 0 60608 60608 1863 
586 372 1 4.5 372 40.1137 0.93 0 0 0 60850 60850 1865 
587 372 1 4.5 372 40.1137 0.93 0 0 0 61091 61091 1866 
588 372 1 4.5 372 40.1137 0.93 0 0 0 61472 61472 1879 
589 372 1 4.5 372 40.1137 0.93 0 0 0 61720 61720 1884 
590 372 1 4.5 372 40.1137 0.93 0 0 0 61969 61969 1886 
591 372 1 4.5 372 39.1122 0.93 0 0 0 62522 62522 1896 
592 372 1 4.5 372 39.1122 0.93 0 0 0 62774 62774 1900 
593 372 1 4.5 372 39.1122 0.93 0 0 0 63022 63022 1902 
594 372 1 4.5 372 39.1122 0.93 0 0 0 63289 63289 1903 
595 372 1 4.5 372 39.1122 0.93 0 0 0 63570 63570 1922 
596 372 1 4.5 372 39.1122 0.93 0 0 0 63941 63941 1934 
597 372 1 4.5 372 39.1122 0.93 0 0 0 64194 64194 1936 
598 372 1 4.5 372 39.1122 0.93 0 0 0 64447 64447 1937 
599 372 1 4.5 372 39.1122 0.93 0 0 0 64710 64710 1941 
600 372 1 4.5 372 39.1122 0.93 0 0 0 64960 64960 1942 
601 372 1 4.5 372 39.1122 0.93 0 0 0 65209 65209 1943 
602 372 1 4.5 372 39.1122 0.93 0 0 0 65456 65456 1944 
603 372 1 4.5 372 39.1122 0.93 0 0 0 65747 65747 1953 
604 372 1 4.5 372 39.1122 0.93 0 0 0 65994 65994 1954 
605 372 1 4.5 372 39.1122 0.93 0 0 0 66243 66243 1955 
606 372 1 4.5 372 39.1122 0.93 0 0 0 66422 66422 1967 
607 372 1 4.5 372 39.1122 0.93 0 0 0 66671 66671 1968 
608 372 1 4.5 372 39.1122 0.93 0 0 0 66920 66920 1970 
609 372 1 4.5 372 39.1122 0.93 0 0 0 67098 67098 1978 
610 372 1 4.5 372 39.1122 0.93 0 0 0 67346 67346 1981 
611 372 1 4.5 372 39.1122 0.93 0 0 0 67520 67520 1997 
612 372 1 4.5 372 39.1122 0.93 0 0 0 67706 67706 2002 
613 372 1 4.5 372 39.1122 0.93 0 0 0 68091 68091 2008 
614 372 1 4.5 372 39.1122 0.93 0 0 0 68281 68281 2011 
615 372 1 4.5 372 39.1122 0.93 0 0 0 68801 68801 2023 
616 372 1 4.5 372 39.1122 0.93 0 0 0 68979 68979 2030 
617 372 1 4.5 372 39.1122 0.93 0 0 0 69240 69240 2031 
618 372 1 4.5 372 39.1122 0.93 0 0 0 69500 69500 2034 
619 372 1 4.5 372 39.1122 0.93 0 0 0 69694 69694 2042 
620 372 1 4.5 372 39.1122 0.93 0 0 0 70263 70263 2047 
621 372 1 4.5 372 39.1122 0.93 0 0 0 70554 70554 2062 
622 372 1 4.5 372 39.1122 0.93 0 0 0 70839 70839 2070 
623 372 1 4.5 372 39.1122 0.93 0 0 0 71143 71143 2075 
624 372 1 4.5 372 39.1122 0.93 0 0 0 71433 71433 2078 
625 373 1 4.5 373 52.4007 0.9325 0 0 0 71886 71886 2087 
626 373 1 4.5 373 52.4007 0.9325 0 0 0 72487 72487 2099 
627 373 1 4.5 373 52.4007 0.9325 0 0 0 72940 72940 2109 
628 373 1 4.5 373 50.4404 0.9325 0 0 0 73500 73500 2118 
629 376 1 4.5 376 52.9436 0.94 0 0 0 73937 73937 2127 
630 376 1 4.5 376 52.6332 0.94 0 0 0 74376 74376 2128 
631 376 1 4.5 376 52.4273 0.94 0 0 0 74805 74805 2131 
632 376 1 4.5 376 52.4273 0.94 0 0 0 75231 75231 2134 
633 376 1 4.5 376 52.4273 0.94 0 0 0 75606 75606 2141 
634 379 1 4.5 379 53.0771 0.9475 0 0 0 76072 76072 2145 
635 379 1 4.5 379 53.0771 0.9475 0 0 0 76531 76531 2151 
636 379 1 4.5 379 51.0838 0.9475 0 0 0 76907 76907 2153 
637 379 1 4.5 379 50.6915 0.9475 0 0 0 77281 77281 2159 
638 379 1 4.5 379 50.6915 0.9475 0 0 0 77750 77750 2167 
639 379 1 4.5 379 43.1859 0.9475 0 0 0 78636 78636 2183 
640 379 1 4.5 379 43.1859 0.9475 0 0 0 79121 79121 2186 
641 379 1 4.5 379 43.1859 0.9475 0 0 0 79610 79610 2187 
642 382 1 4.5 382 49.5713 0.955 0 0 0 79851 79851 2194 
643 385 1 4.5 385 43.0018 0.9625 0 0 0 80579 80579 2201 
644 385 1 4.5 385 43.0018 0.9625 0 0 0 81135 81135 2205 
645 388 1 4.5 388 51.089 0.97 0 0 0 81493 81493 2207 
646 388 1 4.5 388 51.089 0.97 0 0 0 81851 81851 2209 
647 388 1 4.5 388 51.089 0.97 0 0 0 82330 82330 2214 
648 388 1 4.5 388 51.089 0.97 0 0 0 82808 82808 2219 
649 388 1 4.5 388 51.089 0.97 0 0 0 83414 83414 2224 
650 388 1 4.5 388 51.089 0.97 0 0 0 84247 84247 2242 
651 388 1 4.5 388 51.089 0.97 0 0 0 84833 84833 2249 
652 388 1 4.5 388 51.089 0.97 0 0 0 85435 85435 2251 
653 388 1 4.5 388 44.576 0.97 0 0 0 86362 86362 2267 
654 388 1 4.5 388 44.576 0.97 0 0 0 87464 87464 2278 
655 388 1 4.5 388 44.576 0.97 0 0 0 87950 87950 2281 
656 388 1 4.5 388 44.576 0.97 0 0 0 88354 88354 2291 
657 388 1 4.5 388 44.576 0.97 0 0 0 88829 88829 2295 
658 388 1 4.5 388 44.576 0.97 0 0 0 89303 89303 2298 
659 388 1 4.5 388 44.576 0.97 0 0 0 89783 89783 2299 
660 388 1 4.5 388 44.576 0.97 0 0 0 90257 90257 2304 
661 388 1 4.5 388 44.576 0.97 0 0 0 90732 90732 2306 
662 388 1 4.5 388 44.576 0.97 0 0 0 91210 91210 2311 
663 388 1 4.5 388 44.576 0.97 0 0 0 91593 91593 2316 
664 388 1 4.5 388 44.576 0.97 0 0 0 92004 92004 2320 
665 388 1 4.5 388 44.576 0.97 0 0 0 92402 92402 2326 
666 388 1 4.5 388 44.576 0.97 0 0 0 92717 92717 2331 
667 388 1 4.5 388 44.576 0.97 0 0 0 93187 93187 2332 
668 388 1 4.5 388 44.576 0.97 0 0 0 93771 93771 2335 
669 388 1 4.5 388 44.576 0.97 0 0 0 94084 94084 2336 
670 388 1 4.5 388 44.576 0.97 0 0 0 94734 94734 2341 
671 388 1 4.5 388 44.576 0.97 0 0 0 95384 95384 2345 
672 389 1 4.5 389 50.3059 0.9725 0 0 0 95695 95695 2348 
673 389 1 4.5 389 49.922 0.9725 0 0 0 96000 96000 2351 
674 389 1 4.5 389 49.922 0.9725 0 0 0 96526 96526 2354 
675 389 1 4.5 389 49.5323 0.9725 0 0 0 96824 96824 2356 
676 389 1 4.5 389 49.5323 0.9725 0 0 0 97125 97125 2358 
677 389 1 4.5 389 49.5323 0.9725 0 0 0 97431 97431 2360 
678 389 1 4.5 389 49.5323 0.9725 0 0 0 97728 97728 2364 
679 389 1 4.5 389 49.3137 0.9725 0 0 0 98255 98255 2367 
680 389 1 4.5 389 49.3137 0.9725 0 0 0 98557 98557 2370 
681 389 1 4.5 389 49.3137 0.9725 0 0 0 98934 98934 2378 
682 389 1 4.5 389 49.3137 0.9725 0 0 0 99239 99239 2381 
683 389 1 4.5 389 49.3137 0.9725 0 0 0 99614 99614 2383 
684 389 1 4.5 389 48.8022 0.9725 0 0 0 100165 100165 2385 
685 389 1 4.5 389 48.8022 0.9725 0 0 0 100542 100542 2387 
686 389 1 4.5 389 48.8022 0.9725 0 0 0 100906 100906 2389 
687 389 1 4.5 389 44.6901 0.9725 0 0 0 101451 101451 2406 
688 389 1 4.5 389 44.6901 0.9725 0 0 0 101814 101814 2420 
689 389 1 4.5 389 44.6901 0.9725 0 0 0 102112 102112 2422 
690 389 1 4.5 389 44.6901 0.9725 0 0 0 102789 102789 2431 
691 389 1 4.5 389 44.6901 0.9725 0 0 0 103183 103183 2432 
692 389 1 4.5 389 43.1964 0.9725 0 0 0 104070 104070 2442 
693 389 1 4.5 389 43.1964 0.9725 0 0 0 104855 104855 2455 
694 389 1 4.5 389 43.1964 0.9725 0 0 0 106261 106261 2462 
695 389 1 4.5 389 43.1964 0.9725 0 0 0 107211 107211 2480 
696 389 1 4.5 389 43.1964 0.9725 0 0 0 108142 108142 2486 
697 389 1 4.5 389 43.1964 0.9725 0 0 0 109360 109360 2504 
698 389 1 4.5 389 43.1964 0.9725 0 0 0 109722 109722 2505 
699 389 1 4.5 389 43.1964 0.9725 0 0 0 110443 110443 2517 
700 389 1 4.5 389 43.1964 0.9725 0 0 0 110901 110901 2528 
701 389 1 4.5 389 43.1964 0.9725 0 0 0 111900 111900 2537 
702 389 1 4.5 389 43.1964 0.9725 0 0 0 112678 112678 2550 
703 389 1 4.5 389 43.1964 0.9725 0 0 0 113289 113289 2557 
704 389 1 4.5 389 43.1964 0.9725 0 0 0 114224 114224 2567 
705 389 1 4.5 389 43.1964 0.9725 0 0 0 114910 114910 2571 
706 389 1 4.5 389 43.1964 0.9725 0 0 0 115724 115724 2583 
707 389 1 4.5 389 43.1964 0.9725 0 0 0 116818 116818 2606 
708 389 1 4.5 389 43.1964 0.9725 0 0 0 117609 117609 2614 
709 389 1 4.5 389 43.1964 0.9725 0 0 0 118777 118777 2632 
710 389 1 4.5 389 43.1964 0.9725 0 0 0 119645 119645 2644 
711 389 1 4.5 389 43.1964 0.9725 0 0 0 120270 120270 2660 
712 389 1 4.5 389 43.1964 0.9725 0 0 0 121566 121566 2671 
713 389 1 4.5 389 43.1964 0.9725 0 0 0 122364 122364 2687 
714 389 1 4.5 389 43.1964 0.9725 0 0 0 123183 123183 2697 
715 389 1 4.5 389 43.1964 0.9725 0 0 0 124373 124373 2702 
716 389 1 4.5 389 43.1964 0.9725 0 0 0 125572 125572 2706 
717 389 1 4.5 389 43.1964 0.9725 0 0 0 126675 126675 2711 
718 389 1 4.5 389 43.1964 0.9725 0 0 0 127733 127733 2723 
719 389 1 4.5 389 43.1964 0.9725 0 0 0 128485 128485 2731 
720 389 1 4.5 389 43.1964 0.9725 0 0 0 129676 129676 2733 
721 389 1 4.5 389 43.1964 0.9725 0 0 0 130869 130869 2742 
722 389 1 4.5 389 43.1964 0.9725 0 0 0 132085 132085 2744 
723 389 1 4.5 389 43.1964 0.9725 0 0 0 133159 133159 2754 
724 389 1 4.5 389 43.1964 0.9725 0 0 0 134362 134362 2756 
725 389 1 4.5 389 43.1964 0.9725 0 0 0 135582 135582 2757 
726 389 1 4.5 389 43.1964 0.9725 0 0 0 136660 136660 2759 
727 389 1 4.5 389 43.1964 0.9725 0 0 0 137875 137875 2760 
728 389 1 4.5 389 43.1964 0.9725 0 0 0 139135 139135 2763 
729 389 1 4.5 389 43.1964 0.9725 0 0 0 139956 139956 2777 
730 389 1 4.5 389 43.1964 0.9725 0 0 0 140755 140755 2787 
731 389 1 4.5 389 43.1964 0.9725 0 0 0 141611 141611 2799 
732 389 1 4.5 389 43.1964 0.9725 0 0 0 142871 142871 2801 
733 389 1 4.5 389 43.1964 0.9725 0 0 0 143816 143816 2822 
734 389 1 4.5 389 43.1964 0.9725 0 0 0 144478 144478 2831 
735 389 1 4.5 389 43.1964 0.9725 0 0 0 145013 145013 2843 
736 389 1 4.5 389 43.1964 0.9725 0 0 0 145692 145692 2853 
737 389 1 4.5 389 43.1964 0.9725 0 0 0 146558 146558 2859 
738 389 1 4.5 389 43.1964 0.9725 0 0 0 147460 147460 2878 
739 389 1 4.5 389 42.0421 0.9725 0 0 0 148231 148231 2893 
740 389 1 4.5 389 42.0421 0.9725 0 0 0 148883 148883 2905 
741 389 1 4.5 389 42.0421 0.9725 0 0 0 149780 149780 2913 
742 389 1 4.5 389 41.719 0.9725 0 0 0 150562 150562 2915 
743 389 1 4.5 389 41.719 0.9725 0 0 0 152137 152137 2926 
744 389 1 4.5 389 41.719 0.9725 0 0 0 153015 153015 2935 
745 389 1 4.5 389 41.719 0.9725 0 0 0 153782 153782 2942 
746 389 1 4.5 389 41.719 0.9725 0 0 0 154566 154566 2946 
747 389 1 4.5 389 41.719 0.9725 0 0 0 155409 155409 2952 
748 389 1 4.5 389 41.719 0.9725 0 0 0 156286 156286 2958 
749 389 1 4.5 389 41.719 0.9725 0 0 0 157280 157280 2962 
750 389 1 4.5 389 41.719 0.9725 0 0 0 157983 157983 2969 
751 389 1 4.5 389 41.719 0.9725 0 0 0 158679 158679 2980 
752 389 1 4.5 389 41.719 0.9725 0 0 0 159455 159455 2981 
753 389 1 4.5 389 41.5922 0.9725 0 0 0 160231 160231 2983 
754 389 1 4.5 389 41.5922 0.9725 0 0 0 161023 161023 2986 
755 389 1 4.5 389 41.5922 0.9725 0 0 0 162376 162376 2991 
756 389 1 4.5 389 41.5922 0.9725 0 0 0 163943 163943 2995 
757 389 1 4.5 389 41.5922 0.9725 0 0 0 164665 164665 3007 
758 389 1 4.5 389 41.5922 0.9725 0 0 0 165564 165564 3021 
759 389 1 4.5 389 41.5922 0.9725 0 0 0 166448 166448 3031 
760 389 1 4.5 389 41.5922 0.9725 0 0 0 167223 167223 3040 
761 389 1 4.5 389 41.5922 0.9725 0 0 0 168122 168122 3046 
762 389 1 4.5 389 41.5922 0.9725 0 0 0 169533 169533 3049 
763 389 1 4.5 389 41.5922 0.9725 0 0 0 170739 170739 3066 
764 389 1 4.5 389 41.5922 0.9725 0 0 0 171712 171712 3070 
765 389 1 4.5 389 41.5922 0.9725 0 0 0 172682 172682 3072 
766 389 1 4.5 389 41.5922 0.9725 0 0 0 173410 173410 3081 
767 389 1 4.5 389 41.5922 0.9725 0 0 0 174334 174334 3090 
768 389 1 4.5 389 41.5922 0.9725 0 0 0 175000 175000 3096 
769 389 1 4.5 389 41.5922 0.9725 0 0 0 175810 175810 3112 
770 389 1 4.5 389 41.5922 0.9725 0 0 0 176401 176401 3128 
771 389 1 4.5 389 41.5922 0.9725 0 0 0 177130 177130 3148 
772 389 1 4.5 389 41.5922 0.9725 0 0 0 178174 178174 3162 
773 389 1 4.5 389 41.5922 0.9725 0 0 0 179130 179130 3173 
774 389 1 4.5 389 41.5922 0.9725 0 0 0 180033 180033 3180 
775 389 1 4.5 389 41.5922 0.9725 0 0 0 181689 181689 3186 
776 389 1 4.5 389 41.5922 0.9725 0 0 0 182512 182512 3195 
777 389 1 4.5 389 41.5922 0.9725 0 0 0 183430 183430 3198 
778 389 1 4.5 389 41.5922 0.9725 0 0 0 183981 183981 3205 
779 389 1 4.5 389 41.5922 0.9725 0 0 0 184700 184700 3217 
780 389 1 4.5 389 41.5922 0.9725 0 0 0 185426 185426 3222 
781 389 1 4.5 389 41.5922 0.9725 0 0 0 186368 186368 3225 
782 389 1 4.5 389 41.5922 0.9725 0 0 0 187473 187473 3240 
783 389 1 4.5 389 41.5922 0.9725 0 0 0 188203 188203 3251 
784 389 1 4.5 389 41.5922 0.9725 0 0 0 189547 189547 3254 
785 389 1 4.5 389 41.5922 0.9725 0 0 0 190231 190231 3261 
786 389 1 4.5 389 41.5922 0.9725 0 0 0 191002 191002 3268 
787 389 1 4.5 389 41.5922 0.9725 0 0 0 191969 191969 3275 
788 389 1 4.5 389 41.5922 0.9725 0 0 0 192828 192828 3281 
789 389 1 4.5 389 41.5922 0.9725 0 0 0 193514 193514 3290 
790 389 1 4.5 389 41.5922 0.9725 0 0 0 194271 194271 3298 
791 389 1 4.5 389 41.5922 0.9725 0 0 0 195103 195103 3304 
792 389 1 4.5 389 41.5922 0.9725 0 0 0 195674 195674 3312 
793 389 1 4.5 389 41.5922 0.9725 0 0 0 196447 196447 3319 
794 389 1 4.5 389 41.5922 0.9725 0 0 0 197619 197619 3326 
795 389 1 4.5 389 41.5922 0.9725 0 0 0 198432 198432 3334 
796 389 1 4.5 389 41.5922 0.9725 0 0 0 199703 199703 3336 
797 389 1 4.5 389 41.5922 0.9725 0 0 0 200601 200601 3343 
798 389 1 4.5 389 41.5922 0.9725 0 0 0 201309 201309 3346 
799 389 1 4.5 389 41.5922 0.9725 0 0 0 201911 201911 3355 
800 389 1 4.5 389 41.5922 0.9725 0 0 0 202755 202755 3364 
801 389 1 4.5 389 41.5922 0.9725 0 0 0 203613 203613 3368 
802 389 1 4.5 389 41.5922 0.9725 0 0 0 204945 204945 3378 
803 389 1 4.5 389 41.5922 0.9725 0 0 0 205691 205691 3382 
804 389 1 4.5 389 41.5922 0.9725 0 0 0 206977 206977 3395 
805 389 1 4.5 389 41.0509 0.9725 0 0 0 208022 208022 3398 
806 389 1 4.5 389 41.0509 0.9725 0 0 0 209309 209309 3402 
807 389 1 4.5 389 41.0509 0.9725 0 0 0 210016 210016 3409 
808 389 1 4.5 389 41.0509 0.9725 0 0 0 211341 211341 3421 
809 389 1 4.5 389 41.0509 0.9725 0 0 0 212108 212108 3429 
810 389 1 4.5 389 41.0509 0.9725 0 0 0 212819 212819 3438 
811 389 1 4.5 389 41.0509 0.9725 0 0 0 213715 213715 3446 
812 389 1 4.5 389 41.0509 0.9725 0 0 0 214469 214469 3449 
813 389 1 4.5 389 41.0509 0.9725 0 0 0 215730 215730 3451 
814 389 1 4.5 389 41.0509 0.9725 0 0 0 217046 217046 3466 
815 389 1 4.5 389 41.0509 0.9725 0 0 0 218413 218413 3478 
816 389 1 4.5 389 41.0509 0.9725 0 0 0 219657 219657 3487 
817 389 1 4.5 389 41.0509 0.9725 0 0 0 220680 220680 3494 
818 389 1 4.5 389 41.0509 0.9725 0 0 0 222117 222117 3500 
819 389 1 4.5 389 41.0509 0.9725 0 0 0 222896 222896 3503 
820 389 1 4.5 389 41.0509 0.9725 0 0 0 224149 224149 3504 
821 389 1 4.5 389 41.0509 0.9725 0 0 0 224924 224924 3507 
822 389 1 4.5 389 41.0509 0.9725 0 0 0 226169 226169 3515 
823 392 1 4.5 392 65.0117 0.98 0 0 0 227350 227350 3523 
824 392 1 4.5 392 59.3374 0.98 0 0 0 228118 228118 3533 
825 392 1 4.5 392 44.7741 0.98 0 0 0 230241 230241 3536 
826 392 1 4.5 392 44.7741 0.98 0 0 0 232204 232204 3546 
827 392 1 4.5 392 44.7741 0.98 0 0 0 233810 233810 3556 
828 392 1 4.5 392 44.7741 0.98 0 0 0 235299 235299 3568 
829 392 1 4.5 392 44.7741 0.98 0 0 0 236130 236130 3572 
830 392 1 4.5 392 44.7741 0.98 0 0 0 236942 236942 3574 
831 392 1 4.5 392 44.7741 0.98 0 0 0 237813 237813 3579 
832 392 1 4.5 392 44.7741 0.98 0 0 0 238591 238591 3586 
833 392 1 4.5 392 44.7741 0.98 0 0 0 239999 239999 3601 
834 392 1 4.5 392 44.7741 0.98 0 0 0 240851 240851 3608 
835 392 1 4.5 392 44.7741 0.98 0 0 0 242234 242234 3618 
836 392 1 4.5 392 44.7741 0.98 0 0 0 243954 243954 3631 
837 392 1 4.5 392 44.7741 0.98 0 0 0 245713 245713 3632 
838 392 1 4.5 392 44.7741 0.98 0 0 0 246591 246591 3637 
839 392 1 4.5 392 44.7741 0.98 0 0 0 247388 247388 3646 
840 392 1 4.5 392 44.7741 0.98 0 0 0 249382 249382 3650 
841 392 1 4.5 392 44.7741 0.98 0 0 0 250251 250251 3656 
842 392 1 4.5 392 44.7741 0.98 0 0 0 251061 251061 3664 
843 392 1 4.5 392 44.7741 0.98 0 0 0 252194 252194 3670 
844 392 1 4.5 392 44.7741 0.98 0 0 0 253290 253290 3675 
845 392 1 4.5 392 44.7741 0.98 0 0 0 254623 254623 3680 
846 392 1 4.5 392 44.7741 0.98 0 0 0 256086 256086 3685 
847 392 1 4.5 392 44.7741 0.98 0 0 0 257667 257667 3694 
848 392 1 4.5 392 44.7741 0.98 0 0 0 258296 258296 3698 
849 392 1 4.5 392 44.7741 0.98 0 0 0 260006 260006 3709 
850 392 1 4.5 392 44.7741 0.98 0 0 0 260843 260843 3712 
851 392 1 4.5 392 44.7741 0.98 0 0 0 261702 261702 3718 
852 392 1 4.5 392 44.7741 0.98 0 0 0 262879 262879 3728 
853 392 1 4.5 392 44.7741 0.98 0 0 0 263780 263780 3733 
854 392 1 4.5 392 44.7741 0.98 0 0 0 264938 264938 3738 
855 392 1 4.5 392 44.7741 0.98 0 0 0 266155 266155 3746 
856 392 1 4.5 392 44.7741 0.98 0 0 0 267366 267366 3749 
857 392 1 4.5 392 44.7741 0.98 0 0 0 268129 268129 3754 
858 392 1 4.5 392 44.7741 0.98 0 0 0 269594 269594 3756 
859 392 1 4.5 392 44.7741 0.98 0 0 0 270939 270939 3766 
860 392 1 4.5 392 44.7741 0.98 0 0 0 272220 272220 3769 
861 394 1 4.5 394 56.922 0.985 0 0 0 272987 272987 3779 
862 394 1 4.5 394 55.5758 0.985 0 0 0 274109 274109 3787 
863 394 1 4.5 394 53.5033 0.985 0 0 0 275027 275027 3794 
864 394 1 4.5 394 53.299 0.985 0 0 0 276119 276119 3800 
865 394 1 4.5 394 53.299 0.985 0 0 0 277347 277347 3809 
866 394 1 4.5 394 48.6574 0.985 0 0 0 278803 278803 3821 
867 394 1 4.5 394 48.6574 0.985 0 0 0 279885 279885 3823 
868 394 1 4.5 394 48.6574 0.985 0 0 0 280617 280617 3827 
869 394 1 4.5 394 48.6574 0.985 0 0 0 281649 281649 3831 
870 394 1 4.5 394 48.5623 0.985 0 0 0 282807 282807 3835 
871 394 1 4.5 394 48.5623 0.985 0 0 0 283956 283956 3850 
872 394 1 4.5 394 48.5623 0.985 0 0 0 284589 284589 3854 
873 394 1 4.5 394 46.1625 0.985 0 0 0 286276 286276 3858 
874 394 1 4.5 394 46.1625 0.985 0 0 0 287584 287584 3861 
875 394 1 4.5 394 46.1625 0.985 0 0 0 289095 289095 3874 
876 394 1 4.5 394 46.1625 0.985 0 0 0 290385 290385 3881 
877 394 1 4.5 394 46.1625 0.985 0 0 0 291255 291255 3885 
878 394 1 4.5 394 46.1625 0.985 0 0 0 292839 292839 3887 
879 394 1 4.5 394 46.1625 0.985 0 0 0 293607 293607 3893 
880 394 1 4.5 394 46.1625 0.985 0 0 0 295357 295357 3900 
881 394 1 4.5 394 46.1625 0.985 0 0 0 296772 296772 3908 
882 394 1 4.5 394 46.1625 0.985 0 0 0 298062 298062 3915 
883 394 1 4.5 394 46.1625 0.985 0 0 0 299598 299598 3919 
884 394 1 4.5 394 46.1625 0.985 0 0 0 300484 300484 3936 
885 394 1 4.5 394 46.1625 0.985 0 0 0 301970 301970 3948 
886 394 1 4.5 394 46.1625 0.985 0 0 0 303326 303326 3956 
887 394 1 4.5 394 46.1625 0.985 0 0 0 304808 304808 3964 
888 394 1 4.5 394 46.1625 0.985 0 0 0 305830 305830 3969 
889 394 1 4.5 394 46.1625 0.985 0 0 0 306495 306495 3982 
890 394 1 4.5 394 46.1625 0.985 0 0 0 307408 307408 3989 
891 394 1 4.5 394 46.1625 0.985 0 0 0 309223 309223 3997 
892 394 1 4.5 394 46.1625 0.985 0 0 0 310574 310574 4005 
893 394 1 4.5 394 46.1625 0.985 0 0 0 311448 311448 4010 
894 394 1 4.5 394 46.1625 0.985 0 0 0 313103 313103 4021 
895 394 1 4.5 394 46.1625 0.985 0 0 0 315071 315071 4026 
896 394 1 4.5 394 46.1625 0.985 0 0 0 315860 315860 4032 
897 394 1 4.5 394 46.1625 0.985 0 0 0 316683 316683 4039 
898 394 1 4.5 394 46.1625 0.985 0 0 0 317428 317428 4044 
899 394 1 4.5 394 46.1625 0.985 0 0 0 318221 318221 4049 
900 394 1 4.5 394 46.1625 0.985 0 0 0 319054 319054 4056 
901 394 1 4.5 394 46.1625 0.985 0 0 0 319865 319865 4059 
902 394 1 4.5 394 46.1625 0.985 0 0 0 320637 320637 4068 
903 394 1 4.5 394 46.1625 0.985 0 0 0 321845 321845 4073 
904 394 1 4.5 394 46.1625 0.985 0 0 0 323376 323376 4080 
905 394 1 4.5 394 46.1625 0.985 0 0 0 324061 324061 4087 
906 394 1 4.5 394 46.1625 0.985 0 0 0 325278 325278 4094 
907 394 1 4.5 394 46.1625 0.985 0 0 0 326040 326040 4099 
908 394 1 4.5 394 46.1625 0.985 0 0 0 326743 326743 4107 
909 394 1 4.5 394 46.1625 0.985 0 0 0 328101 328101 4118 
910 394 1 4.5 394 46.1625 0.985 0 0 0 328855 328855 4123 
911 394 1 4.5 394 46.1625 0.985 0 0 0 330423 330423 4127 
912 395 1 4.5 395 51.8838 0.9875 0 0 0 330984 330984 4135 
913 395 1 4.5 395 51.5668 0.9875 0 0 0 331497 331497 4138 
914 395 1 4.5 395 47.1105 0.9875 0 0 0 332834 332834 4148 
915 395 1 4.5 395 47.1105 0.9875 0 0 0 333372 333372 4153 
916 395 1 4.5 395 47.1105 0.9875 0 0 0 334569 334569 4157 
917 395 1 4.5 395 47.1105 0.9875 0 0 0 335769 335769 4171 
918 395 1 4.5 395 47.1105 0.9875 0 0 0 336816 336816 4176 
919 395 1 4.5 395 42.7097 0.9875 0 0 0 338406 338406 4183 
920 395 1 4.5 395 42.7097 0.9875 0 0 0 338952 338952 4186 
921 395 1 4.5 395 42.7097 0.9875 0 0 0 339503 339503 4191 
922 395 1 4.5 395 42.7097 0.9875 0 0 0 339951 339951 4198 
923 395 1 4.5 395 42.7097 0.9875 0 0 0 340749 340749 4202 
924 395 1 4.5 395 42.7097 0.9875 0 0 0 341888 341888 4205 
925 395 1 4.5 395 42.7097 0.9875 0 0 0 343251 343251 4213 
926 395 1 4.5 395 42.7097 0.9875 0 0 0 343786 343786 4214 
927 395 1 4.5 395 42.7097 0.9875 0 0 0 344551 344551 4231 
928 395 1 4.5 395 42.7097 0.9875 0 0 0 345742 345742 4235 
929 395 1 4.5 395 42.7097 0.9875 0 0 0 346269 346269 4243 
930 395 1 4.5 395 42.7097 0.9875 0 0 0 346826 346826 4245 
931 395 1 4.5 395 42.7097 0.9875 0 0 0 347523 347523 4250 
932 395 1 4.5 395 42.7097 0.9875 0 0 0 348810 348810 4261 
933 395 1 4.5 395 42.7097 0.9875 0 0 0 349337 349337 4264 
934 395 1 4.5 395 42.7097 0.9875 0 0 0 349991 349991 4272 
935 395 1 4.5 395 42.7097 0.9875 0 0 0 350872 350872 4277 
936 395 1 4.5 395 42.7097 0.9875 0 0 0 352507 352507 4283 
937 395 1 4.5 395 42.7097 0.9875 0 0 0 353844 353844 4287 
938 395 1 4.5 395 42.7097 0.9875 0 0 0 354767 354767 4289 
939 395 1 4.5 395 42.7097 0.9875 0 0 0 355247 355247 4296 
940 395 1 4.5 395 40.9267 0.9875 0 0 0 355916 355916 4299 
941 395 1 4.5 395 40.9267 0.9875 0 0 0 356550 356550 4305 
942 395 1 4.5 395 40.9267 0.9875 0 0 0 357363 357363 4308 
943 395 1 4.5 395 40.9267 0.9875 0 0 0 358008 358008 4315 
944 395 1 4.5 395 40.9267 0.9875 0 0 0 359429 359429 4324 
945 395 1 4.5 395 40.9267 0.9875 0 0 0 360305 360305 4336 
946 395 1 4.5 395 40.9267 0.9875 0 0 0 360966 360966 4341 
947 395 1 4.5 395 40.9267 0.9875 0 0 0 361623 361623 4347 
948 395 1 4.5 395 40.9267 0.9875 0 0 0 362204 362204 4357 
949 395 1 4.5 395 40.9267 0.9875 0 0 0 362771 362771 4359 
950 395 1 4.5 395 40.9267 0.9875 0 0 0 363931 363931 4363 
951 395 1 4.5 395 40.9267 0.9875 0 0 0 365339 365339 4372 
952 395 1 4.5 395 40.9267 0.9875 0 0 0 366006 366006 4376 
953 395 1 4.5 395 40.9267 0.9875 0 0 0 366688 366688 4377 
954 395 1 4.5 395 40.9267 0.9875 0 0 0 367564 367564 4386 
955 395 1 4.5 395 40.9267 0.9875 0 0 0 368377 368377 4389 
956 395 1 4.5 395 40.9267 0.9875 0 0 0 369041 369041 4390 
957 395 1 4.5 395 40.9267 0.9875 0 0 0 369713 369713 4392 
958 395 1 4.5 395 40.9267 0.9875 0 0 0 370481 370481 4400 
959 395 1 4.5 395 40.9267 0.9875 0 0 0 371340 371340 4412 
960 395 1 4.5 395 40.9267 0.9875 0 0 0 372006 372006 4413 
961 395 1 4.5 395 40.9267 0.9875 0 0 0 372937 372937 4416 
962 395 1 4.5 395 40.9267 0.9875 0 0 0 374115 374115 4419 
963 395 1 4.5 395 40.9267 0.9875 0 0 0 374593 374593 4425 
964 395 1 4.5 395 40.9267 0.9875 0 0 0 375487 375487 4426 
965 395 1 4.5 395 40.9267 0.9875 0 0 0 376303 376303 4431 
966 395 1 4.5 395 40.9267 0.9875 0 0 0 377062 377062 4435 
967 395 1 4.5 395 40.9267 0.9875 0 0 0 377828 377828 4443 
968 395 1 4.5 395 40.9267 0.9875 0 0 0 378511 378511 4445 
969 395 1 4.5 395 40.9267 0.9875 0 0 0 379321 379321 4451 
970 395 1 4.5 395 40.9267 0.9875 0 0 0 379942 379942 4453 
971 395 1 4.5 395 40.9267 0.9875 0 0 0 381086 381086 4457 
972 395 1 4.5 395 40.9267 0.9875 0 0 0 382153 382153 4461 
973 395 1 4.5 395 40.9267 0.9875 0 0 0 382925 382925 4465 
974 395 1 4.5 395 40.9267 0.9875 0 0 0 383662 383662 4472 
975 395 1 4.5 395 40.9267 0.9875 0 0 0 384842 384842 4478 
976 395 1 4.5 395 40.9267 0.9875 0 0 0 385485 385485 4479 
977 395 1 4.5 395 40.9267 0.9875 0 0 0 386132 386132 4483 
978 395 1 4.5 395 40.9267 0.9875 0 0 0 387418 387418 4489 
979 395 1 4.5 395 40.9267 0.9875 0 0 0 388005 388005 4491 
980 395 1 4.5 395 40.9267 0.9875 0 0 0 388603 388603 4499 
981 395 1 4.5 395 40.9267 0.9875 0 0 0 389348 389348 4505 
982 395 1 4.5 395 40.9267 0.9875 0 0 0 390077 390077 4508 
983 395 1 4.5 395 40.9267 0.9875 0 0 0 390714 390714 4510 
984 395 1 4.5 395 40.9267 0.9875 0 0 0 391385 391385 4519 
985 395 1 4.5 395 40.9267 0.9875 0 0 0 392125 392125 4523 
986 395 1 4.5 395 40.9267 0.9875 0 0 0 392868 392868 4524 
987 395 1 4.5 395 40.9267 0.9875 0 0 0 393451 393451 4530 
988 395 1 4.5 395 40.9267 0.9875 0 0 0 394524 394524 4535 
989 395 1 4.5 395 40.9267 0.9875 0 0 0 395814 395814 4541 
990 395 1 4.5 395 40.9267 0.9875 0 0 0 396574 396574 4546 
991 395 1 4.5 395 40.9267 0.9875 0 0 0 397587 397587 4550 
992 395 1 4.5 395 40.9267 0.9875 0 0 0 399382 399382 4558 
993 395 1 4.5 395 40.9267 0.9875 0 0 0 400536 400536 4560 
994 395 1 4.5 395 40.9267 0.9875 0 0 0 401186 401186 4565 
995 395 1 4.5 395 40.9267 0.9875 0 0 0 401934 401934 4567 
996 395 1 4.5 395 40.9267 0.9875 0 0 0 402603 402603 4574 
997 395 1 4.5 395 40.9267 0.9875 0 0 0 403598 403598 4580 
998 395 1 4.5 395 40.9267 0.9875 0 0 0 404286 404286 4586 
999 395 1 4.5 395 40.9267 0.9875 0 0 0 404770 404770 4591 
1000 395 1 4.5 395 40.9267 0.9875 0 0 0 406646 406646 4602 
1001 398 1 4.5 398 45.5194 0.995 0 0 0 407692 407692 4610 
1002 398 1 4.5 398 45.5194 0.995 0 0 0 409669 409669 4620 
1003 398 1 4.5 398 42.8767 0.995 0 0 0 410251 410251 4624 
1004 398 1 4.5 398 42.8767 0.995 0 0 0 410805 410805 4627 
1005 398 1 4.5 398 42.8767 0.995 0 0 0 411512 411512 4633 
1006 398 1 4.5 398 42.8767 0.995 0 0 0 412215 412215 4635 
1007 398 1 4.5 398 42.8767 0.995 0 0 0 413127 413127 4641 
1008 398 1 4.5 398 42.8767 0.995 0 0 0 413738 413738 4650 
1009 398 1 4.5 398 42.8767 0.995 0 0 0 414561 414561 4654 
1010 398 1 4.5 398 42.8767 0.995 0 0 0 415433 415433 4657 
1011 398 1 4.5 398 42.8767 0.995 0 0 0 416435 416435 4660 
