1 105 0.01 2.475 105 0 0.2625 0 0 0 0 0 0 
95 178 0.615104 0.96224 167 4.19216 0.4175 0 0 0 8 8 106 
144 231 0.764783 0.588041 214 4.08223 0.535 0 0 0 30 30 165 
187 253 0.84732 0.381699 232 5.60356 0.58 0 0 0 89 89 222 
210 266 0.878831 0.302922 236 5.45078 0.59 0 0 0 218 218 253 
218 266 0.888192 0.27952 240 5.67463 0.6 0 0 0 438 438 270 
230 277 0.900895 0.247762 251 5.63618 0.6275 0 0 0 649 649 292 
236 277 0.906695 0.233263 254 5.64891 0.635 0 0 0 1012 1012 305 
245 283 0.914764 0.21309 260 5.52522 0.65 0 0 0 1311 1311 322 
250 283 0.918941 0.202646 261 5.93226 0.6525 0 0 0 1745 1745 333 
251 284 0.919752 0.20062 262 6.08023 0.655 0 0 0 2247 2247 339 
255 284 0.922914 0.192714 263 5.92713 0.6575 0 0 0 3029 3029 351 
260 284 0.926692 0.18327 264 5.76031 0.66 0 0 0 3858 3858 358 
264 284 0.929581 0.176048 265 5.849 0.6625 0 0 0 4586 4586 368 
270 284 0.933702 0.165746 266 5.96779 0.665 0 0 0 5731 5731 380 
275 284 0.936951 0.157623 269 6.10789 0.6725 0 0 0 7333 7333 390 
280 287 0.940041 0.149897 276 6.23231 0.69 0 0 0 9175 9175 402 
281 295 0.940641 0.148398 279 5.69355 0.6975 0 0 0 10578 10578 411 
288 298 0.944673 0.138317 283 6.15978 0.7075 0 0 0 15217 15217 420 
290 300 0.945774 0.135565 285 5.6715 0.7125 0 0 0 18103 18103 426 
298 304 0.949963 0.125091 294 6.98285 0.735 0 0 0 32786 32786 444 
331 305 0.964087 0.089782 295 7.0996 0.7375 0 0 0 97356 97356 488 
341 305 0.967521 0.0811972 296 7.57109 0.74 0 0 0 238606 238606 504 
348 306 0.969728 0.0756811 298 7.57637 0.745 0 0 0 472334 472334 519 
358 312 0.972622 0.0684446 304 9.27701 0.76 0 0 0 958762 958762 544 
365 312 0.974482 0.0637949 305 11.3671 0.7625 0 0 0 1358776 1358776 562 
