1 105 1 9.9 105 0 0.2625 0 0 0 0 0 0 
2 108 1 9.801 108 0.1 0.27 0 0 0 0 0 1 
3 110 1 9.70299 110 0.195919 0.275 0 0 0 0 0 3 
4 112 1 9.60596 112 0.295919 0.28 0 0 0 0 0 4 
5 114 1 9.5099 114 0.395919 0.285 0 0 0 0 0 5 
6 115 1 9.4148 115 0.488365 0.2875 0 0 0 0 0 7 
7 115 1 9.32065 115 0.488365 0.2875 0 0 0 0 0 8 
8 122 1 9.22745 122 0.62186 0.305 0 0 0 0 0 10 
9 122 1 9.13517 122 0.62186 0.305 0 0 0 0 0 11 
10 122 1 9.04382 122 0.62186 0.305 0 0 0 0 0 12 
11 131 1 8.95338 131 0.72186 0.3275 0 0 0 0 0 13 
12 131 1 8.86385 131 0.72186 0.3275 0 0 0 0 0 14 
13 132 1 8.77521 132 1.03084 0.33 0 0 0 0 0 16 
14 133 1 8.68746 133 1.15732 0.3325 0 0 0 0 0 19 
15 141 1 8.60058 141 1.25557 0.3525 0 0 0 0 0 22 
16 141 1 8.51458 141 1.25557 0.3525 0 0 0 0 0 23 
17 142 1 8.42943 142 1.40416 0.355 0 0 0 0 0 25 
18 143 1 8.34514 143 1.50416 0.3575 0 0 0 0 0 26 
19 145 1 8.26169 145 1.65811 0.3625 0 0 0 0 0 28 
20 145 1 8.17907 145 1.65811 0.3625 0 0 0 0 0 29 
21 145 1 8.09728 145 1.65811 0.3625 0 0 0 0 0 30 
22 145 1 8.0163 145 1.65811 0.3625 0 0 0 0 0 31 
23 146 1 7.93614 146 1.7409 0.365 0 0 0 0 0 33 
24 146 1 7.85678 146 1.7409 0.365 0 0 0 0 0 34 
25 147 1 7.77821 147 2.02836 0.3675 0 0 0 0 0 36 
26 148 1 7.70043 148 2.08592 0.37 0 0 0 0 0 38 
27 148 1 7.62343 148 2.08592 0.37 0 0 0 1 1 42 
28 148 1 7.54719 148 2.08592 0.37 0 0 0 2 2 43 
29 148 1 7.47172 148 2.08592 0.37 0 0 0 3 3 44 
30 150 1 7.397 150 2.51612 0.375 0 0 0 4 4 46 
31 150 1 7.32303 150 2.51612 0.375 0 0 0 5 5 47 
32 150 1 7.2498 150 2.51612 0.375 0 0 0 6 6 48 
33 150 1 7.1773 150 2.51612 0.375 0 0 0 7 7 49 
34 150 1 7.10553 150 2.51612 0.375 0 0 0 8 8 50 
35 150 1 7.03448 150 2.51612 0.375 0 0 0 9 9 51 
36 150 1 6.96413 150 2.51612 0.375 0 0 0 10 10 52 
37 150 1 6.89449 150 2.51612 0.375 0 0 0 11 11 53 
38 150 1 6.82555 150 2.51612 0.375 0 0 0 12 12 54 
39 150 1 6.75729 150 2.51612 0.375 0 0 0 13 13 55 
40 150 1 6.68972 150 2.51612 0.375 0 0 0 14 14 56 
41 150 1 6.62282 150 2.51612 0.375 0 0 0 15 15 57 
42 150 1 6.55659 150 2.51612 0.375 0 0 0 16 16 58 
43 151 1 6.49102 151 3.0701 0.3775 0 0 0 17 17 60 
44 152 1 6.42611 152 3.12806 0.38 0 0 0 18 18 62 
45 152 1 6.36185 152 3.12806 0.38 0 0 0 19 19 63 
46 152 1 6.29823 152 3.12806 0.38 0 0 0 20 20 64 
47 152 1 6.23525 152 3.12806 0.38 0 0 0 21 21 65 
48 152 1 6.1729 152 3.12806 0.38 0 0 0 22 22 66 
49 152 1 6.11117 152 3.12806 0.38 0 0 0 23 23 67 
50 152 1 6.05006 152 3.12806 0.38 0 0 0 25 25 68 
51 152 1 5.98956 152 3.12806 0.38 0 0 0 26 26 69 
52 152 1 5.92966 152 3.12806 0.38 0 0 0 27 27 70 
53 152 1 5.87037 152 3.12806 0.38 0 0 0 28 28 71 
54 152 1 5.81166 152 3.12806 0.38 0 0 0 30 30 72 
55 159 1 5.75355 159 3.53263 0.3975 0 0 0 31 31 74 
56 159 1 5.69601 159 3.53263 0.3975 0 0 0 34 34 75 
57 165 1 5.63905 165 3.88679 0.4125 0 0 0 36 36 78 
58 165 1 5.58266 165 3.88679 0.4125 0 0 0 38 38 79 
59 165 1 5.52683 165 3.88679 0.4125 0 0 0 39 39 80 
60 165 1 5.47157 165 3.88679 0.4125 0 0 0 40 40 81 
61 165 1 5.41685 165 3.88679 0.4125 0 0 0 42 42 82 
62 166 1 5.36268 166 4.53395 0.415 0 0 0 44 44 85 
63 166 1 5.30905 166 4.53395 0.415 0 0 0 47 47 86 
64 166 1 5.25596 166 4.53395 0.415 0 0 0 49 49 87 
65 166 1 5.2034 166 4.53395 0.415 0 0 0 51 51 88 
66 166 1 5.15137 166 4.53395 0.415 0 0 0 53 53 89 
67 166 1 5.09986 166 4.53395 0.415 0 0 0 55 55 90 
68 166 1 5.04886 166 4.53395 0.415 0 0 0 57 57 91 
69 166 1 4.99837 166 4.53395 0.415 0 0 0 60 60 92 
70 166 1 4.94839 166 4.53395 0.415 0 0 0 62 62 95 
71 166 1 4.8989 166 4.53395 0.415 0 0 0 64 64 96 
72 166 1 4.84991 166 4.53395 0.415 0 0 0 66 66 97 
73 166 1 4.80141 166 4.53395 0.415 0 0 0 69 69 98 
74 166 1 4.7534 166 4.53395 0.415 0 0 0 71 71 99 
75 166 1 4.70587 166 4.53395 0.415 0 0 0 73 73 100 
76 166 1 4.65881 166 4.53395 0.415 0 0 0 75 75 101 
77 166 1 4.61222 166 4.53395 0.415 0 0 0 77 77 102 
78 166 1 4.5661 166 4.53395 0.415 0 0 0 79 79 103 
79 166 1 4.52044 166 4.53395 0.415 0 0 0 81 81 104 
80 166 1 4.47523 166 4.53395 0.415 0 0 0 83 83 105 
81 166 1 4.43048 166 4.53395 0.415 0 0 0 84 84 106 
82 166 1 4.38617 166 4.53395 0.415 0 0 0 86 86 107 
83 166 1 4.34231 166 4.53395 0.415 0 0 0 88 88 108 
84 166 1 4.29889 166 4.53395 0.415 0 0 0 90 90 109 
85 166 1 4.2559 166 4.53395 0.415 0 0 0 92 92 110 
86 166 1 4.21334 166 4.53395 0.415 0 0 0 94 94 111 
87 166 1 4.17121 166 4.53395 0.415 0 0 0 96 96 112 
88 166 1 4.1295 166 4.53395 0.415 0 0 0 99 99 115 
89 166 1 4.0882 166 4.53395 0.415 0 0 0 101 101 116 
90 166 1 4.04732 166 4.53395 0.415 0 0 0 103 103 117 
91 166 1 4.00685 166 4.53395 0.415 0 0 0 105 105 118 
92 166 1 3.96678 166 4.53395 0.415 0 0 0 107 107 119 
93 166 1 3.92711 166 4.53395 0.415 0 0 0 109 109 120 
94 166 1 3.88784 166 4.53395 0.415 0 0 0 111 111 121 
95 178 1 3.84896 178 5.95551 0.445 0 0 0 113 113 125 
96 181 1 3.81047 181 6.91491 0.4525 0 0 0 116 116 128 
97 182 1 3.77237 182 6.95297 0.455 0 0 0 119 119 130 
98 182 1 3.73464 182 6.95297 0.455 0 0 0 124 124 131 
99 182 1 3.6973 182 6.95297 0.455 0 0 0 127 127 132 
100 187 1 3.66032 187 7.50161 0.4675 0 0 0 130 130 135 
101 187 1 3.62372 187 7.50161 0.4675 0 0 0 133 133 136 
102 187 1 3.58748 187 7.50161 0.4675 0 0 0 136 136 137 
103 187 1 3.55161 187 7.50161 0.4675 0 0 0 140 140 138 
104 187 1 3.51609 187 7.50161 0.4675 0 0 0 143 143 139 
105 187 1 3.48093 187 7.50161 0.4675 0 0 0 146 146 142 
106 187 1 3.44612 187 7.50161 0.4675 0 0 0 149 149 143 
107 187 1 3.41166 187 7.50161 0.4675 0 0 0 153 153 148 
108 187 1 3.37754 187 7.50161 0.4675 0 0 0 157 157 152 
109 187 1 3.34377 187 7.50161 0.4675 0 0 0 162 162 153 
110 187 1 3.31033 187 7.50161 0.4675 0 0 0 166 166 158 
111 187 1 3.27723 187 7.21633 0.4675 0 0 0 170 170 161 
112 187 1 3.24445 187 7.21633 0.4675 0 0 0 174 174 164 
113 187 1 3.21201 187 6.52124 0.4675 0 0 0 178 178 165 
114 187 1 3.17989 187 6.52124 0.4675 0 0 0 181 181 166 
115 187 1 3.14809 187 6.52124 0.4675 0 0 0 184 184 167 
116 187 1 3.11661 187 6.52124 0.4675 0 0 0 187 187 168 
117 187 1 3.08544 187 6.52124 0.4675 0 0 0 190 190 169 
118 187 1 3.05459 187 6.52124 0.4675 0 0 0 194 194 170 
119 187 1 3.02404 187 6.52124 0.4675 0 0 0 197 197 171 
120 193 1 2.9938 193 7.06435 0.4825 0 0 0 200 200 177 
121 193 1 2.96387 193 7.06435 0.4825 0 0 0 203 203 178 
122 193 1 2.93423 193 7.06435 0.4825 0 0 0 206 206 179 
123 196 1 2.90488 196 9.2544 0.49 0 0 0 211 211 183 
124 196 1 2.87584 196 9.2544 0.49 0 0 0 217 217 184 
125 196 1 2.84708 196 9.2544 0.49 0 0 0 222 222 185 
126 196 1 2.81861 196 9.2544 0.49 0 0 0 228 228 186 
127 196 1 2.79042 196 9.2544 0.49 0 0 0 237 237 193 
128 211 1 2.76252 211 11.0003 0.5275 0 0 0 248 248 199 
129 211 1 2.73489 211 10.6515 0.5275 0 0 0 258 258 204 
130 211 1 2.70754 211 10.6515 0.5275 0 0 0 268 268 205 
131 211 1 2.68047 211 10.6515 0.5275 0 0 0 279 279 208 
132 211 1 2.65366 211 10.6515 0.5275 0 0 0 290 290 214 
133 211 1 2.62713 211 10.6515 0.5275 0 0 0 302 302 216 
134 211 1 2.60085 211 10.6515 0.5275 0 0 0 314 314 217 
135 211 1 2.57485 211 10.6515 0.5275 0 0 0 328 328 219 
136 211 1 2.5491 211 10.6515 0.5275 0 0 0 339 339 220 
137 211 1 2.52361 211 10.6515 0.5275 0 0 0 350 350 221 
138 211 1 2.49837 211 10.6515 0.5275 0 0 0 360 360 224 
139 211 1 2.47339 211 10.6515 0.5275 0 0 0 371 371 225 
140 211 1 2.44865 211 10.6515 0.5275 0 0 0 383 383 226 
141 211 1 2.42417 211 10.6515 0.5275 0 0 0 394 394 227 
142 213 1 2.39992 213 11.2031 0.5325 0 0 0 404 404 238 
143 213 1 2.37592 213 10.9 0.5325 0 0 0 412 412 240 
144 231 1 2.35217 231 10.8911 0.5775 0 0 0 422 422 242 
145 232 1 2.32864 232 10.9103 0.58 0 0 0 431 431 248 
146 232 1 2.30536 232 10.9103 0.58 0 0 0 441 441 250 
147 232 1 2.2823 232 10.9103 0.58 0 0 0 450 450 251 
148 232 1 2.25948 232 10.7978 0.58 0 0 0 460 460 254 
149 232 1 2.23689 232 10.6835 0.58 0 0 0 470 470 257 
150 232 1 2.21452 232 10.6069 0.58 0 0 0 480 480 260 
151 232 1 2.19237 232 9.83661 0.58 0 0 0 492 492 265 
152 232 1 2.17045 232 9.83661 0.58 0 0 0 503 503 266 
153 232 1 2.14874 232 9.83661 0.58 0 0 0 514 514 267 
154 233 1 2.12726 233 10.6695 0.5825 0 0 0 528 528 272 
155 233 1 2.10598 233 10.6695 0.5825 0 0 0 542 542 273 
156 233 1 2.08492 233 10.6695 0.5825 0 0 0 556 556 274 
157 233 1 2.06407 233 10.6695 0.5825 0 0 0 571 571 275 
158 233 1 2.04343 233 9.91282 0.5825 0 0 0 588 588 277 
159 233 1 2.023 233 9.91282 0.5825 0 0 0 604 604 278 
160 233 1 2.00277 233 9.91282 0.5825 0 0 0 618 618 280 
161 233 1 1.98274 233 9.91282 0.5825 0 0 0 629 629 281 
162 233 1 1.96291 233 9.91282 0.5825 0 0 0 643 643 287 
163 233 1 1.94329 233 9.78786 0.5825 0 0 0 657 657 289 
164 233 1 1.92385 233 9.78786 0.5825 0 0 0 672 672 292 
165 233 1 1.90461 233 9.78786 0.5825 0 0 0 685 685 293 
166 233 1 1.88557 233 9.78786 0.5825 0 0 0 701 701 294 
167 233 1 1.86671 233 9.78786 0.5825 0 0 0 715 715 296 
168 233 1 1.84804 233 9.78786 0.5825 0 0 0 731 731 300 
169 233 1 1.82956 233 9.78786 0.5825 0 0 0 749 749 301 
170 233 1 1.81127 233 9.78786 0.5825 0 0 0 763 763 302 
171 236 1 1.79316 236 12.6234 0.59 0 0 0 808 808 312 
172 236 1 1.77522 236 12.4264 0.59 0 0 0 852 852 314 
173 237 1 1.75747 237 10.0513 0.5925 0 0 0 870 870 318 
174 237 1 1.7399 237 10.0513 0.5925 0 0 0 886 886 321 
175 237 1 1.7225 237 10.0178 0.5925 0 0 0 903 903 323 
176 237 1 1.70527 237 10.0178 0.5925 0 0 0 921 921 327 
177 237 1 1.68822 237 10.0178 0.5925 0 0 0 938 938 328 
178 237 1 1.67134 237 10.0178 0.5925 0 0 0 955 955 329 
179 237 1 1.65463 237 7.68151 0.5925 0 0 0 971 971 331 
180 243 1 1.63808 243 8.05474 0.6075 0 0 0 994 994 335 
181 245 1 1.6217 245 9.11418 0.6125 0 0 0 1029 1029 345 
182 245 1 1.60548 245 8.0259 0.6125 0 0 0 1056 1056 347 
183 253 1 1.58943 253 8.27886 0.6325 0 0 0 1097 1097 353 
184 253 1 1.57353 253 8.27886 0.6325 0 0 0 1137 1137 356 
185 253 1 1.5578 253 8.27886 0.6325 0 0 0 1180 1180 362 
186 253 1 1.54222 253 8.27886 0.6325 0 0 0 1239 1239 365 
187 253 1 1.5268 253 8.27886 0.6325 0 0 0 1287 1287 372 
188 253 1 1.51153 253 8.27886 0.6325 0 0 0 1339 1339 376 
189 253 1 1.49641 253 8.27886 0.6325 0 0 0 1390 1390 379 
190 253 1 1.48145 253 8.27886 0.6325 0 0 0 1442 1442 383 
191 253 1 1.46663 253 8.27886 0.6325 0 0 0 1496 1496 386 
192 253 1 1.45197 253 8.23605 0.6325 0 0 0 1568 1568 388 
193 253 1 1.43745 253 8.23605 0.6325 0 0 0 1638 1638 393 
194 253 1 1.42307 253 8.23605 0.6325 0 0 0 1705 1705 395 
195 253 1 1.40884 253 8.23605 0.6325 0 0 0 1772 1772 397 
196 259 1 1.39476 259 8.59558 0.6475 0 0 0 1839 1839 399 
197 259 1 1.38081 259 8.59558 0.6475 0 0 0 1916 1916 402 
198 259 1 1.367 259 8.59558 0.6475 0 0 0 1991 1991 407 
199 259 1 1.35333 259 8.3851 0.6475 0 0 0 2068 2068 409 
200 259 1 1.3398 259 8.32926 0.6475 0 0 0 2139 2139 410 
201 259 1 1.3264 259 8.32926 0.6475 0 0 0 2194 2194 411 
202 259 1 1.31313 259 8.32926 0.6475 0 0 0 2283 2283 414 
203 259 1 1.3 259 8.08284 0.6475 0 0 0 2348 2348 415 
204 259 1 1.287 259 8.08284 0.6475 0 0 0 2461 2461 416 
205 259 1 1.27413 259 8.08284 0.6475 0 0 0 2596 2596 420 
206 260 1 1.26139 260 8.53939 0.65 0 0 0 2719 2719 423 
207 260 1 1.24878 260 8.53939 0.65 0 0 0 2826 2826 426 
208 260 1 1.23629 260 8.53939 0.65 0 0 0 2985 2985 429 
209 260 1 1.22393 260 8.38705 0.65 0 0 0 3112 3112 432 
210 266 1 1.21169 266 8.85248 0.665 0 0 0 3213 3213 434 
211 266 1 1.19957 266 8.39896 0.665 0 0 0 3326 3326 438 
212 266 1 1.18757 266 8.39896 0.665 0 0 0 3454 3454 441 
213 266 1 1.1757 266 8.39896 0.665 0 0 0 3560 3560 443 
214 266 1 1.16394 266 8.39896 0.665 0 0 0 3692 3692 446 
215 266 1 1.1523 266 8.39896 0.665 0 0 0 3886 3886 449 
216 266 1 1.14078 266 8.39896 0.665 0 0 0 4114 4114 451 
217 266 1 1.12937 266 8.39896 0.665 0 0 0 4304 4304 456 
218 266 1 1.11808 266 8.39896 0.665 0 0 0 4459 4459 458 
219 266 1 1.1069 266 8.39896 0.665 0 0 0 4589 4589 462 
220 266 1 1.09583 266 8.39896 0.665 0 0 0 4736 4736 464 
221 266 1 1.08487 266 8.39896 0.665 0 0 0 4830 4830 467 
222 266 1 1.07402 266 8.39896 0.665 0 0 0 4943 4943 469 
223 266 1 1.06328 266 8.39896 0.665 0 0 0 5090 5090 472 
224 266 1 1.05265 266 8.37616 0.665 0 0 0 5273 5273 475 
225 266 1 1.04212 266 8.37616 0.665 0 0 0 5525 5525 483 
226 266 1 1.0317 266 8.37616 0.665 0 0 0 5760 5760 486 
227 266 1 1.02138 266 8.37616 0.665 0 0 0 5957 5957 488 
228 266 1 1.01117 266 8.37616 0.665 0 0 0 6159 6159 491 
229 266 1 1.00106 266 8.37616 0.665 0 0 0 6374 6374 493 
230 277 1 0.991048 277 8.45476 0.6925 0 0 0 6567 6567 495 
231 277 1 0.981137 277 8.45476 0.6925 0 0 0 6812 6812 496 
232 277 1 0.971326 277 8.45476 0.6925 0 0 0 7043 7043 497 
233 277 1 0.961612 277 8.45476 0.6925 0 0 0 7375 7375 501 
234 277 1 0.951996 277 8.45476 0.6925 0 0 0 7680 7680 502 
235 277 1 0.942476 277 8.45476 0.6925 0 0 0 7973 7973 506 
236 277 1 0.933052 277 8.26401 0.6925 0 0 0 8291 8291 508 
237 277 1 0.923721 277 8.26401 0.6925 0 0 0 8634 8634 510 
238 277 1 0.914484 277 8.26401 0.6925 0 0 0 9044 9044 514 
239 277 1 0.905339 277 8.09198 0.6925 0 0 0 9397 9397 516 
240 277 1 0.896286 277 8.09198 0.6925 0 0 0 9785 9785 517 
241 277 1 0.887323 277 8.09198 0.6925 0 0 0 10191 10191 518 
242 277 1 0.87845 277 8.06274 0.6925 0 0 0 10515 10515 521 
243 277 1 0.869665 277 7.94855 0.6925 0 0 0 10882 10882 522 
244 277 1 0.860968 277 7.94855 0.6925 0 0 0 11221 11221 523 
245 283 1 0.852359 283 8.3317 0.7075 0 0 0 11466 11466 526 
246 283 1 0.843835 283 8.21237 0.7075 0 0 0 11670 11670 527 
247 283 1 0.835397 283 8.17552 0.7075 0 0 0 11859 11859 530 
248 283 1 0.827043 283 8.13764 0.7075 0 0 0 12032 12032 532 
249 283 1 0.818772 283 7.82459 0.7075 0 0 0 12251 12251 535 
250 283 1 0.810585 283 7.82459 0.7075 0 0 0 12581 12581 536 
251 284 1 0.802479 284 11.4624 0.71 0 0 0 13295 13295 542 
252 284 1 0.794454 284 11.4624 0.71 0 0 0 13793 13793 546 
253 284 1 0.786509 284 11.187 0.71 0 0 0 14129 14129 547 
254 284 1 0.778644 284 11.187 0.71 0 0 0 14757 14757 550 
255 284 1 0.770858 284 11.187 0.71 0 0 0 15272 15272 551 
256 284 1 0.763149 284 11.187 0.71 0 0 0 15843 15843 554 
257 284 1 0.755518 284 11.1786 0.71 0 0 0 16400 16400 555 
258 284 1 0.747963 284 11.1786 0.71 0 0 0 17666 17666 556 
259 284 1 0.740483 284 11.1786 0.71 0 0 0 18356 18356 559 
260 284 1 0.733078 284 11.1786 0.71 0 0 0 19016 19016 560 
261 284 1 0.725748 284 11.1786 0.71 0 0 0 19800 19800 562 
262 284 1 0.71849 284 11.1786 0.71 0 0 0 20497 20497 563 
263 284 1 0.711305 284 11.1786 0.71 0 0 0 21376 21376 565 
264 284 1 0.704192 284 11.1786 0.71 0 0 0 22213 22213 566 
265 284 1 0.69715 284 11.1786 0.71 0 0 0 23297 23297 571 
266 284 1 0.690179 284 11.1786 0.71 0 0 0 24191 24191 572 
267 284 1 0.683277 284 11.1786 0.71 0 0 0 25220 25220 573 
268 284 1 0.676444 284 11.1786 0.71 0 0 0 26163 26163 574 
269 284 1 0.66968 284 11.1271 0.71 0 0 0 27345 27345 575 
270 284 1 0.662983 284 11.112 0.71 0 0 0 28634 28634 576 
271 284 1 0.656353 284 11.112 0.71 0 0 0 30301 30301 578 
272 284 1 0.64979 284 11.0987 0.71 0 0 0 31545 31545 579 
273 284 1 0.643292 284 11.0987 0.71 0 0 0 33132 33132 580 
274 284 1 0.636859 284 11.0642 0.71 0 0 0 34640 34640 581 
275 284 1 0.63049 284 11.0642 0.71 0 0 0 46146 46146 583 
276 284 1 0.624185 284 11.0642 0.71 0 0 0 61057 61057 593 
277 284 1 0.617943 284 11.0642 0.71 0 0 0 71313 71313 595 
278 284 1 0.611764 284 11.0642 0.71 0 0 0 78415 78415 598 
279 284 1 0.605646 284 11.0642 0.71 0 0 0 90072 90072 603 
280 287 1 0.59959 287 12.1529 0.7175 0 0 0 102310 102310 609 
281 295 1 0.593594 295 11.2493 0.7375 0 0 0 119434 119434 612 
282 295 1 0.587658 295 11.2493 0.7375 0 0 0 131249 131249 613 
283 295 1 0.581781 295 11.2493 0.7375 0 0 0 145825 145825 616 
284 295 1 0.575963 295 11.2493 0.7375 0 0 0 161205 161205 617 
285 295 1 0.570204 295 11.2493 0.7375 0 0 0 180431 180431 619 
286 295 1 0.564502 295 11.1369 0.7375 0 0 0 192267 192267 622 
287 295 1 0.558857 295 11.1347 0.7375 0 0 0 204557 204557 623 
288 298 1 0.553268 298 10.8837 0.745 0 0 0 242319 242319 626 
289 298 1 0.547736 298 10.45 0.745 0 0 0 264304 264304 628 
290 300 1 0.542258 300 10.5574 0.75 0 0 0 296218 296218 630 
291 300 1 0.536836 300 10.5574 0.75 0 0 0 332988 332988 633 
292 300 1 0.531467 300 10.5574 0.75 0 0 0 397888 397888 638 
293 300 1 0.526153 300 10.5574 0.75 0 0 0 449115 449115 639 
294 300 1 0.520891 300 10.5574 0.75 0 0 0 501881 501881 640 
295 300 1 0.515682 300 10.5574 0.75 0 0 0 562234 562234 641 
296 300 1 0.510525 300 10.5574 0.75 0 0 0 621293 621293 642 
297 300 1 0.50542 300 10.5574 0.75 0 0 0 713586 713586 643 
298 304 1 0.500366 304 14.2801 0.76 0 0 0 809134 809134 653 
299 304 1 0.495362 304 14.2801 0.76 0 0 0 870995 870995 657 
300 304 1 0.490409 304 14.2801 0.76 0 0 0 945990 945990 663 
301 304 1 0.485504 304 14.2801 0.76 0 0 0 1037839 1037839 667 
302 304 1 0.480649 304 14.2801 0.76 0 0 0 1157396 1157396 673 
303 304 1 0.475843 304 14.2801 0.76 0 0 0 1258935 1258935 678 
304 304 1 0.471085 304 14.2801 0.76 0 0 0 1337260 1337260 682 
305 304 1 0.466374 304 14.2801 0.76 0 0 0 1494858 1494858 688 
306 304 1 0.46171 304 14.2801 0.76 0 0 0 1715942 1715942 691 
