1 105 1 6 105 0 0.2625 0 0 0 0 0 0 
2 108 1 6 108 0.1 0.27 0 0 0 0 0 1 
3 110 1 6 110 0.195919 0.275 0 0 0 0 0 3 
4 112 1 6 112 0.295919 0.28 0 0 0 0 0 4 
5 114 1 6 114 0.395919 0.285 0 0 0 0 0 5 
6 115 1 6 115 0.488365 0.2875 0 0 0 0 0 7 
7 115 1 6 115 0.488365 0.2875 0 0 0 0 0 8 
8 122 1 6 122 0.62186 0.305 0 0 0 0 0 10 
9 122 1 6 122 0.62186 0.305 0 0 0 0 0 11 
10 122 1 6 122 0.62186 0.305 0 0 0 0 0 12 
11 131 1 6 131 0.72186 0.3275 0 0 0 0 0 13 
12 131 1 6 131 0.72186 0.3275 0 0 0 0 0 14 
13 132 1 6 132 1.03084 0.33 0 0 0 0 0 16 
14 133 1 6 133 1.15732 0.3325 0 0 0 0 0 19 
15 141 1 6 141 1.25557 0.3525 0 0 0 0 0 22 
16 141 1 6 141 1.25557 0.3525 0 0 0 0 0 23 
17 142 1 6 142 1.40416 0.355 0 0 0 0 0 25 
18 143 1 6 143 1.50416 0.3575 0 0 0 0 0 26 
19 145 1 6 145 1.65811 0.3625 0 0 0 0 0 28 
20 145 1 6 145 1.65811 0.3625 0 0 0 0 0 29 
21 145 1 6 145 1.65811 0.3625 0 0 0 0 0 30 
22 145 1 6 145 1.65811 0.3625 0 0 0 0 0 31 
23 146 1 6 146 1.7409 0.365 0 0 0 0 0 33 
24 146 1 6 146 1.7409 0.365 0 0 0 0 0 34 
25 147 1 6 147 2.02836 0.3675 0 0 0 0 0 36 
26 148 1 6 148 2.08592 0.37 0 0 0 0 0 38 
27 148 1 6 148 2.08592 0.37 0 0 0 0 0 42 
28 148 1 6 148 2.08592 0.37 0 0 0 0 0 43 
29 148 1 6 148 2.08592 0.37 0 0 0 0 0 44 
30 150 1 6 150 2.51612 0.375 0 0 0 1 1 46 
31 150 1 6 150 2.51612 0.375 0 0 0 2 2 47 
32 150 1 6 150 2.51612 0.375 0 0 0 3 3 48 
33 150 1 6 150 2.51612 0.375 0 0 0 4 4 49 
34 150 1 6 150 2.51612 0.375 0 0 0 5 5 50 
35 150 1 6 150 2.51612 0.375 0 0 0 6 6 51 
36 150 1 6 150 2.51612 0.375 0 0 0 7 7 52 
37 150 1 6 150 2.51612 0.375 0 0 0 8 8 53 
38 150 1 6 150 2.51612 0.375 0 0 0 9 9 54 
39 150 1 6 150 2.51612 0.375 0 0 0 10 10 55 
40 150 1 6 150 2.51612 0.375 0 0 0 11 11 56 
41 150 1 6 150 2.51612 0.375 0 0 0 12 12 57 
42 150 1 6 150 2.51612 0.375 0 0 0 13 13 58 
43 151 1 6 151 3.0701 0.3775 0 0 0 14 14 60 
44 152 1 6 152 3.12806 0.38 0 0 0 15 15 62 
45 152 1 6 152 3.12806 0.38 0 0 0 16 16 63 
46 152 1 6 152 3.12806 0.38 0 0 0 17 17 64 
47 152 1 6 152 3.12806 0.38 0 0 0 18 18 65 
48 152 1 6 152 3.12806 0.38 0 0 0 19 19 66 
49 152 1 6 152 3.12806 0.38 0 0 0 20 20 67 
50 152 1 6 152 3.12806 0.38 0 0 0 22 22 68 
51 152 1 6 152 3.12806 0.38 0 0 0 23 23 69 
52 152 1 6 152 3.12806 0.38 0 0 0 24 24 70 
53 152 1 6 152 3.12806 0.38 0 0 0 25 25 71 
54 152 1 6 152 3.12806 0.38 0 0 0 26 26 72 
55 159 1 6 159 3.53263 0.3975 0 0 0 27 27 74 
56 159 1 6 159 3.53263 0.3975 0 0 0 28 28 75 
57 165 1 6 165 3.88679 0.4125 0 0 0 30 30 78 
58 165 1 6 165 3.88679 0.4125 0 0 0 32 32 79 
59 165 1 6 165 3.88679 0.4125 0 0 0 34 34 80 
60 165 1 6 165 3.88679 0.4125 0 0 0 36 36 81 
61 165 1 6 165 3.88679 0.4125 0 0 0 38 38 82 
62 166 1 6 166 4.53395 0.415 0 0 0 40 40 85 
63 166 1 6 166 4.53395 0.415 0 0 0 42 42 86 
64 166 1 6 166 4.53395 0.415 0 0 0 44 44 87 
65 166 1 6 166 4.53395 0.415 0 0 0 46 46 88 
66 166 1 6 166 4.53395 0.415 0 0 0 48 48 89 
67 166 1 6 166 4.53395 0.415 0 0 0 50 50 90 
68 166 1 6 166 4.53395 0.415 0 0 0 53 53 91 
69 166 1 6 166 4.53395 0.415 0 0 0 55 55 92 
70 166 1 6 166 4.53395 0.415 0 0 0 57 57 95 
71 166 1 6 166 4.53395 0.415 0 0 0 59 59 96 
72 166 1 6 166 4.53395 0.415 0 0 0 61 61 97 
73 166 1 6 166 4.53395 0.415 0 0 0 63 63 98 
74 166 1 6 166 4.53395 0.415 0 0 0 65 65 99 
75 166 1 6 166 4.53395 0.415 0 0 0 67 67 100 
76 166 1 6 166 4.53395 0.415 0 0 0 69 69 101 
77 166 1 6 166 4.53395 0.415 0 0 0 71 71 102 
78 166 1 6 166 4.53395 0.415 0 0 0 73 73 103 
79 166 1 6 166 4.53395 0.415 0 0 0 75 75 104 
80 166 1 6 166 4.53395 0.415 0 0 0 77 77 105 
81 166 1 6 166 4.53395 0.415 0 0 0 80 80 106 
82 166 1 6 166 4.53395 0.415 0 0 0 82 82 107 
83 166 1 6 166 4.53395 0.415 0 0 0 85 85 108 
84 166 1 6 166 4.53395 0.415 0 0 0 87 87 109 
85 166 1 6 166 4.53395 0.415 0 0 0 90 90 110 
86 166 1 6 166 4.53395 0.415 0 0 0 92 92 111 
87 166 1 6 166 4.53395 0.415 0 0 0 94 94 112 
88 166 1 6 166 4.53395 0.415 0 0 0 96 96 115 
89 166 1 6 166 4.53395 0.415 0 0 0 98 98 116 
90 166 1 6 166 4.53395 0.415 0 0 0 102 102 117 
91 166 1 6 166 4.53395 0.415 0 0 0 105 105 118 
92 166 1 6 166 4.53395 0.415 0 0 0 107 107 119 
93 166 1 6 166 4.53395 0.415 0 0 0 110 110 120 
94 166 1 6 166 4.53395 0.415 0 0 0 112 112 121 
95 178 1 6 178 5.95551 0.445 0 0 0 115 115 125 
96 181 1 6 181 6.91491 0.4525 0 0 0 119 119 128 
97 182 1 6 182 6.95297 0.455 0 0 0 123 123 130 
98 182 1 6 182 6.95297 0.455 0 0 0 127 127 131 
99 182 1 6 182 6.95297 0.455 0 0 0 131 131 132 
100 187 1 6 187 7.50161 0.4675 0 0 0 135 135 135 
101 187 1 6 187 7.50161 0.4675 0 0 0 139 139 136 
102 187 1 6 187 7.50161 0.4675 0 0 0 143 143 137 
103 187 1 6 187 7.50161 0.4675 0 0 0 147 147 138 
104 187 1 6 187 7.50161 0.4675 0 0 0 151 151 139 
105 187 1 6 187 7.50161 0.4675 0 0 0 155 155 140 
106 187 1 6 187 7.50161 0.4675 0 0 0 159 159 141 
107 187 1 6 187 7.50161 0.4675 0 0 0 163 163 142 
108 187 1 6 187 7.50161 0.4675 0 0 0 167 167 143 
109 187 1 6 187 7.50161 0.4675 0 0 0 171 171 144 
110 187 1 6 187 7.50161 0.4675 0 0 0 175 175 145 
111 187 1 6 187 7.50161 0.4675 0 0 0 179 179 146 
112 187 1 6 187 7.50161 0.4675 0 0 0 183 183 147 
113 187 1 6 187 7.50161 0.4675 0 0 0 187 187 148 
114 187 1 6 187 7.50161 0.4675 0 0 0 191 191 149 
115 187 1 6 187 7.50161 0.4675 0 0 0 195 195 150 
116 187 1 6 187 7.50161 0.4675 0 0 0 200 200 151 
117 187 1 6 187 7.50161 0.4675 0 0 0 204 204 152 
118 187 1 6 187 7.50161 0.4675 0 0 0 208 208 153 
119 187 1 6 187 7.50161 0.4675 0 0 0 212 212 154 
120 193 1 6 193 7.82983 0.4825 0 0 0 216 216 160 
121 193 1 6 193 7.82983 0.4825 0 0 0 220 220 161 
122 193 1 6 193 7.82983 0.4825 0 0 0 224 224 162 
123 196 1 6 196 10.0199 0.49 0 0 0 231 231 166 
124 196 1 6 196 10.0199 0.49 0 0 0 238 238 167 
125 196 1 6 196 10.0199 0.49 0 0 0 245 245 168 
126 196 1 6 196 10.0199 0.49 0 0 0 252 252 169 
127 196 1 6 196 10.0199 0.49 0 0 0 262 262 175 
128 211 1 6 211 11.6161 0.5275 0 0 0 271 271 182 
129 211 1 6 211 11.6161 0.5275 0 0 0 281 281 183 
130 211 1 6 211 11.6161 0.5275 0 0 0 291 291 184 
131 211 1 6 211 11.6161 0.5275 0 0 0 301 301 185 
132 211 1 6 211 11.6161 0.5275 0 0 0 311 311 186 
133 211 1 6 211 11.6161 0.5275 0 0 0 320 320 187 
134 211 1 6 211 11.6161 0.5275 0 0 0 330 330 188 
135 211 1 6 211 11.6161 0.5275 0 0 0 340 340 189 
136 211 1 6 211 11.6161 0.5275 0 0 0 350 350 190 
137 211 1 6 211 11.6161 0.5275 0 0 0 360 360 191 
138 211 1 6 211 11.6161 0.5275 0 0 0 370 370 192 
139 211 1 6 211 11.6161 0.5275 0 0 0 381 381 193 
140 211 1 6 211 11.6161 0.5275 0 0 0 391 391 194 
141 211 1 6 211 11.6161 0.5275 0 0 0 402 402 195 
142 213 1 6 213 11.952 0.5325 0 0 0 409 409 202 
143 213 1 6 213 11.952 0.5325 0 0 0 417 417 203 
144 231 1 6 231 12.2506 0.5775 0 0 0 424 424 209 
145 232 1 6 232 12.2752 0.58 0 0 0 432 432 213 
146 232 1 6 232 12.2752 0.58 0 0 0 439 439 214 
147 232 1 6 232 12.2752 0.58 0 0 0 447 447 215 
148 232 1 6 232 12.2752 0.58 0 0 0 455 455 216 
149 232 1 6 232 12.2752 0.58 0 0 0 464 464 217 
150 232 1 6 232 12.1986 0.58 0 0 0 472 472 220 
151 232 1 6 232 12.1986 0.58 0 0 0 480 480 221 
152 232 1 6 232 12.1986 0.58 0 0 0 488 488 222 
153 232 1 6 232 12.1986 0.58 0 0 0 496 496 223 
154 233 1 6 233 13.1081 0.5825 0 0 0 508 508 228 
155 233 1 6 233 13.1081 0.5825 0 0 0 521 521 229 
156 233 1 6 233 13.1081 0.5825 0 0 0 533 533 230 
157 233 1 6 233 13.1081 0.5825 0 0 0 548 548 231 
158 233 1 6 233 13.1081 0.5825 0 0 0 560 560 232 
159 233 1 6 233 13.1081 0.5825 0 0 0 573 573 233 
160 233 1 6 233 13.1081 0.5825 0 0 0 588 588 234 
161 233 1 6 233 13.1081 0.5825 0 0 0 600 600 235 
162 233 1 6 233 13.1081 0.5825 0 0 0 612 612 236 
163 233 1 6 233 13.1081 0.5825 0 0 0 626 626 237 
164 233 1 6 233 13.1081 0.5825 0 0 0 638 638 238 
165 233 1 6 233 13.1081 0.5825 0 0 0 651 651 239 
166 233 1 6 233 13.1081 0.5825 0 0 0 666 666 240 
167 233 1 6 233 13.1081 0.5825 0 0 0 679 679 241 
168 233 1 6 233 13.1081 0.5825 0 0 0 692 692 242 
169 233 1 6 233 13.1081 0.5825 0 0 0 704 704 243 
170 233 1 6 233 13.1081 0.5825 0 0 0 717 717 244 
171 236 1 6 236 15.6261 0.59 0 0 0 765 765 251 
172 236 1 6 236 15.6261 0.59 0 0 0 812 812 252 
173 237 1 6 237 13.1279 0.5925 0 0 0 825 825 256 
174 237 1 6 237 13.1279 0.5925 0 0 0 838 838 257 
175 237 1 6 237 13.1279 0.5925 0 0 0 852 852 258 
176 237 1 6 237 13.1279 0.5925 0 0 0 866 866 259 
177 237 1 6 237 13.1279 0.5925 0 0 0 879 879 260 
178 237 1 6 237 13.1279 0.5925 0 0 0 893 893 261 
179 237 1 6 237 10.6546 0.5925 0 0 0 900 900 263 
180 243 1 6 243 14.1574 0.6075 0 0 0 919 919 270 
181 245 1 6 245 14.2154 0.6125 0 0 0 938 938 272 
182 245 1 6 245 14.2154 0.6125 0 0 0 960 960 275 
183 253 1 6 253 14.4335 0.6325 0 0 0 983 983 285 
184 253 1 6 253 14.4335 0.6325 0 0 0 1005 1005 286 
185 253 1 6 253 14.4335 0.6325 0 0 0 1029 1029 287 
186 253 1 6 253 14.4335 0.6325 0 0 0 1052 1052 288 
187 253 1 6 253 13.9238 0.6325 0 0 0 1061 1061 292 
188 253 1 6 253 13.9238 0.6325 0 0 0 1069 1069 293 
189 253 1 6 253 13.9238 0.6325 0 0 0 1092 1092 294 
190 253 1 6 253 13.9238 0.6325 0 0 0 1114 1114 295 
191 253 1 6 253 13.9238 0.6325 0 0 0 1136 1136 296 
192 253 1 6 253 13.9238 0.6325 0 0 0 1159 1159 297 
193 253 1 6 253 13.9238 0.6325 0 0 0 1168 1168 298 
194 253 1 6 253 13.9238 0.6325 0 0 0 1176 1176 299 
195 253 1 6 253 13.9238 0.6325 0 0 0 1197 1197 300 
196 259 1 6 259 11.0737 0.6475 0 0 0 1210 1210 302 
197 259 1 6 259 11.0737 0.6475 0 0 0 1223 1223 303 
198 259 1 6 259 11.0737 0.6475 0 0 0 1232 1232 304 
199 259 1 6 259 11.0737 0.6475 0 0 0 1245 1245 305 
200 259 1 6 259 11.0737 0.6475 0 0 0 1258 1258 306 
201 259 1 6 259 11.0737 0.6475 0 0 0 1271 1271 307 
202 259 1 6 259 11.0737 0.6475 0 0 0 1284 1284 308 
203 259 1 6 259 11.0737 0.6475 0 0 0 1298 1298 309 
204 259 1 6 259 11.0737 0.6475 0 0 0 1312 1312 310 
205 259 1 6 259 11.0737 0.6475 0 0 0 1322 1322 311 
206 260 1 6 260 14.4665 0.65 0 0 0 1346 1346 316 
207 260 1 6 260 14.4665 0.65 0 0 0 1370 1370 317 
208 260 1 6 260 14.4665 0.65 0 0 0 1396 1396 318 
209 260 1 6 260 13.9433 0.65 0 0 0 1420 1420 319 
210 266 1 6 266 14.5213 0.665 0 0 0 1445 1445 321 
211 266 1 6 266 14.5213 0.665 0 0 0 1469 1469 322 
212 266 1 6 266 14.5213 0.665 0 0 0 1492 1492 323 
213 266 1 6 266 14.5213 0.665 0 0 0 1515 1515 324 
214 266 1 6 266 14.5213 0.665 0 0 0 1538 1538 325 
215 266 1 6 266 14.5213 0.665 0 0 0 1561 1561 326 
216 266 1 6 266 13.9981 0.665 0 0 0 1587 1587 327 
217 266 1 6 266 13.9981 0.665 0 0 0 1610 1610 328 
218 266 1 6 266 13.9981 0.665 0 0 0 1634 1634 329 
219 266 1 6 266 13.9981 0.665 0 0 0 1657 1657 330 
220 266 1 6 266 13.9981 0.665 0 0 0 1683 1683 331 
221 266 1 6 266 13.9981 0.665 0 0 0 1709 1709 332 
222 266 1 6 266 13.9981 0.665 0 0 0 1736 1736 333 
223 266 1 6 266 13.9981 0.665 0 0 0 1762 1762 334 
224 266 1 6 266 13.9981 0.665 0 0 0 1789 1789 335 
225 266 1 6 266 13.9981 0.665 0 0 0 1816 1816 336 
226 266 1 6 266 13.9981 0.665 0 0 0 1843 1843 337 
227 266 1 6 266 13.9981 0.665 0 0 0 1872 1872 338 
228 266 1 6 266 13.9981 0.665 0 0 0 1899 1899 339 
229 266 1 6 266 13.9981 0.665 0 0 0 1926 1926 340 
230 277 1 6 277 14.5783 0.6925 0 0 0 1953 1953 342 
231 277 1 6 277 14.055 0.6925 0 0 0 1980 1980 343 
232 277 1 6 277 14.055 0.6925 0 0 0 2007 2007 344 
233 277 1 6 277 14.055 0.6925 0 0 0 2034 2034 345 
234 277 1 6 277 14.055 0.6925 0 0 0 2062 2062 346 
235 277 1 6 277 14.055 0.6925 0 0 0 2090 2090 347 
236 277 1 6 277 14.055 0.6925 0 0 0 2118 2118 348 
237 277 1 6 277 14.055 0.6925 0 0 0 2147 2147 349 
238 277 1 6 277 14.055 0.6925 0 0 0 2178 2178 350 
239 277 1 6 277 14.055 0.6925 0 0 0 2208 2208 351 
240 277 1 6 277 14.055 0.6925 0 0 0 2237 2237 352 
241 277 1 6 277 14.055 0.6925 0 0 0 2266 2266 353 
242 277 1 6 277 14.055 0.6925 0 0 0 2294 2294 354 
243 277 1 6 277 14.055 0.6925 0 0 0 2323 2323 355 
244 277 1 6 277 14.055 0.6925 0 0 0 2351 2351 356 
245 283 1 6 283 14.6404 0.7075 0 0 0 2381 2381 358 
246 283 1 6 283 14.6404 0.7075 0 0 0 2411 2411 359 
247 283 1 6 283 14.6404 0.7075 0 0 0 2441 2441 360 
248 283 1 6 283 14.1172 0.7075 0 0 0 2470 2470 361 
249 283 1 6 283 14.1172 0.7075 0 0 0 2501 2501 362 
250 283 1 6 283 14.1172 0.7075 0 0 0 2531 2531 363 
251 284 1 6 284 17.3752 0.71 0 0 0 2563 2563 369 
252 284 1 6 284 17.3752 0.71 0 0 0 2595 2595 370 
253 284 1 6 284 17.3752 0.71 0 0 0 2631 2631 373 
254 284 1 6 284 17.3752 0.71 0 0 0 2667 2667 374 
255 284 1 6 284 17.3752 0.71 0 0 0 2703 2703 375 
256 284 1 6 284 17.3752 0.71 0 0 0 2739 2739 376 
257 284 1 6 284 17.3752 0.71 0 0 0 2776 2776 377 
258 284 1 6 284 17.3752 0.71 0 0 0 2807 2807 378 
259 284 1 6 284 17.3752 0.71 0 0 0 2837 2837 379 
260 284 1 6 284 17.3752 0.71 0 0 0 2867 2867 380 
261 284 1 6 284 17.3752 0.71 0 0 0 2899 2899 381 
262 284 1 6 284 17.3752 0.71 0 0 0 2930 2930 382 
263 284 1 6 284 17.3752 0.71 0 0 0 2961 2961 383 
264 284 1 6 284 17.3752 0.71 0 0 0 2992 2992 384 
265 284 1 6 284 17.3752 0.71 0 0 0 3024 3024 385 
266 284 1 6 284 17.3752 0.71 0 0 0 3056 3056 386 
267 284 1 6 284 17.3752 0.71 0 0 0 3090 3090 387 
268 284 1 6 284 17.3752 0.71 0 0 0 3123 3123 388 
269 284 1 6 284 17.3752 0.71 0 0 0 3156 3156 389 
270 284 1 6 284 17.3752 0.71 0 0 0 3189 3189 393 
271 284 1 6 284 17.3752 0.71 0 0 0 3221 3221 394 
272 284 1 6 284 17.3752 0.71 0 0 0 3253 3253 395 
273 284 1 6 284 17.3752 0.71 0 0 0 3286 3286 396 
274 284 1 6 284 17.3752 0.71 0 0 0 3317 3317 399 
275 284 1 6 284 17.3752 0.71 0 0 0 3348 3348 400 
276 284 1 6 284 17.3752 0.71 0 0 0 3381 3381 401 
277 284 1 6 284 17.3752 0.71 0 0 0 3414 3414 402 
278 284 1 6 284 17.3752 0.71 0 0 0 3447 3447 403 
279 284 1 6 284 17.3752 0.71 0 0 0 3481 3481 404 
280 287 1 6 287 24.492 0.7175 0 0 0 3525 3525 421 
281 295 1 6 295 18.5358 0.7375 0 0 0 3559 3559 423 
282 295 1 6 295 18.5358 0.7375 0 0 0 3594 3594 424 
283 295 1 6 295 18.0773 0.7375 0 0 0 3629 3629 425 
284 295 1 6 295 18.0773 0.7375 0 0 0 3663 3663 426 
285 295 1 6 295 18.0773 0.7375 0 0 0 3697 3697 427 
286 295 1 6 295 18.0773 0.7375 0 0 0 3731 3731 428 
287 295 1 6 295 18.0773 0.7375 0 0 0 3766 3766 429 
288 298 1 6 298 21.2538 0.745 0 0 0 3804 3804 438 
289 298 1 6 298 19.8597 0.745 0 0 0 3827 3827 445 
290 300 1 6 300 20.1923 0.75 0 0 0 3850 3850 451 
291 300 1 6 300 20.1923 0.75 0 0 0 3873 3873 454 
292 300 1 6 300 20.1923 0.75 0 0 0 3897 3897 455 
293 300 1 6 300 20.1923 0.75 0 0 0 3920 3920 456 
294 300 1 6 300 20.1923 0.75 0 0 0 3943 3943 457 
295 300 1 6 300 20.1923 0.75 0 0 0 3966 3966 458 
296 300 1 6 300 20.1923 0.75 0 0 0 3989 3989 459 
297 300 1 6 300 18.1281 0.75 0 0 0 4022 4022 464 
298 304 1 6 304 23.54 0.76 0 0 0 4049 4049 469 
299 304 1 6 304 23.54 0.76 0 0 0 4077 4077 470 
300 304 1 6 304 23.54 0.76 0 0 0 4105 4105 471 
301 304 1 6 304 23.54 0.76 0 0 0 4133 4133 472 
302 304 1 6 304 23.54 0.76 0 0 0 4161 4161 475 
303 304 1 6 304 23.54 0.76 0 0 0 4189 4189 478 
304 304 1 6 304 23.54 0.76 0 0 0 4217 4217 479 
305 304 1 6 304 21.7791 0.76 0 0 0 4261 4261 485 
306 304 1 6 304 21.7791 0.76 0 0 0 4288 4288 486 
307 304 1 6 304 21.7791 0.76 0 0 0 4316 4316 487 
308 304 1 6 304 21.7791 0.76 0 0 0 4344 4344 488 
309 304 1 6 304 21.7791 0.76 0 0 0 4372 4372 489 
310 304 1 6 304 21.7791 0.76 0 0 0 4399 4399 490 
311 304 1 6 304 21.7791 0.76 0 0 0 4428 4428 491 
312 304 1 6 304 21.7791 0.76 0 0 0 4462 4462 495 
313 304 1 6 304 21.7791 0.76 0 0 0 4504 4504 499 
314 304 1 6 304 21.7791 0.76 0 0 0 4538 4538 500 
315 305 1 6 305 25.0854 0.7625 0 0 0 4578 4578 512 
316 305 1 6 305 24.3103 0.7625 0 0 0 4629 4629 521 
317 305 1 6 305 24.3048 0.7625 0 0 0 4689 4689 524 
318 305 1 6 305 24.3048 0.7625 0 0 0 4749 4749 527 
319 305 1 6 305 24.3048 0.7625 0 0 0 4798 4798 528 
320 305 1 6 305 24.3048 0.7625 0 0 0 4847 4847 531 
321 305 1 6 305 24.3048 0.7625 0 0 0 4890 4890 534 
322 305 1 6 305 24.3048 0.7625 0 0 0 4938 4938 538 
323 305 1 6 305 24.3048 0.7625 0 0 0 4979 4979 541 
324 305 1 6 305 24.3048 0.7625 0 0 0 5020 5020 542 
325 305 1 6 305 24.3048 0.7625 0 0 0 5061 5061 543 
326 305 1 6 305 24.3048 0.7625 0 0 0 5101 5101 544 
327 305 1 6 305 24.2083 0.7625 0 0 0 5139 5139 552 
328 305 1 6 305 22.5418 0.7625 0 0 0 5188 5188 558 
329 305 1 6 305 22.5418 0.7625 0 0 0 5225 5225 565 
330 305 1 6 305 22.5418 0.7625 0 0 0 5264 5264 566 
331 305 1 6 305 22.5418 0.7625 0 0 0 5303 5303 571 
332 305 1 6 305 22.5418 0.7625 0 0 0 5350 5350 572 
333 305 1 6 305 22.5418 0.7625 0 0 0 5393 5393 573 
334 305 1 6 305 22.5418 0.7625 0 0 0 5435 5435 574 
335 305 1 6 305 22.5418 0.7625 0 0 0 5472 5472 575 
336 305 1 6 305 22.5418 0.7625 0 0 0 5510 5510 576 
337 305 1 6 305 22.5418 0.7625 0 0 0 5550 5550 577 
338 305 1 6 305 22.5418 0.7625 0 0 0 5588 5588 578 
339 305 1 6 305 22.5418 0.7625 0 0 0 5625 5625 583 
340 305 1 6 305 22.5418 0.7625 0 0 0 5664 5664 584 
341 305 1 6 305 22.5418 0.7625 0 0 0 5703 5703 587 
342 305 1 6 305 22.5418 0.7625 0 0 0 5747 5747 588 
343 305 1 6 305 22.5418 0.7625 0 0 0 5791 5791 589 
344 305 1 6 305 22.5418 0.7625 0 0 0 5833 5833 594 
345 305 1 6 305 22.5418 0.7625 0 0 0 5874 5874 595 
346 305 1 6 305 22.5418 0.7625 0 0 0 5912 5912 596 
347 305 1 6 305 22.5418 0.7625 0 0 0 5951 5951 598 
348 306 1 6 306 24.5886 0.765 0 0 0 5991 5991 601 
349 306 1 6 306 24.5886 0.765 0 0 0 6034 6034 605 
350 306 1 6 306 24.5338 0.765 0 0 0 6077 6077 606 
351 306 1 6 306 24.5338 0.765 0 0 0 6119 6119 607 
352 306 1 6 306 24.5338 0.765 0 0 0 6148 6148 617 
353 306 1 6 306 24.5338 0.765 0 0 0 6188 6188 620 
354 306 1 6 306 24.4809 0.765 0 0 0 6228 6228 625 
355 306 1 6 306 24.4809 0.765 0 0 0 6267 6267 626 
356 306 1 6 306 24.4809 0.765 0 0 0 6307 6307 627 
357 306 1 6 306 22.5959 0.765 0 0 0 6366 6366 632 
358 312 1 6 312 29.9591 0.78 0 0 0 6421 6421 639 
359 312 1 6 312 25.8915 0.78 0 0 0 6491 6491 653 
360 312 1 6 312 25.8915 0.78 0 0 0 6537 6537 662 
361 312 1 6 312 25.8915 0.78 0 0 0 6607 6607 665 
362 312 1 6 312 25.8915 0.78 0 0 0 6653 6653 666 
363 312 1 6 312 25.8915 0.78 0 0 0 6723 6723 667 
364 312 1 6 312 25.8915 0.78 0 0 0 6793 6793 668 
365 312 1 6 312 25.8915 0.78 0 0 0 6861 6861 669 
366 312 1 6 312 25.8915 0.78 0 0 0 6929 6929 670 
367 312 1 6 312 25.8915 0.78 0 0 0 6998 6998 673 
368 312 1 6 312 25.8915 0.78 0 0 0 7044 7044 674 
369 312 1 6 312 25.8915 0.78 0 0 0 7093 7093 675 
370 312 1 6 312 23.9368 0.78 0 0 0 7159 7159 681 
371 312 1 6 312 23.9368 0.78 0 0 0 7237 7237 686 
372 312 1 6 312 23.9368 0.78 0 0 0 7278 7278 694 
373 312 1 6 312 23.9368 0.78 0 0 0 7320 7320 695 
374 312 1 6 312 23.9368 0.78 0 0 0 7362 7362 696 
375 312 1 6 312 23.9368 0.78 0 0 0 7405 7405 699 
376 312 1 6 312 23.9368 0.78 0 0 0 7447 7447 700 
377 312 1 6 312 23.9368 0.78 0 0 0 7490 7490 701 
378 312 1 6 312 23.9368 0.78 0 0 0 7532 7532 702 
379 312 1 6 312 23.9368 0.78 0 0 0 7574 7574 703 
380 312 1 6 312 23.9368 0.78 0 0 0 7617 7617 704 
381 312 1 6 312 23.9368 0.78 0 0 0 7660 7660 705 
382 312 1 6 312 23.9368 0.78 0 0 0 7702 7702 706 
383 314 1 6 314 27.8998 0.785 0 0 0 7743 7743 717 
384 314 1 6 314 27.8998 0.785 0 0 0 7785 7785 718 
385 314 1 6 314 27.64 0.785 0 0 0 7828 7828 721 
386 314 1 6 314 27.64 0.785 0 0 0 7870 7870 722 
387 314 1 6 314 27.64 0.785 0 0 0 7914 7914 724 
388 314 1 6 314 27.64 0.785 0 0 0 7957 7957 725 
389 314 1 6 314 27.64 0.785 0 0 0 8000 8000 726 
390 314 1 6 314 27.64 0.785 0 0 0 8044 8044 727 
391 314 1 6 314 27.64 0.785 0 0 0 8088 8088 730 
392 314 1 6 314 27.5949 0.785 0 0 0 8131 8131 731 
393 314 1 6 314 27.5949 0.785 0 0 0 8174 8174 732 
394 314 1 6 314 27.5949 0.785 0 0 0 8290 8290 740 
395 318 1 6 318 28.2258 0.795 0 0 0 8365 8365 745 
396 321 1 6 321 28.2671 0.8025 0 0 0 8432 8432 750 
397 322 1 6 322 28.2215 0.805 0 0 0 8504 8504 759 
398 322 1 6 322 28.2215 0.805 0 0 0 8573 8573 760 
399 322 1 6 322 28.2215 0.805 0 0 0 8639 8639 761 
400 322 1 6 322 28.2215 0.805 0 0 0 8709 8709 762 
401 322 1 6 322 28.2215 0.805 0 0 0 8779 8779 763 
402 322 1 6 322 28.2215 0.805 0 0 0 8848 8848 764 
403 322 1 6 322 28.2215 0.805 0 0 0 8917 8917 766 
404 322 1 6 322 28.2215 0.805 0 0 0 8986 8986 767 
405 322 1 6 322 28.2215 0.805 0 0 0 9056 9056 768 
406 323 1 6 323 28.5271 0.8075 0 0 0 9124 9124 774 
407 323 1 6 323 28.5271 0.8075 0 0 0 9191 9191 775 
408 323 1 6 323 28.5271 0.8075 0 0 0 9258 9258 777 
409 323 1 6 323 28.5271 0.8075 0 0 0 9325 9325 778 
410 323 1 6 323 28.5271 0.8075 0 0 0 9392 9392 779 
411 323 1 6 323 28.5271 0.8075 0 0 0 9460 9460 781 
412 323 1 6 323 28.5271 0.8075 0 0 0 9539 9539 782 
413 323 1 6 323 28.5271 0.8075 0 0 0 9611 9611 783 
414 341 1 6 341 28.5964 0.8525 0 0 0 9684 9684 788 
415 341 1 6 341 28.5964 0.8525 0 0 0 9754 9754 789 
416 341 1 6 341 28.5964 0.8525 0 0 0 9825 9825 790 
417 341 1 6 341 28.5964 0.8525 0 0 0 9896 9896 791 
418 341 1 6 341 28.5964 0.8525 0 0 0 9968 9968 792 
419 341 1 6 341 28.5964 0.8525 0 0 0 10040 10040 793 
420 341 1 6 341 28.5964 0.8525 0 0 0 10110 10110 794 
421 341 1 6 341 28.5964 0.8525 0 0 0 10179 10179 795 
422 341 1 6 341 28.5964 0.8525 0 0 0 10248 10248 798 
423 341 1 6 341 28.5964 0.8525 0 0 0 10318 10318 799 
424 341 1 6 341 28.5964 0.8525 0 0 0 10388 10388 800 
425 342 1 6 342 28.6429 0.855 0 0 0 10463 10463 803 
426 342 1 6 342 28.6429 0.855 0 0 0 10538 10538 807 
427 342 1 6 342 28.6429 0.855 0 0 0 10616 10616 808 
428 342 1 6 342 28.6429 0.855 0 0 0 10691 10691 809 
429 342 1 6 342 28.6429 0.855 0 0 0 10767 10767 810 
430 342 1 6 342 28.6429 0.855 0 0 0 10843 10843 811 
431 342 1 6 342 28.6429 0.855 0 0 0 10920 10920 812 
432 353 1 6 353 28.6353 0.8825 0 0 0 10998 10998 816 
433 355 1 6 355 33.1044 0.8875 0 0 0 11093 11093 834 
434 355 1 6 355 33.1044 0.8875 0 0 0 11188 11188 835 
435 355 1 6 355 33.1044 0.8875 0 0 0 11283 11283 836 
436 356 1 6 356 33.2914 0.89 0 0 0 11380 11380 837 
437 356 1 6 356 33.2044 0.89 0 0 0 11481 11481 838 
438 356 1 6 356 33.2044 0.89 0 0 0 11579 11579 839 
439 356 1 6 356 33.2044 0.89 0 0 0 11675 11675 840 
440 356 1 6 356 33.2044 0.89 0 0 0 11772 11772 841 
441 356 1 6 356 32.6054 0.89 0 0 0 11869 11869 844 
442 356 1 6 356 32.6054 0.89 0 0 0 11970 11970 845 
443 356 1 6 356 32.6054 0.89 0 0 0 12105 12105 853 
444 356 1 6 356 32.6054 0.89 0 0 0 12206 12206 854 
445 357 1 6 357 33.7027 0.8925 0 0 0 12320 12320 870 
446 358 1 6 358 33.8553 0.895 0 0 0 12436 12436 878 
447 358 1 6 358 33.2175 0.895 0 0 0 12570 12570 892 
448 358 1 6 358 33.2048 0.895 0 0 0 12704 12704 897 
449 358 1 6 358 33.2048 0.895 0 0 0 12848 12848 905 
450 358 1 6 358 33.2048 0.895 0 0 0 12991 12991 908 
451 358 1 6 358 33.2048 0.895 0 0 0 13135 13135 909 
452 358 1 6 358 33.2048 0.895 0 0 0 13279 13279 910 
453 358 1 6 358 33.2048 0.895 0 0 0 13428 13428 919 
454 358 1 6 358 33.2048 0.895 0 0 0 13587 13587 931 
455 358 1 6 358 33.2048 0.895 0 0 0 13743 13743 934 
456 358 1 6 358 33.2048 0.895 0 0 0 13893 13893 938 
457 358 1 6 358 33.2048 0.895 0 0 0 14050 14050 939 
458 358 1 6 358 33.2048 0.895 0 0 0 14208 14208 940 
459 358 1 6 358 33.2048 0.895 0 0 0 14366 14366 941 
460 358 1 6 358 33.2048 0.895 0 0 0 14525 14525 942 
461 358 1 6 358 33.2048 0.895 0 0 0 14683 14683 943 
462 358 1 6 358 33.2048 0.895 0 0 0 14840 14840 944 
463 358 1 6 358 33.2048 0.895 0 0 0 14999 14999 945 
464 358 1 6 358 33.2048 0.895 0 0 0 15156 15156 946 
465 358 1 6 358 29.9636 0.895 0 0 0 15308 15308 954 
466 358 1 6 358 29.9636 0.895 0 0 0 15401 15401 962 
467 358 1 6 358 29.9636 0.895 0 0 0 15560 15560 965 
468 358 1 6 358 29.9636 0.895 0 0 0 15718 15718 968 
469 358 1 6 358 29.9636 0.895 0 0 0 15877 15877 969 
470 358 1 6 358 29.9636 0.895 0 0 0 16037 16037 971 
471 358 1 6 358 29.9636 0.895 0 0 0 16197 16197 972 
472 358 1 6 358 29.9636 0.895 0 0 0 16362 16362 975 
473 358 1 6 358 29.9636 0.895 0 0 0 16525 16525 976 
474 358 1 6 358 29.9636 0.895 0 0 0 16686 16686 977 
475 358 1 6 358 29.9636 0.895 0 0 0 16845 16845 978 
476 359 1 6 359 28.0802 0.8975 0 0 0 16913 16913 986 
477 359 1 6 359 28.0802 0.8975 0 0 0 16976 16976 997 
478 359 1 6 359 28.0802 0.8975 0 0 0 17040 17040 998 
479 359 1 6 359 28.0802 0.8975 0 0 0 17104 17104 999 
480 359 1 6 359 28.0802 0.8975 0 0 0 17168 17168 1000 
481 359 1 6 359 28.0802 0.8975 0 0 0 17234 17234 1001 
482 359 1 6 359 28.0802 0.8975 0 0 0 17298 17298 1003 
483 359 1 6 359 28.0802 0.8975 0 0 0 17362 17362 1005 
484 359 1 6 359 28.0802 0.8975 0 0 0 17426 17426 1006 
485 362 1 6 362 30.386 0.905 0 0 0 17557 17557 1010 
486 362 1 6 362 30.386 0.905 0 0 0 17686 17686 1011 
487 362 1 6 362 30.3332 0.905 0 0 0 17817 17817 1013 
488 362 1 6 362 30.3332 0.905 0 0 0 17948 17948 1014 
489 365 1 6 365 30.4503 0.9125 0 0 0 18077 18077 1017 
490 365 1 6 365 30.4503 0.9125 0 0 0 18206 18206 1018 
491 365 1 6 365 30.4503 0.9125 0 0 0 18334 18334 1019 
492 365 1 6 365 30.4503 0.9125 0 0 0 18484 18484 1024 
493 365 1 6 365 30.3975 0.9125 0 0 0 18615 18615 1025 
494 365 1 6 365 30.3975 0.9125 0 0 0 18744 18744 1026 
495 365 1 6 365 30.3975 0.9125 0 0 0 18874 18874 1029 
496 365 1 6 365 30.3975 0.9125 0 0 0 18985 18985 1038 
497 365 1 6 365 30.3975 0.9125 0 0 0 19264 19264 1062 
498 365 1 6 365 30.3975 0.9125 0 0 0 19374 19374 1066 
499 365 1 6 365 30.3975 0.9125 0 0 0 19483 19483 1069 
500 366 1 6 366 33.9589 0.915 0 0 0 19594 19594 1073 
501 366 1 6 366 32.2417 0.915 0 0 0 19882 19882 1082 
502 366 1 6 366 32.2417 0.915 0 0 0 20171 20171 1088 
503 366 1 6 366 32.2417 0.915 0 0 0 20285 20285 1091 
504 366 1 6 366 32.2417 0.915 0 0 0 20398 20398 1094 
505 366 1 6 366 32.2417 0.915 0 0 0 20511 20511 1095 
506 366 1 6 366 32.2417 0.915 0 0 0 20623 20623 1097 
507 367 1 6 367 34.0609 0.9175 0 0 0 20738 20738 1103 
508 367 1 6 367 34.0609 0.9175 0 0 0 20852 20852 1104 
509 367 1 6 367 34.0609 0.9175 0 0 0 20968 20968 1110 
510 367 1 6 367 34.0609 0.9175 0 0 0 21088 21088 1115 
511 367 1 6 367 31.3437 0.9175 0 0 0 21397 21397 1126 
512 367 1 6 367 31.3437 0.9175 0 0 0 21515 21515 1127 
513 367 1 6 367 31.3437 0.9175 0 0 0 21630 21630 1128 
514 367 1 6 367 31.3437 0.9175 0 0 0 21917 21917 1137 
515 367 1 6 367 31.3437 0.9175 0 0 0 22206 22206 1141 
516 367 1 6 367 31.3437 0.9175 0 0 0 22494 22494 1142 
517 367 1 6 367 31.3437 0.9175 0 0 0 22763 22763 1159 
518 367 1 6 367 31.3437 0.9175 0 0 0 22928 22928 1162 
519 368 1 6 368 34.2638 0.92 0 0 0 23049 23049 1166 
520 368 1 6 368 34.2638 0.92 0 0 0 23169 23169 1167 
521 368 1 6 368 31.4188 0.92 0 0 0 23487 23487 1172 
522 368 1 6 368 31.4188 0.92 0 0 0 23640 23640 1175 
523 368 1 6 368 31.4188 0.92 0 0 0 23756 23756 1178 
524 368 1 6 368 31.4188 0.92 0 0 0 23910 23910 1182 
525 368 1 6 368 31.4188 0.92 0 0 0 24028 24028 1183 
526 368 1 6 368 31.4188 0.92 0 0 0 24144 24144 1184 
527 368 1 6 368 31.4188 0.92 0 0 0 24479 24479 1188 
528 368 1 6 368 31.4188 0.92 0 0 0 24891 24891 1195 
529 369 1 6 369 31.6456 0.9225 0 0 0 25049 25049 1202 
530 369 1 6 369 31.6456 0.9225 0 0 0 25256 25256 1204 
531 370 1 6 370 39.3404 0.925 0 0 0 25651 25651 1215 
532 370 1 6 370 39.3404 0.925 0 0 0 26048 26048 1217 
533 370 1 6 370 39.3404 0.925 0 0 0 26336 26336 1231 
534 370 1 6 370 38.7899 0.925 0 0 0 26733 26733 1234 
535 370 1 6 370 38.7899 0.925 0 0 0 27104 27104 1245 
536 370 1 6 370 38.7899 0.925 0 0 0 27500 27500 1246 
537 370 1 6 370 38.7899 0.925 0 0 0 27854 27854 1251 
538 370 1 6 370 38.7899 0.925 0 0 0 28149 28149 1259 
539 370 1 6 370 38.7899 0.925 0 0 0 28860 28860 1274 
540 370 1 6 370 38.7899 0.925 0 0 0 29270 29270 1291 
541 370 1 6 370 38.7899 0.925 0 0 0 29876 29876 1299 
542 370 1 6 370 38.7899 0.925 0 0 0 30208 30208 1318 
543 370 1 6 370 38.7899 0.925 0 0 0 30931 30931 1328 
544 370 1 6 370 37.3163 0.925 0 0 0 31536 31536 1330 
545 370 1 6 370 37.3163 0.925 0 0 0 32001 32001 1346 
546 370 1 6 370 37.3163 0.925 0 0 0 32463 32463 1360 
547 370 1 6 370 37.3163 0.925 0 0 0 33173 33173 1381 
548 371 1 6 371 37.5073 0.9275 0 0 0 33632 33632 1391 
549 371 1 6 371 37.5073 0.9275 0 0 0 34277 34277 1413 
550 371 1 6 371 37.3578 0.9275 0 0 0 34742 34742 1417 
551 371 1 6 371 37.3578 0.9275 0 0 0 35202 35202 1432 
552 371 1 6 371 37.3578 0.9275 0 0 0 35661 35661 1435 
553 371 1 6 371 35.418 0.9275 0 0 0 36400 36400 1448 
554 371 1 6 371 35.418 0.9275 0 0 0 36859 36859 1453 
555 371 1 6 371 35.418 0.9275 0 0 0 37324 37324 1473 
556 371 1 6 371 35.418 0.9275 0 0 0 37788 37788 1478 
557 371 1 6 371 35.418 0.9275 0 0 0 38261 38261 1491 
558 371 1 6 371 35.418 0.9275 0 0 0 38748 38748 1513 
559 371 1 6 371 35.418 0.9275 0 0 0 39237 39237 1522 
560 371 1 6 371 35.418 0.9275 0 0 0 39714 39714 1529 
561 371 1 6 371 35.2102 0.9275 0 0 0 40598 40598 1530 
562 371 1 6 371 35.2102 0.9275 0 0 0 41174 41174 1541 
563 371 1 6 371 35.2102 0.9275 0 0 0 42055 42055 1542 
564 371 1 6 371 35.2102 0.9275 0 0 0 42926 42926 1543 
565 371 1 6 371 35.2102 0.9275 0 0 0 43820 43820 1544 
566 371 1 6 371 35.2102 0.9275 0 0 0 44707 44707 1547 
567 371 1 6 371 35.2102 0.9275 0 0 0 45668 45668 1556 
568 371 1 6 371 35.2102 0.9275 0 0 0 46599 46599 1560 
569 371 1 6 371 35.2102 0.9275 0 0 0 47504 47504 1562 
570 371 1 6 371 35.2102 0.9275 0 0 0 48425 48425 1563 
571 371 1 6 371 35.2102 0.9275 0 0 0 49329 49329 1564 
572 371 1 6 371 35.1587 0.9275 0 0 0 50175 50175 1567 
573 371 1 6 371 35.1587 0.9275 0 0 0 51163 51163 1570 
574 371 1 6 371 35.1587 0.9275 0 0 0 52111 52111 1573 
575 371 1 6 371 35.1587 0.9275 0 0 0 53054 53054 1596 
576 371 1 6 371 35.1587 0.9275 0 0 0 53981 53981 1597 
577 372 1 6 372 47.9359 0.93 0 0 0 54416 54416 1608 
578 372 1 6 372 47.9359 0.93 0 0 0 55020 55020 1618 
579 372 1 6 372 47.8102 0.93 0 0 0 55456 55456 1626 
580 372 1 6 372 47.8102 0.93 0 0 0 55927 55927 1651 
581 372 1 6 372 47.8102 0.93 0 0 0 56602 56602 1656 
582 372 1 6 372 45.4032 0.93 0 0 0 57593 57593 1670 
583 372 1 6 372 43.8833 0.93 0 0 0 57895 57895 1691 
584 372 1 6 372 42.7728 0.93 0 0 0 58186 58186 1711 
585 372 1 6 372 42.7728 0.93 0 0 0 58382 58382 1727 
586 372 1 6 372 42.7728 0.93 0 0 0 58604 58604 1735 
587 372 1 6 372 42.7728 0.93 0 0 0 58904 58904 1741 
588 372 1 6 372 42.7728 0.93 0 0 0 59134 59134 1746 
589 372 1 6 372 42.7728 0.93 0 0 0 59740 59740 1755 
590 372 1 6 372 42.7728 0.93 0 0 0 60167 60167 1775 
591 372 1 6 372 42.7728 0.93 0 0 0 60472 60472 1777 
592 372 1 6 372 42.7728 0.93 0 0 0 60703 60703 1778 
593 372 1 6 372 42.7728 0.93 0 0 0 60868 60868 1787 
594 372 1 6 372 42.7728 0.93 0 0 0 61346 61346 1800 
595 372 1 6 372 42.7728 0.93 0 0 0 61773 61773 1815 
596 372 1 6 372 42.7728 0.93 0 0 0 62074 62074 1821 
597 372 1 6 372 42.7728 0.93 0 0 0 62308 62308 1822 
598 372 1 6 372 42.7728 0.93 0 0 0 62693 62693 1835 
599 372 1 6 372 42.7728 0.93 0 0 0 62928 62928 1836 
600 372 1 6 372 42.7728 0.93 0 0 0 63091 63091 1848 
601 372 1 6 372 42.7728 0.93 0 0 0 63507 63507 1852 
602 372 1 6 372 42.7728 0.93 0 0 0 63738 63738 1853 
603 372 1 6 372 42.7728 0.93 0 0 0 63971 63971 1854 
604 372 1 6 372 42.7728 0.93 0 0 0 64205 64205 1858 
605 372 1 6 372 42.7728 0.93 0 0 0 64438 64438 1859 
606 372 1 6 372 42.7728 0.93 0 0 0 65010 65010 1874 
607 372 1 6 372 42.7728 0.93 0 0 0 65246 65246 1875 
608 372 1 6 372 42.7728 0.93 0 0 0 65400 65400 1879 
609 372 1 6 372 42.7728 0.93 0 0 0 65634 65634 1880 
610 372 1 6 372 42.7728 0.93 0 0 0 66255 66255 1883 
611 372 1 6 372 42.7728 0.93 0 0 0 66499 66499 1888 
612 372 1 6 372 42.1378 0.93 0 0 0 66862 66862 1905 
613 372 1 6 372 42.1378 0.93 0 0 0 67036 67036 1907 
614 372 1 6 372 42.1378 0.93 0 0 0 67280 67280 1908 
615 372 1 6 372 42.1378 0.93 0 0 0 67530 67530 1921 
616 372 1 6 372 42.1378 0.93 0 0 0 67841 67841 1941 
617 372 1 6 372 42.1378 0.93 0 0 0 68227 68227 1947 
618 372 1 6 372 42.1378 0.93 0 0 0 68539 68539 1950 
619 372 1 6 372 42.1378 0.93 0 0 0 69009 69009 1965 
620 372 1 6 372 42.1378 0.93 0 0 0 69518 69518 1973 
621 372 1 6 372 42.1378 0.93 0 0 0 70251 70251 1996 
622 372 1 6 372 42.1378 0.93 0 0 0 70765 70765 2007 
623 372 1 6 372 42.1378 0.93 0 0 0 71020 71020 2031 
624 372 1 6 372 41.0621 0.93 0 0 0 71757 71757 2040 
625 373 1 6 373 53.1977 0.9325 0 0 0 72107 72107 2062 
626 373 1 6 373 51.1242 0.9325 0 0 0 73105 73105 2078 
627 373 1 6 373 49.419 0.9325 0 0 0 73508 73508 2087 
628 373 1 6 373 47.1402 0.9325 0 0 0 74482 74482 2097 
629 376 1 6 376 47.2565 0.94 0 0 0 75522 75522 2102 
630 376 1 6 376 47.0032 0.94 0 0 0 76648 76648 2110 
631 376 1 6 376 44.6526 0.94 0 0 0 77360 77360 2128 
632 376 1 6 376 44.6526 0.94 0 0 0 78460 78460 2132 
633 376 1 6 376 44.6526 0.94 0 0 0 79451 79451 2141 
634 379 1 6 379 51.5488 0.9475 0 0 0 80114 80114 2151 
635 379 1 6 379 51.5488 0.9475 0 0 0 80622 80622 2169 
636 379 1 6 379 46.001 0.9475 0 0 0 81218 81218 2186 
637 379 1 6 379 46.001 0.9475 0 0 0 82182 82182 2195 
638 379 1 6 379 46.001 0.9475 0 0 0 82879 82879 2204 
639 379 1 6 379 46.001 0.9475 0 0 0 83344 83344 2210 
640 379 1 6 379 46.001 0.9475 0 0 0 84134 84134 2230 
641 379 1 6 379 46.001 0.9475 0 0 0 85104 85104 2239 
642 382 1 6 382 45.252 0.955 0 0 0 85866 85866 2251 
643 385 1 6 385 46.8144 0.9625 0 0 0 86681 86681 2261 
644 385 1 6 385 46.8144 0.9625 0 0 0 87311 87311 2271 
645 388 1 6 388 55.9385 0.97 0 0 0 87946 87946 2283 
646 388 1 6 388 46.8723 0.97 0 0 0 88778 88778 2291 
647 388 1 6 388 45.1178 0.97 0 0 0 89422 89422 2297 
648 388 1 6 388 45.1178 0.97 0 0 0 90133 90133 2307 
649 388 1 6 388 45.1178 0.97 0 0 0 90870 90870 2312 
650 388 1 6 388 45.1178 0.97 0 0 0 91585 91585 2326 
651 388 1 6 388 45.1178 0.97 0 0 0 92304 92304 2332 
652 388 1 6 388 45.1178 0.97 0 0 0 92610 92610 2348 
653 388 1 6 388 45.1178 0.97 0 0 0 93329 93329 2353 
654 388 1 6 388 45.1178 0.97 0 0 0 93762 93762 2364 
655 388 1 6 388 45.1178 0.97 0 0 0 94128 94128 2376 
656 388 1 6 388 45.1178 0.97 0 0 0 94854 94854 2379 
657 388 1 6 388 45.1178 0.97 0 0 0 95734 95734 2390 
658 388 1 6 388 45.1178 0.97 0 0 0 96584 96584 2399 
659 388 1 6 388 45.1178 0.97 0 0 0 97430 97430 2406 
660 388 1 6 388 45.1178 0.97 0 0 0 97725 97725 2407 
661 388 1 6 388 45.1178 0.97 0 0 0 98473 98473 2410 
662 388 1 6 388 45.1178 0.97 0 0 0 98804 98804 2415 
663 388 1 6 388 45.1178 0.97 0 0 0 99190 99190 2430 
664 388 1 6 388 45.1178 0.97 0 0 0 99916 99916 2437 
665 388 1 6 388 45.1178 0.97 0 0 0 100624 100624 2442 
666 388 1 6 388 45.1178 0.97 0 0 0 101066 101066 2451 
667 388 1 6 388 45.1178 0.97 0 0 0 101923 101923 2464 
668 388 1 6 388 45.1178 0.97 0 0 0 102634 102634 2466 
669 388 1 6 388 45.1178 0.97 0 0 0 103362 103362 2471 
670 388 1 6 388 45.1178 0.97 0 0 0 103699 103699 2477 
671 388 1 6 388 45.1178 0.97 0 0 0 104326 104326 2486 
672 389 1 6 389 57.079 0.9725 0 0 0 105118 105118 2496 
673 389 1 6 389 48.8589 0.9725 0 0 0 106175 106175 2510 
674 389 1 6 389 42.863 0.9725 0 0 0 107036 107036 2519 
675 389 1 6 389 42.863 0.9725 0 0 0 107556 107556 2525 
676 389 1 6 389 42.863 0.9725 0 0 0 108289 108289 2536 
677 389 1 6 389 42.863 0.9725 0 0 0 108642 108642 2538 
678 389 1 6 389 42.863 0.9725 0 0 0 109424 109424 2547 
679 389 1 6 389 42.863 0.9725 0 0 0 109827 109827 2556 
680 389 1 6 389 42.863 0.9725 0 0 0 110235 110235 2559 
681 389 1 6 389 42.863 0.9725 0 0 0 111334 111334 2568 
682 389 1 6 389 42.863 0.9725 0 0 0 111945 111945 2573 
683 389 1 6 389 42.863 0.9725 0 0 0 112884 112884 2588 
684 389 1 6 389 42.863 0.9725 0 0 0 113562 113562 2592 
685 389 1 6 389 42.863 0.9725 0 0 0 113967 113967 2596 
686 389 1 6 389 42.863 0.9725 0 0 0 114210 114210 2602 
687 389 1 6 389 42.863 0.9725 0 0 0 114573 114573 2608 
688 389 1 6 389 42.863 0.9725 0 0 0 114911 114911 2619 
689 389 1 6 389 42.863 0.9725 0 0 0 115806 115806 2638 
690 389 1 6 389 42.863 0.9725 0 0 0 116788 116788 2642 
691 389 1 6 389 42.863 0.9725 0 0 0 117290 117290 2645 
692 389 1 6 389 42.863 0.9725 0 0 0 118624 118624 2649 
693 389 1 6 389 42.863 0.9725 0 0 0 118990 118990 2655 
694 389 1 6 389 42.863 0.9725 0 0 0 119354 119354 2656 
695 389 1 6 389 42.863 0.9725 0 0 0 119652 119652 2667 
696 389 1 6 389 42.863 0.9725 0 0 0 120250 120250 2685 
697 389 1 6 389 42.863 0.9725 0 0 0 120613 120613 2689 
698 389 1 6 389 42.863 0.9725 0 0 0 121141 121141 2690 
699 389 1 6 389 42.863 0.9725 0 0 0 121509 121509 2691 
700 389 1 6 389 42.863 0.9725 0 0 0 121882 121882 2696 
701 389 1 6 389 42.863 0.9725 0 0 0 122415 122415 2697 
702 389 1 6 389 42.863 0.9725 0 0 0 122781 122781 2702 
703 389 1 6 389 42.863 0.9725 0 0 0 123078 123078 2710 
704 389 1 6 389 42.863 0.9725 0 0 0 123443 123443 2713 
705 389 1 6 389 42.863 0.9725 0 0 0 123821 123821 2714 
706 389 1 6 389 42.863 0.9725 0 0 0 124189 124189 2716 
707 389 1 6 389 42.863 0.9725 0 0 0 124548 124548 2731 
708 389 1 6 389 42.863 0.9725 0 0 0 124904 124904 2741 
709 389 1 6 389 42.863 0.9725 0 0 0 125284 125284 2750 
710 389 1 6 389 42.863 0.9725 0 0 0 125788 125788 2756 
711 389 1 6 389 42.863 0.9725 0 0 0 126269 126269 2763 
712 389 1 6 389 42.863 0.9725 0 0 0 126781 126781 2769 
713 389 1 6 389 42.863 0.9725 0 0 0 127208 127208 2787 
714 389 1 6 389 42.863 0.9725 0 0 0 127591 127591 2795 
715 389 1 6 389 42.863 0.9725 0 0 0 128046 128046 2806 
716 389 1 6 389 42.863 0.9725 0 0 0 128551 128551 2811 
717 389 1 6 389 42.863 0.9725 0 0 0 129042 129042 2820 
718 389 1 6 389 42.863 0.9725 0 0 0 129611 129611 2829 
719 389 1 6 389 42.863 0.9725 0 0 0 130163 130163 2838 
720 389 1 6 389 42.863 0.9725 0 0 0 130717 130717 2848 
721 389 1 6 389 42.863 0.9725 0 0 0 131225 131225 2856 
722 389 1 6 389 42.863 0.9725 0 0 0 131742 131742 2857 
723 389 1 6 389 42.863 0.9725 0 0 0 132383 132383 2861 
724 389 1 6 389 42.863 0.9725 0 0 0 133175 133175 2874 
725 389 1 6 389 42.863 0.9725 0 0 0 133570 133570 2882 
726 389 1 6 389 42.863 0.9725 0 0 0 134069 134069 2885 
727 389 1 6 389 42.863 0.9725 0 0 0 134456 134456 2887 
728 389 1 6 389 42.863 0.9725 0 0 0 134956 134956 2888 
729 389 1 6 389 42.863 0.9725 0 0 0 135335 135335 2892 
730 389 1 6 389 42.863 0.9725 0 0 0 135842 135842 2894 
731 389 1 6 389 42.863 0.9725 0 0 0 136553 136553 2903 
732 389 1 6 389 42.863 0.9725 0 0 0 137095 137095 2915 
733 389 1 6 389 42.863 0.9725 0 0 0 137612 137612 2929 
734 389 1 6 389 42.863 0.9725 0 0 0 137928 137928 2944 
735 389 1 6 389 42.863 0.9725 0 0 0 138493 138493 2952 
736 389 1 6 389 42.863 0.9725 0 0 0 139253 139253 2963 
737 389 1 6 389 42.863 0.9725 0 0 0 139642 139642 2965 
738 389 1 6 389 42.863 0.9725 0 0 0 140152 140152 2967 
739 389 1 6 389 42.863 0.9725 0 0 0 140695 140695 2972 
740 389 1 6 389 42.863 0.9725 0 0 0 141529 141529 2983 
741 389 1 6 389 42.863 0.9725 0 0 0 142209 142209 2997 
742 389 1 6 389 42.863 0.9725 0 0 0 142825 142825 3005 
743 389 1 6 389 42.863 0.9725 0 0 0 143864 143864 3017 
744 389 1 6 389 42.863 0.9725 0 0 0 144529 144529 3022 
745 389 1 6 389 42.863 0.9725 0 0 0 144979 144979 3033 
746 389 1 6 389 42.863 0.9725 0 0 0 145603 145603 3043 
747 389 1 6 389 42.863 0.9725 0 0 0 146131 146131 3046 
748 389 1 6 389 42.863 0.9725 0 0 0 146645 146645 3047 
749 389 1 6 389 42.863 0.9725 0 0 0 147472 147472 3053 
750 389 1 6 389 42.863 0.9725 0 0 0 148053 148053 3057 
751 389 1 6 389 42.863 0.9725 0 0 0 149250 149250 3062 
752 389 1 6 389 42.863 0.9725 0 0 0 149669 149669 3069 
753 389 1 6 389 42.863 0.9725 0 0 0 150062 150062 3070 
754 389 1 6 389 42.863 0.9725 0 0 0 150484 150484 3071 
755 389 1 6 389 42.863 0.9725 0 0 0 151159 151159 3078 
756 389 1 6 389 42.863 0.9725 0 0 0 151554 151554 3079 
757 389 1 6 389 42.863 0.9725 0 0 0 152004 152004 3087 
758 389 1 6 389 42.863 0.9725 0 0 0 152460 152460 3091 
759 389 1 6 389 42.863 0.9725 0 0 0 153007 153007 3096 
760 389 1 6 389 42.863 0.9725 0 0 0 153796 153796 3113 
761 389 1 6 389 42.863 0.9725 0 0 0 154199 154199 3121 
762 389 1 6 389 42.863 0.9725 0 0 0 154598 154598 3123 
763 389 1 6 389 42.863 0.9725 0 0 0 154998 154998 3124 
764 389 1 6 389 42.863 0.9725 0 0 0 155396 155396 3129 
765 389 1 6 389 42.863 0.9725 0 0 0 155795 155795 3132 
766 389 1 6 389 42.863 0.9725 0 0 0 156199 156199 3133 
767 389 1 6 389 42.863 0.9725 0 0 0 156603 156603 3138 
768 389 1 6 389 42.863 0.9725 0 0 0 157009 157009 3141 
769 389 1 6 389 42.863 0.9725 0 0 0 157449 157449 3145 
770 389 1 6 389 42.863 0.9725 0 0 0 157874 157874 3146 
771 389 1 6 389 42.863 0.9725 0 0 0 158305 158305 3150 
772 389 1 6 389 42.863 0.9725 0 0 0 158752 158752 3154 
773 389 1 6 389 42.863 0.9725 0 0 0 159654 159654 3158 
774 389 1 6 389 42.863 0.9725 0 0 0 160087 160087 3167 
775 389 1 6 389 42.863 0.9725 0 0 0 160981 160981 3177 
776 389 1 6 389 42.863 0.9725 0 0 0 162281 162281 3182 
777 389 1 6 389 42.863 0.9725 0 0 0 162638 162638 3187 
778 389 1 6 389 42.863 0.9725 0 0 0 164215 164215 3189 
779 389 1 6 389 42.863 0.9725 0 0 0 164651 164651 3190 
780 389 1 6 389 42.863 0.9725 0 0 0 165082 165082 3192 
781 389 1 6 389 42.863 0.9725 0 0 0 165519 165519 3196 
782 389 1 6 389 42.863 0.9725 0 0 0 165955 165955 3201 
783 389 1 6 389 42.863 0.9725 0 0 0 166396 166396 3202 
784 389 1 6 389 42.863 0.9725 0 0 0 167254 167254 3210 
785 389 1 6 389 42.863 0.9725 0 0 0 167576 167576 3220 
786 389 1 6 389 42.863 0.9725 0 0 0 168013 168013 3221 
787 389 1 6 389 42.863 0.9725 0 0 0 169069 169069 3226 
788 389 1 6 389 42.863 0.9725 0 0 0 169485 169485 3228 
789 389 1 6 389 42.863 0.9725 0 0 0 169921 169921 3233 
790 389 1 6 389 42.863 0.9725 0 0 0 170369 170369 3237 
791 389 1 6 389 42.863 0.9725 0 0 0 170727 170727 3239 
792 389 1 6 389 42.863 0.9725 0 0 0 171160 171160 3240 
793 389 1 6 389 42.863 0.9725 0 0 0 171599 171599 3242 
794 389 1 6 389 42.863 0.9725 0 0 0 171962 171962 3243 
795 389 1 6 389 42.863 0.9725 0 0 0 172282 172282 3244 
796 389 1 6 389 42.863 0.9725 0 0 0 172640 172640 3245 
797 389 1 6 389 42.863 0.9725 0 0 0 173008 173008 3247 
798 389 1 6 389 42.863 0.9725 0 0 0 173467 173467 3251 
799 389 1 6 389 42.863 0.9725 0 0 0 174379 174379 3263 
800 389 1 6 389 42.863 0.9725 0 0 0 174823 174823 3264 
801 389 1 6 389 42.863 0.9725 0 0 0 175148 175148 3266 
802 389 1 6 389 42.863 0.9725 0 0 0 175507 175507 3268 
803 389 1 6 389 42.863 0.9725 0 0 0 176188 176188 3271 
804 389 1 6 389 42.863 0.9725 0 0 0 177154 177154 3273 
805 389 1 6 389 42.863 0.9725 0 0 0 177638 177638 3288 
806 389 1 6 389 42.863 0.9725 0 0 0 178246 178246 3297 
807 389 1 6 389 42.863 0.9725 0 0 0 179273 179273 3310 
808 389 1 6 389 42.863 0.9725 0 0 0 179915 179915 3319 
809 389 1 6 389 42.863 0.9725 0 0 0 180602 180602 3320 
810 389 1 6 389 42.863 0.9725 0 0 0 181572 181572 3321 
811 389 1 6 389 42.863 0.9725 0 0 0 182541 182541 3322 
812 389 1 6 389 42.863 0.9725 0 0 0 183229 183229 3330 
813 389 1 6 389 42.863 0.9725 0 0 0 184208 184208 3331 
814 389 1 6 389 42.863 0.9725 0 0 0 185210 185210 3335 
815 389 1 6 389 42.863 0.9725 0 0 0 186184 186184 3337 
816 389 1 6 389 42.863 0.9725 0 0 0 186878 186878 3339 
817 389 1 6 389 42.863 0.9725 0 0 0 188209 188209 3345 
818 389 1 6 389 42.863 0.9725 0 0 0 188885 188885 3348 
819 389 1 6 389 42.863 0.9725 0 0 0 189905 189905 3350 
820 389 1 6 389 42.863 0.9725 0 0 0 190918 190918 3351 
821 389 1 6 389 42.863 0.9725 0 0 0 191607 191607 3352 
822 389 1 6 389 42.863 0.9725 0 0 0 192770 192770 3375 
823 392 1 6 392 51.372 0.98 0 0 0 193819 193819 3380 
824 392 1 6 392 51.1138 0.98 0 0 0 194862 194862 3381 
825 392 1 6 392 50.9952 0.98 0 0 0 195904 195904 3383 
826 392 1 6 392 50.9952 0.98 0 0 0 196799 196799 3392 
827 392 1 6 392 50.9952 0.98 0 0 0 197660 197660 3395 
828 392 1 6 392 50.9952 0.98 0 0 0 198720 198720 3396 
829 392 1 6 392 50.0619 0.98 0 0 0 199050 199050 3403 
830 392 1 6 392 50.0619 0.98 0 0 0 200092 200092 3405 
831 392 1 6 392 50.0619 0.98 0 0 0 201148 201148 3406 
832 392 1 6 392 50.0619 0.98 0 0 0 202198 202198 3408 
833 392 1 6 392 48.1116 0.98 0 0 0 203096 203096 3411 
834 392 1 6 392 48.1116 0.98 0 0 0 204150 204150 3412 
835 392 1 6 392 48.1116 0.98 0 0 0 205321 205321 3430 
836 392 1 6 392 48.1116 0.98 0 0 0 205757 205757 3453 
837 392 1 6 392 48.1116 0.98 0 0 0 206719 206719 3456 
838 392 1 6 392 48.0393 0.98 0 0 0 207658 207658 3463 
839 392 1 6 392 48.0393 0.98 0 0 0 208672 208672 3478 
840 392 1 6 392 48.0393 0.98 0 0 0 209589 209589 3485 
841 392 1 6 392 48.0393 0.98 0 0 0 210504 210504 3488 
842 392 1 6 392 48.0393 0.98 0 0 0 211775 211775 3499 
843 392 1 6 392 48.0393 0.98 0 0 0 212856 212856 3500 
844 392 1 6 392 48.0393 0.98 0 0 0 213938 213938 3503 
845 392 1 6 392 47.9831 0.98 0 0 0 214895 214895 3507 
846 392 1 6 392 47.9831 0.98 0 0 0 216093 216093 3512 
847 392 1 6 392 47.9831 0.98 0 0 0 217168 217168 3513 
848 392 1 6 392 47.5846 0.98 0 0 0 218050 218050 3515 
849 392 1 6 392 47.5846 0.98 0 0 0 219810 219810 3521 
850 392 1 6 392 47.5846 0.98 0 0 0 220885 220885 3522 
851 392 1 6 392 47.5846 0.98 0 0 0 222023 222023 3538 
852 392 1 6 392 47.5846 0.98 0 0 0 223099 223099 3539 
853 392 1 6 392 47.5846 0.98 0 0 0 224173 224173 3543 
854 392 1 6 392 47.5846 0.98 0 0 0 225290 225290 3547 
855 392 1 6 392 47.5846 0.98 0 0 0 226130 226130 3550 
856 392 1 6 392 47.5846 0.98 0 0 0 227218 227218 3553 
857 392 1 6 392 47.5846 0.98 0 0 0 228336 228336 3559 
858 392 1 6 392 47.5846 0.98 0 0 0 229590 229590 3560 
859 392 1 6 392 47.5846 0.98 0 0 0 230570 230570 3564 
860 392 1 6 392 47.5846 0.98 0 0 0 231646 231646 3565 
861 394 1 6 394 50.3301 0.985 0 0 0 232711 232711 3575 
862 394 1 6 394 50.3301 0.985 0 0 0 233651 233651 3583 
863 394 1 6 394 49.8449 0.985 0 0 0 234733 234733 3589 
864 394 1 6 394 49.8449 0.985 0 0 0 235813 235813 3591 
865 394 1 6 394 47.8914 0.985 0 0 0 236916 236916 3601 
866 394 1 6 394 47.8914 0.985 0 0 0 238000 238000 3603 
867 394 1 6 394 47.8914 0.985 0 0 0 239078 239078 3606 
868 394 1 6 394 47.8914 0.985 0 0 0 240127 240127 3610 
869 394 1 6 394 47.8914 0.985 0 0 0 241026 241026 3620 
870 394 1 6 394 47.8914 0.985 0 0 0 242118 242118 3623 
871 394 1 6 394 47.8914 0.985 0 0 0 243208 243208 3625 
872 394 1 6 394 47.8914 0.985 0 0 0 244100 244100 3628 
873 394 1 6 394 47.8914 0.985 0 0 0 245186 245186 3631 
874 394 1 6 394 47.8914 0.985 0 0 0 246617 246617 3635 
875 394 1 6 394 47.8914 0.985 0 0 0 247702 247702 3650 
876 394 1 6 394 47.8914 0.985 0 0 0 249058 249058 3654 
877 394 1 6 394 47.8914 0.985 0 0 0 250032 250032 3655 
878 394 1 6 394 47.8914 0.985 0 0 0 250842 250842 3663 
879 394 1 6 394 47.8914 0.985 0 0 0 251760 251760 3671 
880 394 1 6 394 47.8914 0.985 0 0 0 252548 252548 3681 
881 394 1 6 394 47.8914 0.985 0 0 0 253590 253590 3686 
882 394 1 6 394 47.8914 0.985 0 0 0 254709 254709 3690 
883 394 1 6 394 47.8914 0.985 0 0 0 255876 255876 3691 
884 394 1 6 394 47.8914 0.985 0 0 0 256681 256681 3708 
885 394 1 6 394 47.5097 0.985 0 0 0 257683 257683 3722 
886 394 1 6 394 47.5097 0.985 0 0 0 258765 258765 3723 
887 394 1 6 394 47.4924 0.985 0 0 0 259736 259736 3725 
888 394 1 6 394 47.4924 0.985 0 0 0 260672 260672 3733 
889 394 1 6 394 47.4924 0.985 0 0 0 261753 261753 3736 
890 394 1 6 394 47.4924 0.985 0 0 0 262961 262961 3737 
891 394 1 6 394 47.4924 0.985 0 0 0 263865 263865 3742 
892 394 1 6 394 47.4924 0.985 0 0 0 264935 264935 3743 
893 394 1 6 394 47.4924 0.985 0 0 0 266040 266040 3744 
894 394 1 6 394 47.4924 0.985 0 0 0 267421 267421 3747 
895 394 1 6 394 44.8933 0.985 0 0 0 268219 268219 3755 
896 394 1 6 394 44.8933 0.985 0 0 0 268994 268994 3763 
897 394 1 6 394 44.8933 0.985 0 0 0 270183 270183 3766 
898 394 1 6 394 44.8933 0.985 0 0 0 271199 271199 3779 
899 394 1 6 394 44.8933 0.985 0 0 0 272430 272430 3785 
900 394 1 6 394 44.8933 0.985 0 0 0 273356 273356 3790 
901 394 1 6 394 44.8933 0.985 0 0 0 274704 274704 3801 
902 394 1 6 394 44.8933 0.985 0 0 0 276295 276295 3809 
903 394 1 6 394 44.8933 0.985 0 0 0 277243 277243 3813 
904 394 1 6 394 44.8933 0.985 0 0 0 278593 278593 3822 
905 394 1 6 394 44.8933 0.985 0 0 0 279761 279761 3832 
906 394 1 6 394 44.8933 0.985 0 0 0 280552 280552 3841 
907 394 1 6 394 44.8933 0.985 0 0 0 281922 281922 3848 
908 394 1 6 394 44.8933 0.985 0 0 0 282828 282828 3856 
909 394 1 6 394 44.8933 0.985 0 0 0 285567 285567 3862 
910 394 1 6 394 44.8933 0.985 0 0 0 286739 286739 3866 
911 394 1 6 394 44.8933 0.985 0 0 0 287653 287653 3873 
912 395 1 6 395 52.5272 0.9875 0 0 0 289382 289382 3890 
913 395 1 6 395 52.5272 0.9875 0 0 0 290698 290698 3901 
914 395 1 6 395 52.5272 0.9875 0 0 0 291645 291645 3906 
915 395 1 6 395 46.452 0.9875 0 0 0 292578 292578 3912 
916 395 1 6 395 46.452 0.9875 0 0 0 293718 293718 3914 
917 395 1 6 395 45.9154 0.9875 0 0 0 294718 294718 3921 
918 395 1 6 395 45.9154 0.9875 0 0 0 295786 295786 3938 
919 395 1 6 395 45.9154 0.9875 0 0 0 297577 297577 3946 
920 395 1 6 395 45.9154 0.9875 0 0 0 299016 299016 3950 
921 395 1 6 395 45.7491 0.9875 0 0 0 300265 300265 3955 
922 395 1 6 395 45.7491 0.9875 0 0 0 301184 301184 3961 
923 395 1 6 395 45.7491 0.9875 0 0 0 302602 302602 3966 
924 395 1 6 395 45.7491 0.9875 0 0 0 303977 303977 3970 
925 395 1 6 395 45.7491 0.9875 0 0 0 305056 305056 3975 
926 395 1 6 395 45.7491 0.9875 0 0 0 306088 306088 3979 
927 395 1 6 395 45.7491 0.9875 0 0 0 307911 307911 3992 
928 395 1 6 395 45.7491 0.9875 0 0 0 308376 308376 3995 
929 395 1 6 395 45.7491 0.9875 0 0 0 309785 309785 4003 
930 395 1 6 395 45.7491 0.9875 0 0 0 310749 310749 4008 
931 395 1 6 395 45.7491 0.9875 0 0 0 311740 311740 4014 
932 395 1 6 395 45.5581 0.9875 0 0 0 312808 312808 4016 
933 395 1 6 395 45.5581 0.9875 0 0 0 313806 313806 4023 
934 395 1 6 395 44.5582 0.9875 0 0 0 314513 314513 4029 
935 395 1 6 395 44.5582 0.9875 0 0 0 315195 315195 4043 
936 395 1 6 395 44.5582 0.9875 0 0 0 316354 316354 4048 
937 395 1 6 395 44.5582 0.9875 0 0 0 317259 317259 4050 
938 395 1 6 395 44.5582 0.9875 0 0 0 318355 318355 4055 
939 395 1 6 395 44.5582 0.9875 0 0 0 319329 319329 4063 
940 395 1 6 395 44.5582 0.9875 0 0 0 320509 320509 4069 
941 395 1 6 395 44.5582 0.9875 0 0 0 323040 323040 4083 
942 395 1 6 395 44.5582 0.9875 0 0 0 323665 323665 4107 
943 395 1 6 395 44.5582 0.9875 0 0 0 324247 324247 4118 
944 395 1 6 395 44.5582 0.9875 0 0 0 325079 325079 4125 
945 395 1 6 395 44.5582 0.9875 0 0 0 326186 326186 4129 
946 395 1 6 395 44.5582 0.9875 0 0 0 327506 327506 4143 
947 395 1 6 395 44.5582 0.9875 0 0 0 328379 328379 4150 
948 395 1 6 395 44.5582 0.9875 0 0 0 329100 329100 4161 
949 395 1 6 395 44.5582 0.9875 0 0 0 330127 330127 4164 
950 395 1 6 395 44.5562 0.9875 0 0 0 331437 331437 4169 
951 395 1 6 395 43.4549 0.9875 0 0 0 332711 332711 4171 
952 395 1 6 395 43.4549 0.9875 0 0 0 333562 333562 4176 
953 395 1 6 395 43.4549 0.9875 0 0 0 334379 334379 4178 
954 395 1 6 395 43.4549 0.9875 0 0 0 335164 335164 4181 
955 395 1 6 395 43.4549 0.9875 0 0 0 335883 335883 4188 
956 395 1 6 395 43.4549 0.9875 0 0 0 336679 336679 4193 
957 395 1 6 395 42.7102 0.9875 0 0 0 337691 337691 4198 
958 395 1 6 395 42.7102 0.9875 0 0 0 338698 338698 4202 
959 395 1 6 395 42.7102 0.9875 0 0 0 339770 339770 4211 
960 395 1 6 395 42.7102 0.9875 0 0 0 340651 340651 4215 
961 395 1 6 395 42.7102 0.9875 0 0 0 341348 341348 4230 
962 395 1 6 395 42.7102 0.9875 0 0 0 342167 342167 4234 
963 395 1 6 395 42.7102 0.9875 0 0 0 343052 343052 4237 
964 395 1 6 395 42.7102 0.9875 0 0 0 344237 344237 4238 
965 395 1 6 395 42.7102 0.9875 0 0 0 345075 345075 4240 
966 395 1 6 395 42.7102 0.9875 0 0 0 345963 345963 4247 
967 395 1 6 395 42.7102 0.9875 0 0 0 346706 346706 4256 
968 395 1 6 395 42.7102 0.9875 0 0 0 347547 347547 4267 
969 395 1 6 395 42.7102 0.9875 0 0 0 348528 348528 4274 
970 395 1 6 395 42.7102 0.9875 0 0 0 349668 349668 4281 
971 395 1 6 395 42.7102 0.9875 0 0 0 350358 350358 4290 
972 395 1 6 395 42.7102 0.9875 0 0 0 351188 351188 4292 
973 395 1 6 395 42.7102 0.9875 0 0 0 351958 351958 4302 
974 395 1 6 395 42.7102 0.9875 0 0 0 352833 352833 4304 
975 395 1 6 395 42.7102 0.9875 0 0 0 354214 354214 4322 
976 395 1 6 395 42.7102 0.9875 0 0 0 355012 355012 4332 
977 395 1 6 395 42.7102 0.9875 0 0 0 356228 356228 4350 
978 395 1 6 395 42.7102 0.9875 0 0 0 357119 357119 4352 
979 395 1 6 395 42.7102 0.9875 0 0 0 357968 357968 4358 
980 395 1 6 395 42.7102 0.9875 0 0 0 358895 358895 4365 
981 395 1 6 395 42.7102 0.9875 0 0 0 359591 359591 4377 
982 395 1 6 395 42.7102 0.9875 0 0 0 359975 359975 4387 
983 395 1 6 395 42.7102 0.9875 0 0 0 360862 360862 4395 
984 395 1 6 395 41.7821 0.9875 0 0 0 361466 361466 4403 
985 395 1 6 395 41.7821 0.9875 0 0 0 362466 362466 4405 
986 395 1 6 395 41.7821 0.9875 0 0 0 363476 363476 4407 
987 395 1 6 395 41.7821 0.9875 0 0 0 364504 364504 4408 
988 395 1 6 395 41.7821 0.9875 0 0 0 365149 365149 4415 
989 395 1 6 395 41.7821 0.9875 0 0 0 365878 365878 4421 
990 395 1 6 395 41.7821 0.9875 0 0 0 367065 367065 4428 
991 395 1 6 395 41.7821 0.9875 0 0 0 368080 368080 4441 
992 395 1 6 395 41.7821 0.9875 0 0 0 368685 368685 4442 
993 395 1 6 395 41.7821 0.9875 0 0 0 369454 369454 4443 
994 395 1 6 395 41.7821 0.9875 0 0 0 370125 370125 4444 
995 395 1 6 395 41.7821 0.9875 0 0 0 370605 370605 4452 
996 395 1 6 395 41.7821 0.9875 0 0 0 371280 371280 4453 
997 395 1 6 395 41.7821 0.9875 0 0 0 372128 372128 4463 
998 395 1 6 395 41.7821 0.9875 0 0 0 372911 372911 4481 
999 395 1 6 395 41.7821 0.9875 0 0 0 373820 373820 4485 
1000 395 1 6 395 41.7821 0.9875 0 0 0 374864 374864 4492 
1001 398 1 6 398 55.8296 0.995 0 0 0 375750 375750 4508 
1002 398 1 6 398 55.0232 0.995 0 0 0 376803 376803 4517 
1003 398 1 6 398 52.651 0.995 0 0 0 377431 377431 4523 
1004 398 1 6 398 47.1283 0.995 0 0 0 377999 377999 4529 
1005 398 1 6 398 47.1283 0.995 0 0 0 379492 379492 4545 
1006 398 1 6 398 42.1735 0.995 0 0 0 380246 380246 4552 
1007 398 1 6 398 42.1735 0.995 0 0 0 380677 380677 4557 
1008 398 1 6 398 41.5258 0.995 0 0 0 381829 381829 4560 
1009 398 1 6 398 41.5258 0.995 0 0 0 382589 382589 4570 
1010 398 1 6 398 41.5258 0.995 0 0 0 383826 383826 4574 
1011 398 1 6 398 41.3303 0.995 0 0 0 384587 384587 4575 
