1 105 1 8.415 105 0 0.2625 0 0 0 0 0 0 
2 108 1 8.33085 108 0.1 0.27 0 0 0 0 0 1 
3 110 1 8.24754 110 0.195919 0.275 0 0 0 0 0 3 
4 112 1 8.16507 112 0.295919 0.28 0 0 0 0 0 4 
5 114 1 8.08342 114 0.395919 0.285 0 0 0 0 0 5 
6 115 1 8.00258 115 0.488365 0.2875 0 0 0 0 0 7 
7 115 1 7.92255 115 0.488365 0.2875 0 0 0 0 0 8 
8 122 1 7.84333 122 0.62186 0.305 0 0 0 0 0 10 
9 122 1 7.7649 122 0.62186 0.305 0 0 0 0 0 11 
10 122 1 7.68725 122 0.62186 0.305 0 0 0 0 0 12 
11 131 1 7.61037 131 0.72186 0.3275 0 0 0 0 0 13 
12 131 1 7.53427 131 0.72186 0.3275 0 0 0 0 0 14 
13 132 1 7.45893 132 1.03084 0.33 0 0 0 0 0 16 
14 133 1 7.38434 133 1.15732 0.3325 0 0 0 0 0 19 
15 141 1 7.3105 141 1.25557 0.3525 0 0 0 0 0 22 
16 141 1 7.23739 141 1.25557 0.3525 0 0 0 0 0 23 
17 142 1 7.16502 142 1.40416 0.355 0 0 0 0 0 25 
18 143 1 7.09337 143 1.50416 0.3575 0 0 0 0 0 26 
19 145 1 7.02243 145 1.65811 0.3625 0 0 0 0 0 28 
20 145 1 6.95221 145 1.65811 0.3625 0 0 0 0 0 29 
21 145 1 6.88269 145 1.65811 0.3625 0 0 0 0 0 30 
22 145 1 6.81386 145 1.65811 0.3625 0 0 0 0 0 31 
23 146 1 6.74572 146 1.7409 0.365 0 0 0 0 0 33 
24 146 1 6.67826 146 1.7409 0.365 0 0 0 0 0 34 
25 147 1 6.61148 147 2.02836 0.3675 0 0 0 0 0 36 
26 148 1 6.54537 148 2.08592 0.37 0 0 0 0 0 38 
27 148 1 6.47991 148 2.08592 0.37 0 0 0 0 0 42 
28 148 1 6.41511 148 2.08592 0.37 0 0 0 0 0 43 
29 148 1 6.35096 148 2.08592 0.37 0 0 0 0 0 44 
30 150 1 6.28745 150 2.51612 0.375 0 0 0 1 1 46 
31 150 1 6.22458 150 2.51612 0.375 0 0 0 2 2 47 
32 150 1 6.16233 150 2.51612 0.375 0 0 0 3 3 48 
33 150 1 6.10071 150 2.51612 0.375 0 0 0 4 4 49 
34 150 1 6.0397 150 2.51612 0.375 0 0 0 5 5 50 
35 150 1 5.97931 150 2.51612 0.375 0 0 0 6 6 51 
36 150 1 5.91951 150 2.51612 0.375 0 0 0 7 7 52 
37 150 1 5.86032 150 2.51612 0.375 0 0 0 8 8 53 
38 150 1 5.80171 150 2.51612 0.375 0 0 0 9 9 54 
39 150 1 5.7437 150 2.51612 0.375 0 0 0 10 10 55 
40 150 1 5.68626 150 2.51612 0.375 0 0 0 11 11 56 
41 150 1 5.6294 150 2.51612 0.375 0 0 0 12 12 57 
42 150 1 5.5731 150 2.51612 0.375 0 0 0 13 13 58 
43 151 1 5.51737 151 3.0701 0.3775 0 0 0 14 14 60 
44 152 1 5.4622 152 3.12806 0.38 0 0 0 15 15 62 
45 152 1 5.40758 152 3.12806 0.38 0 0 0 16 16 63 
46 152 1 5.3535 152 3.12806 0.38 0 0 0 17 17 64 
47 152 1 5.29997 152 3.12806 0.38 0 0 0 18 18 65 
48 152 1 5.24697 152 3.12806 0.38 0 0 0 20 20 66 
49 152 1 5.1945 152 3.12806 0.38 0 0 0 21 21 67 
50 152 1 5.14255 152 3.12806 0.38 0 0 0 23 23 68 
51 152 1 5.09113 152 3.12806 0.38 0 0 0 24 24 69 
52 152 1 5.04022 152 3.12806 0.38 0 0 0 25 25 70 
53 152 1 4.98981 152 3.12806 0.38 0 0 0 26 26 71 
54 152 1 4.93991 152 3.12806 0.38 0 0 0 27 27 72 
55 159 1 4.89052 159 3.53263 0.3975 0 0 0 28 28 74 
56 159 1 4.84161 159 3.53263 0.3975 0 0 0 30 30 75 
57 165 1 4.79319 165 3.88679 0.4125 0 0 0 31 31 78 
58 165 1 4.74526 165 3.88679 0.4125 0 0 0 32 32 79 
59 165 1 4.69781 165 3.88679 0.4125 0 0 0 34 34 80 
60 165 1 4.65083 165 3.88679 0.4125 0 0 0 36 36 81 
61 165 1 4.60432 165 3.88679 0.4125 0 0 0 38 38 82 
62 166 1 4.55828 166 4.53395 0.415 0 0 0 40 40 85 
63 166 1 4.5127 166 4.53395 0.415 0 0 0 42 42 86 
64 166 1 4.46757 166 4.53395 0.415 0 0 0 44 44 87 
65 166 1 4.42289 166 4.53395 0.415 0 0 0 46 46 88 
66 166 1 4.37866 166 4.53395 0.415 0 0 0 48 48 89 
67 166 1 4.33488 166 4.53395 0.415 0 0 0 50 50 90 
68 166 1 4.29153 166 4.53395 0.415 0 0 0 52 52 91 
69 166 1 4.24861 166 4.53395 0.415 0 0 0 54 54 92 
70 166 1 4.20613 166 4.53395 0.415 0 0 0 56 56 95 
71 166 1 4.16407 166 4.53395 0.415 0 0 0 58 58 96 
72 166 1 4.12243 166 4.53395 0.415 0 0 0 60 60 97 
73 166 1 4.0812 166 4.53395 0.415 0 0 0 62 62 98 
74 166 1 4.04039 166 4.53395 0.415 0 0 0 64 64 99 
75 166 1 3.99999 166 4.53395 0.415 0 0 0 66 66 100 
76 166 1 3.95999 166 4.53395 0.415 0 0 0 67 67 101 
77 166 1 3.92039 166 4.53395 0.415 0 0 0 69 69 102 
78 166 1 3.88118 166 4.53395 0.415 0 0 0 70 70 103 
79 166 1 3.84237 166 4.53395 0.415 0 0 0 72 72 104 
80 166 1 3.80395 166 4.53395 0.415 0 0 0 74 74 105 
81 166 1 3.76591 166 4.53395 0.415 0 0 0 76 76 106 
82 166 1 3.72825 166 4.53395 0.415 0 0 0 78 78 107 
83 166 1 3.69097 166 4.53395 0.415 0 0 0 80 80 108 
84 166 1 3.65406 166 4.53395 0.415 0 0 0 82 82 109 
85 166 1 3.61752 166 4.53395 0.415 0 0 0 84 84 110 
86 166 1 3.58134 166 4.53395 0.415 0 0 0 86 86 111 
87 166 1 3.54553 166 4.53395 0.415 0 0 0 88 88 112 
88 166 1 3.51007 166 4.53395 0.415 0 0 0 90 90 115 
89 166 1 3.47497 166 4.53395 0.415 0 0 0 92 92 116 
90 166 1 3.44022 166 4.53395 0.415 0 0 0 94 94 117 
91 166 1 3.40582 166 4.53395 0.415 0 0 0 96 96 118 
92 166 1 3.37176 166 4.53395 0.415 0 0 0 98 98 119 
93 166 1 3.33804 166 4.53395 0.415 0 0 0 100 100 120 
94 166 1 3.30466 166 4.53395 0.415 0 0 0 102 102 121 
95 178 1 3.27162 178 5.67023 0.445 0 0 0 106 106 128 
96 181 1 3.2389 181 7.09345 0.4525 0 0 0 110 110 134 
97 182 1 3.20651 182 5.97261 0.455 0 0 0 113 113 138 
98 182 1 3.17445 182 5.97261 0.455 0 0 0 116 116 139 
99 182 1 3.1427 182 5.97261 0.455 0 0 0 119 119 140 
100 187 1 3.11127 187 6.52124 0.4675 0 0 0 122 122 143 
101 187 1 3.08016 187 6.52124 0.4675 0 0 0 125 125 144 
102 187 1 3.04936 187 6.52124 0.4675 0 0 0 129 129 145 
103 187 1 3.01887 187 6.52124 0.4675 0 0 0 133 133 146 
104 187 1 2.98868 187 6.52124 0.4675 0 0 0 138 138 147 
105 187 1 2.95879 187 6.52124 0.4675 0 0 0 142 142 148 
106 187 1 2.9292 187 6.52124 0.4675 0 0 0 145 145 149 
107 187 1 2.89991 187 6.52124 0.4675 0 0 0 148 148 150 
108 187 1 2.87091 187 6.52124 0.4675 0 0 0 152 152 151 
109 187 1 2.8422 187 6.52124 0.4675 0 0 0 156 156 152 
110 187 1 2.81378 187 6.52124 0.4675 0 0 0 160 160 153 
111 187 1 2.78564 187 6.52124 0.4675 0 0 0 163 163 154 
112 187 1 2.75779 187 6.52124 0.4675 0 0 0 166 166 155 
113 187 1 2.73021 187 6.52124 0.4675 0 0 0 170 170 156 
114 187 1 2.70291 187 6.52124 0.4675 0 0 0 173 173 157 
115 187 1 2.67588 187 6.52124 0.4675 0 0 0 176 176 158 
116 187 1 2.64912 187 6.52124 0.4675 0 0 0 179 179 159 
117 187 1 2.62263 187 6.52124 0.4675 0 0 0 183 183 160 
118 187 1 2.5964 187 6.52124 0.4675 0 0 0 187 187 161 
119 187 1 2.57044 187 6.52124 0.4675 0 0 0 190 190 162 
120 193 1 2.54473 193 6.6961 0.4825 0 0 0 193 193 168 
121 193 1 2.51929 193 6.6961 0.4825 0 0 0 197 197 169 
122 193 1 2.49409 193 6.6961 0.4825 0 0 0 200 200 170 
123 196 1 2.46915 196 8.95808 0.49 0 0 0 206 206 176 
124 196 1 2.44446 196 8.95808 0.49 0 0 0 212 212 177 
125 196 1 2.42002 196 8.95808 0.49 0 0 0 218 218 183 
126 196 1 2.39582 196 8.7704 0.49 0 0 0 225 225 187 
127 196 1 2.37186 196 8.7704 0.49 0 0 0 233 233 193 
128 211 1 2.34814 211 10.5642 0.5275 0 0 0 244 244 198 
129 211 1 2.32466 211 10.4751 0.5275 0 0 0 255 255 201 
130 211 1 2.30141 211 10.4751 0.5275 0 0 0 266 266 204 
131 211 1 2.2784 211 10.4521 0.5275 0 0 0 284 284 206 
132 211 1 2.25561 211 10.4467 0.5275 0 0 0 296 296 209 
133 211 1 2.23306 211 10.4467 0.5275 0 0 0 308 308 210 
134 211 1 2.21073 211 9.99839 0.5275 0 0 0 321 321 215 
135 211 1 2.18862 211 9.33155 0.5275 0 0 0 333 333 219 
136 211 1 2.16673 211 9.33155 0.5275 0 0 0 346 346 220 
137 211 1 2.14507 211 9.33155 0.5275 0 0 0 358 358 221 
138 211 1 2.12361 211 9.33155 0.5275 0 0 0 371 371 222 
139 211 1 2.10238 211 9.33155 0.5275 0 0 0 384 384 223 
140 211 1 2.08135 211 9.33155 0.5275 0 0 0 400 400 224 
141 211 1 2.06054 211 9.33155 0.5275 0 0 0 412 412 225 
142 213 1 2.03994 213 8.91069 0.5325 0 0 0 420 420 232 
143 213 1 2.01954 213 8.91069 0.5325 0 0 0 428 428 234 
144 231 1 1.99934 231 9.13967 0.5775 0 0 0 437 437 238 
145 232 1 1.97935 232 9.1642 0.58 0 0 0 445 445 242 
146 232 1 1.95955 232 8.95495 0.58 0 0 0 453 453 244 
147 232 1 1.93996 232 8.95495 0.58 0 0 0 462 462 245 
148 232 1 1.92056 232 8.95495 0.58 0 0 0 473 473 250 
149 232 1 1.90135 232 8.95495 0.58 0 0 0 484 484 253 
150 232 1 1.88234 232 8.95495 0.58 0 0 0 494 494 254 
151 232 1 1.86352 232 8.95495 0.58 0 0 0 503 503 255 
152 232 1 1.84488 232 8.95495 0.58 0 0 0 513 513 256 
153 232 1 1.82643 232 8.95495 0.58 0 0 0 523 523 257 
154 233 1 1.80817 233 10.1814 0.5825 0 0 0 536 536 266 
155 233 1 1.79009 233 10.1814 0.5825 0 0 0 555 555 267 
156 233 1 1.77219 233 10.1064 0.5825 0 0 0 570 570 269 
157 233 1 1.75446 233 10.1064 0.5825 0 0 0 586 586 270 
158 233 1 1.73692 233 9.91282 0.5825 0 0 0 602 602 271 
159 233 1 1.71955 233 9.91282 0.5825 0 0 0 619 619 272 
160 233 1 1.70235 233 9.91282 0.5825 0 0 0 637 637 273 
161 233 1 1.68533 233 9.91282 0.5825 0 0 0 656 656 274 
162 233 1 1.66848 233 9.91282 0.5825 0 0 0 672 672 275 
163 233 1 1.65179 233 9.91282 0.5825 0 0 0 691 691 276 
164 233 1 1.63528 233 9.91282 0.5825 0 0 0 714 714 277 
165 233 1 1.61892 233 9.91282 0.5825 0 0 0 737 737 281 
166 233 1 1.60273 233 9.91282 0.5825 0 0 0 757 757 284 
167 233 1 1.58671 233 9.91282 0.5825 0 0 0 780 780 286 
168 233 1 1.57084 233 9.91282 0.5825 0 0 0 801 801 288 
169 233 1 1.55513 233 9.91282 0.5825 0 0 0 827 827 292 
170 233 1 1.53958 233 9.91282 0.5825 0 0 0 854 854 294 
171 236 1 1.52418 236 12.1392 0.59 0 0 0 908 908 303 
172 236 1 1.50894 236 12.1392 0.59 0 0 0 963 963 304 
173 237 1 1.49385 237 10.0178 0.5925 0 0 0 999 999 307 
174 237 1 1.47891 237 10.0178 0.5925 0 0 0 1026 1026 308 
175 237 1 1.46412 237 10.0178 0.5925 0 0 0 1063 1063 310 
176 237 1 1.44948 237 10.0178 0.5925 0 0 0 1099 1099 311 
177 237 1 1.43499 237 10.0178 0.5925 0 0 0 1134 1134 312 
178 237 1 1.42064 237 10.0178 0.5925 0 0 0 1172 1172 313 
179 237 1 1.40643 237 7.54449 0.5925 0 0 0 1201 1201 315 
180 243 1 1.39237 243 8.29305 0.6075 0 0 0 1251 1251 322 
181 245 1 1.37844 245 8.28149 0.6125 0 0 0 1308 1308 330 
182 245 1 1.36466 245 8.28149 0.6125 0 0 0 1366 1366 333 
183 253 1 1.35101 253 8.13437 0.6325 0 0 0 1448 1448 338 
184 253 1 1.3375 253 8.08763 0.6325 0 0 0 1515 1515 340 
185 253 1 1.32413 253 8.08763 0.6325 0 0 0 1566 1566 341 
186 253 1 1.31089 253 8.03798 0.6325 0 0 0 1652 1652 342 
187 253 1 1.29778 253 8.03798 0.6325 0 0 0 1724 1724 349 
188 253 1 1.2848 253 8.03798 0.6325 0 0 0 1841 1841 352 
189 253 1 1.27195 253 8.03798 0.6325 0 0 0 1918 1918 357 
190 253 1 1.25923 253 8.03798 0.6325 0 0 0 2032 2032 361 
191 253 1 1.24664 253 8.03798 0.6325 0 0 0 2112 2112 363 
192 253 1 1.23417 253 7.86452 0.6325 0 0 0 2200 2200 365 
193 253 1 1.22183 253 7.86452 0.6325 0 0 0 2294 2294 366 
194 253 1 1.20961 253 7.86452 0.6325 0 0 0 2383 2383 367 
195 253 1 1.19752 253 7.86452 0.6325 0 0 0 2470 2470 368 
196 259 1 1.18554 259 8.22977 0.6475 0 0 0 2560 2560 371 
197 259 1 1.17369 259 8.22977 0.6475 0 0 0 2664 2664 376 
198 259 1 1.16195 259 8.22977 0.6475 0 0 0 2786 2786 379 
199 259 1 1.15033 259 8.22977 0.6475 0 0 0 2913 2913 381 
200 259 1 1.13883 259 8.09852 0.6475 0 0 0 3028 3028 383 
201 259 1 1.12744 259 8.09852 0.6475 0 0 0 3137 3137 386 
202 259 1 1.11616 259 8.09852 0.6475 0 0 0 3262 3262 389 
203 259 1 1.105 259 8.09852 0.6475 0 0 0 3397 3397 392 
204 259 1 1.09395 259 8.09852 0.6475 0 0 0 3528 3528 395 
205 259 1 1.08301 259 8.09852 0.6475 0 0 0 3604 3604 399 
206 260 1 1.07218 260 8.62547 0.65 0 0 0 3727 3727 406 
207 260 1 1.06146 260 8.42611 0.65 0 0 0 3833 3833 409 
208 260 1 1.05085 260 8.42611 0.65 0 0 0 4043 4043 413 
209 260 1 1.04034 260 8.42611 0.65 0 0 0 4231 4231 415 
210 266 1 1.02994 266 8.4771 0.665 0 0 0 4437 4437 419 
211 266 1 1.01964 266 8.40573 0.665 0 0 0 4605 4605 420 
212 266 1 1.00944 266 8.24192 0.665 0 0 0 4769 4769 423 
213 266 1 0.999345 266 8.24192 0.665 0 0 0 4966 4966 425 
214 266 1 0.989352 266 8.24192 0.665 0 0 0 5168 5168 426 
215 266 1 0.979458 266 8.24192 0.665 0 0 0 5436 5436 429 
216 266 1 0.969664 266 8.24192 0.665 0 0 0 5645 5645 434 
217 266 1 0.959967 266 8.24192 0.665 0 0 0 5982 5982 439 
218 266 1 0.950367 266 8.14454 0.665 0 0 0 6301 6301 440 
219 266 1 0.940863 266 8.14454 0.665 0 0 0 6498 6498 443 
220 266 1 0.931455 266 8.14454 0.665 0 0 0 6794 6794 445 
221 266 1 0.92214 266 8.14454 0.665 0 0 0 7096 7096 446 
222 266 1 0.912919 266 8.14454 0.665 0 0 0 7352 7352 450 
223 266 1 0.90379 266 8.10557 0.665 0 0 0 7676 7676 451 
224 266 1 0.894752 266 7.94703 0.665 0 0 0 8048 8048 454 
225 266 1 0.885804 266 7.94703 0.665 0 0 0 8416 8416 455 
226 266 1 0.876946 266 7.9399 0.665 0 0 0 8662 8662 457 
227 266 1 0.868177 266 7.84126 0.665 0 0 0 8933 8933 459 
228 266 1 0.859495 266 7.84126 0.665 0 0 0 9308 9308 462 
229 266 1 0.8509 266 7.84126 0.665 0 0 0 9503 9503 464 
230 277 1 0.842391 277 8.08374 0.6925 0 0 0 9681 9681 466 
231 277 1 0.833967 277 7.82283 0.6925 0 0 0 9887 9887 468 
232 277 1 0.825628 277 7.82283 0.6925 0 0 0 10050 10050 469 
233 277 1 0.817371 277 7.82168 0.6925 0 0 0 10326 10326 472 
234 277 1 0.809198 277 7.7292 0.6925 0 0 0 10566 10566 474 
235 277 1 0.801106 277 7.7292 0.6925 0 0 0 10803 10803 475 
236 277 1 0.793095 277 7.7292 0.6925 0 0 0 10997 10997 477 
237 277 1 0.785164 277 7.7292 0.6925 0 0 0 11455 11455 478 
238 277 1 0.777312 277 7.59351 0.6925 0 0 0 11672 11672 479 
239 277 1 0.769539 277 7.58774 0.6925 0 0 0 11945 11945 480 
240 277 1 0.761844 277 7.58774 0.6925 0 0 0 12225 12225 481 
241 277 1 0.754225 277 7.56772 0.6925 0 0 0 12544 12544 483 
242 277 1 0.746683 277 7.56772 0.6925 0 0 0 13001 13001 484 
243 277 1 0.739216 277 7.56772 0.6925 0 0 0 13341 13341 485 
244 277 1 0.731824 277 7.48998 0.6925 0 0 0 13676 13676 486 
245 283 1 0.724506 283 7.63431 0.7075 0 0 0 13936 13936 488 
246 283 1 0.717261 283 7.63431 0.7075 0 0 0 14305 14305 491 
247 283 1 0.710088 283 7.53063 0.7075 0 0 0 14615 14615 492 
248 283 1 0.702987 283 7.47619 0.7075 0 0 0 14889 14889 494 
249 283 1 0.695957 283 7.47619 0.7075 0 0 0 15249 15249 495 
250 283 1 0.688998 283 7.47619 0.7075 0 0 0 15742 15742 496 
251 284 1 0.682108 284 11.3883 0.71 0 0 0 16774 16774 501 
252 284 1 0.675287 284 11.1952 0.71 0 0 0 17524 17524 502 
253 284 1 0.668534 284 11.1952 0.71 0 0 0 18629 18629 503 
254 284 1 0.661848 284 11.1952 0.71 0 0 0 20002 20002 504 
255 284 1 0.65523 284 11.1314 0.71 0 0 0 21137 21137 506 
256 284 1 0.648678 284 11.1314 0.71 0 0 0 22915 22915 508 
257 284 1 0.642191 284 11.0729 0.71 0 0 0 24561 24561 509 
258 284 1 0.635769 284 11.0729 0.71 0 0 0 26450 26450 510 
259 284 1 0.629411 284 11.0729 0.71 0 0 0 33022 33022 512 
260 284 1 0.623117 284 11.0729 0.71 0 0 0 39088 39088 516 
261 284 1 0.616886 284 11.054 0.71 0 0 0 48615 48615 521 
262 284 1 0.610717 284 11.054 0.71 0 0 0 56247 56247 522 
263 284 1 0.60461 284 11.054 0.71 0 0 0 65158 65158 529 
264 284 1 0.598564 284 11.041 0.71 0 0 0 74106 74106 533 
265 284 1 0.592578 284 11.041 0.71 0 0 0 89182 89182 534 
266 284 1 0.586652 284 11.041 0.71 0 0 0 101344 101344 535 
267 284 1 0.580786 284 11.041 0.71 0 0 0 116604 116604 541 
268 284 1 0.574978 284 10.8638 0.71 0 0 0 131305 131305 544 
269 284 1 0.569228 284 10.8638 0.71 0 0 0 146472 146472 547 
270 284 1 0.563536 284 10.8638 0.71 0 0 0 154507 154507 551 
271 284 1 0.557901 284 10.8638 0.71 0 0 0 170674 170674 554 
272 284 1 0.552322 284 10.4387 0.71 0 0 0 184082 184082 555 
273 284 1 0.546798 284 10.4387 0.71 0 0 0 192779 192779 557 
274 284 1 0.54133 284 10.4387 0.71 0 0 0 201180 201180 558 
275 284 1 0.535917 284 10.4387 0.71 0 0 0 210105 210105 559 
276 284 1 0.530558 284 10.4387 0.71 0 0 0 228221 228221 561 
277 284 1 0.525252 284 10.4387 0.71 0 0 0 245580 245580 562 
278 284 1 0.52 284 10.4387 0.71 0 0 0 278993 278993 563 
279 284 1 0.5148 284 10.4387 0.71 0 0 0 298988 298988 564 
280 287 1 0.509652 287 12.0883 0.7175 0 0 0 331211 331211 570 
281 295 1 0.504555 295 10.5963 0.7375 0 0 0 358570 358570 574 
282 295 1 0.49951 295 10.1683 0.7375 0 0 0 400038 400038 576 
283 295 1 0.494515 295 10.1683 0.7375 0 0 0 418060 418060 577 
284 295 1 0.489569 295 10.1683 0.7375 0 0 0 459526 459526 580 
285 295 1 0.484674 295 9.95278 0.7375 0 0 0 470892 470892 583 
286 295 1 0.479827 295 9.95278 0.7375 0 0 0 520953 520953 584 
287 295 1 0.475029 295 9.91329 0.7375 0 0 0 546809 546809 585 
288 298 1 0.470278 298 10.7368 0.745 0 0 0 661376 661376 588 
289 298 1 0.465576 298 10.2917 0.745 0 0 0 710920 710920 592 
290 300 1 0.46092 300 10.6247 0.75 0 0 0 874821 874821 594 
291 300 1 0.456311 300 10.6247 0.75 0 0 0 978903 978903 597 
292 300 1 0.451748 300 10.2691 0.75 0 0 0 1108078 1108078 599 
293 300 1 0.44723 300 10.1288 0.75 0 0 0 1237900 1237900 601 
294 300 1 0.442758 300 10.1288 0.75 0 0 0 1384986 1384986 602 
295 300 1 0.43833 300 10.1288 0.75 0 0 0 1534883 1534883 603 
296 300 1 0.433947 300 10.1288 0.75 0 0 0 1714174 1714174 604 
