1 105 1 0.495 105 0 0.2625 0 0 0 0 0 0 
2 108 1 0.49005 108 0.1 0.27 0 0 0 0 0 1 
3 110 1 0.48515 110 0.195919 0.275 0 0 0 0 0 3 
4 112 1 0.480298 112 0.295919 0.28 0 0 0 0 0 4 
5 114 1 0.475495 114 0.395919 0.285 0 0 0 0 0 5 
6 115 1 0.47074 115 0.488365 0.2875 0 0 0 0 0 7 
7 115 1 0.466033 115 0.488365 0.2875 0 0 0 0 0 8 
8 122 1 0.461372 122 0.62186 0.305 0 0 0 0 0 10 
9 122 1 0.456759 122 0.62186 0.305 0 0 0 0 0 11 
10 122 1 0.452191 122 0.62186 0.305 0 0 0 0 0 12 
11 131 1 0.447669 131 0.72186 0.3275 0 0 0 0 0 13 
12 131 1 0.443192 131 0.72186 0.3275 0 0 0 0 0 14 
13 132 1 0.43876 132 1.03084 0.33 0 0 0 0 0 16 
14 133 1 0.434373 133 1.32977 0.3325 0 0 0 1 1 21 
15 141 1 0.430029 141 1.49894 0.3525 0 0 0 3 3 23 
16 141 1 0.425729 141 1.49894 0.3525 0 0 0 4 4 24 
17 142 1 0.421472 142 1.55693 0.355 0 0 0 6 6 27 
18 143 1 0.417257 143 1.4032 0.3575 0 0 0 8 8 28 
19 145 1 0.413084 145 1.54461 0.3625 0 0 0 10 10 31 
20 145 1 0.408953 145 1.5146 0.3625 0 0 0 12 12 34 
21 145 1 0.404864 145 1.5146 0.3625 0 0 0 14 14 35 
22 145 1 0.400815 145 1.48378 0.3625 0 0 0 16 16 36 
23 146 1 0.396807 146 1.63993 0.365 0 0 0 19 19 38 
24 146 1 0.392839 146 1.63993 0.365 0 0 0 20 20 41 
25 147 1 0.388911 147 1.83177 0.3675 0 0 0 22 22 44 
26 148 1 0.385022 148 1.9108 0.37 0 0 0 24 24 46 
27 148 1 0.381171 148 1.9108 0.37 0 0 0 27 27 47 
28 148 1 0.37736 148 1.84437 0.37 0 0 0 29 29 49 
29 148 1 0.373586 148 1.84437 0.37 0 0 0 31 31 50 
30 150 1 0.36985 150 2.1707 0.375 0 0 0 34 34 52 
31 150 1 0.366152 150 2.1707 0.375 0 0 0 38 38 53 
32 150 1 0.36249 150 2.1707 0.375 0 0 0 42 42 54 
33 150 1 0.358865 150 2.1707 0.375 0 0 0 46 46 55 
34 150 1 0.355277 150 2.12231 0.375 0 0 0 50 50 57 
35 150 1 0.351724 150 2.09869 0.375 0 0 0 54 54 59 
36 150 1 0.348207 150 2.09869 0.375 0 0 0 59 59 60 
37 150 1 0.344725 150 2.09869 0.375 0 0 0 63 63 61 
38 150 1 0.341277 150 2.09869 0.375 0 0 0 67 67 62 
39 150 1 0.337864 150 2.09869 0.375 0 0 0 72 72 63 
40 150 1 0.334486 150 2.09869 0.375 0 0 0 77 77 66 
41 150 1 0.331141 150 2.09869 0.375 0 0 0 82 82 67 
42 150 1 0.32783 150 2.09869 0.375 0 0 0 86 86 68 
43 151 1 0.324551 151 2.65267 0.3775 0 0 0 93 93 70 
44 152 1 0.321306 152 2.71063 0.38 0 0 0 100 100 72 
45 152 1 0.318093 152 2.66436 0.38 0 0 0 106 106 73 
46 152 1 0.314912 152 2.66436 0.38 0 0 0 113 113 74 
47 152 1 0.311763 152 2.66436 0.38 0 0 0 120 120 75 
48 152 1 0.308645 152 2.6218 0.38 0 0 0 126 126 76 
49 152 1 0.305559 152 2.6218 0.38 0 0 0 133 133 77 
50 152 1 0.302503 152 2.6218 0.38 0 0 0 140 140 78 
51 152 1 0.299478 152 2.6218 0.38 0 0 0 147 147 79 
52 152 1 0.296483 152 2.6218 0.38 0 0 0 154 154 80 
53 152 1 0.293518 152 2.6218 0.38 0 0 0 160 160 81 
54 152 1 0.290583 152 2.6218 0.38 0 0 0 167 167 82 
55 159 1 0.287677 159 3.02637 0.3975 0 0 0 175 175 84 
56 159 1 0.284801 159 3.02637 0.3975 0 0 0 182 182 85 
57 165 1 0.281953 165 3.11642 0.4125 0 0 0 198 198 92 
58 165 1 0.279133 165 3.11642 0.4125 0 0 0 214 214 95 
59 165 1 0.276342 165 3.11642 0.4125 0 0 0 232 232 96 
60 165 1 0.273578 165 3.11642 0.4125 0 0 0 251 251 97 
61 165 1 0.270843 165 3.11642 0.4125 0 0 0 269 269 100 
62 166 1 0.268134 166 3.40099 0.415 0 0 0 324 324 104 
63 166 1 0.265453 166 3.40099 0.415 0 0 0 382 382 108 
64 166 1 0.262798 166 3.40099 0.415 0 0 0 449 449 109 
65 166 1 0.26017 166 3.40099 0.415 0 0 0 514 514 110 
66 166 1 0.257569 166 3.40099 0.415 0 0 0 581 581 111 
67 166 1 0.254993 166 3.40099 0.415 0 0 0 653 653 112 
68 166 1 0.252443 166 3.40099 0.415 0 0 0 719 719 113 
69 166 1 0.249918 166 3.40099 0.415 0 0 0 796 796 114 
70 166 1 0.247419 166 3.40099 0.415 0 0 0 878 878 115 
71 166 1 0.244945 166 3.40099 0.415 0 0 0 960 960 118 
72 166 1 0.242496 166 3.40099 0.415 0 0 0 1044 1044 119 
73 166 1 0.240071 166 3.25589 0.415 0 0 0 1139 1139 122 
74 166 1 0.23767 166 3.23699 0.415 0 0 0 1251 1251 123 
75 166 1 0.235293 166 3.23699 0.415 0 0 0 1331 1331 124 
76 166 1 0.23294 166 3.23699 0.415 0 0 0 1437 1437 125 
77 166 1 0.230611 166 3.23699 0.415 0 0 0 1524 1524 126 
78 166 1 0.228305 166 3.23699 0.415 0 0 0 1620 1620 127 
79 166 1 0.226022 166 3.23699 0.415 0 0 0 1730 1730 128 
80 166 1 0.223762 166 3.23699 0.415 0 0 0 1851 1851 133 
81 166 1 0.221524 166 3.23699 0.415 0 0 0 1971 1971 134 
82 166 1 0.219309 166 3.23699 0.415 0 0 0 2099 2099 137 
83 166 1 0.217116 166 3.23699 0.415 0 0 0 2232 2232 138 
84 166 1 0.214944 166 3.23699 0.415 0 0 0 2363 2363 140 
85 166 1 0.212795 166 3.23699 0.415 0 0 0 2483 2483 141 
86 166 1 0.210667 166 3.23699 0.415 0 0 0 2625 2625 142 
87 166 1 0.20856 166 3.23699 0.415 0 0 0 2767 2767 143 
88 166 1 0.206475 166 3.23699 0.415 0 0 0 3038 3038 144 
89 166 1 0.20441 166 3.23699 0.415 0 0 0 3287 3287 147 
90 166 1 0.202366 166 3.23699 0.415 0 0 0 3525 3525 148 
91 166 1 0.200342 166 3.23699 0.415 0 0 0 3732 3732 149 
92 166 1 0.198339 166 3.23699 0.415 0 0 0 3934 3934 150 
93 166 1 0.196355 166 3.23699 0.415 0 0 0 4144 4144 151 
94 166 1 0.194392 166 3.23699 0.415 0 0 0 4351 4351 152 
95 178 1 0.192448 178 3.59983 0.445 0 0 0 4780 4780 158 
96 181 1 0.190524 181 4.54412 0.4525 0 0 0 5319 5319 160 
97 182 1 0.188618 182 4.57725 0.455 0 0 0 5835 5835 163 
98 182 1 0.186732 182 4.57725 0.455 0 0 0 6364 6364 164 
99 182 1 0.184865 182 4.57725 0.455 0 0 0 6975 6975 165 
100 187 1 0.183016 187 5.26838 0.4675 0 0 0 7928 7928 169 
101 187 1 0.181186 187 5.19154 0.4675 0 0 0 8848 8848 173 
102 187 1 0.179374 187 5.11337 0.4675 0 0 0 9769 9769 176 
103 187 1 0.17758 187 5.11337 0.4675 0 0 0 10739 10739 178 
104 187 1 0.175805 187 5.10344 0.4675 0 0 0 11704 11704 181 
105 187 1 0.174047 187 5.10333 0.4675 0 0 0 12729 12729 182 
106 187 1 0.172306 187 5.10333 0.4675 0 0 0 13779 13779 183 
107 187 1 0.170583 187 5.10068 0.4675 0 0 0 14905 14905 184 
108 187 1 0.168877 187 5.10068 0.4675 0 0 0 15992 15992 185 
109 187 1 0.167188 187 5.10068 0.4675 0 0 0 17142 17142 186 
110 187 1 0.165517 187 5.08739 0.4675 0 0 0 18321 18321 187 
111 187 1 0.163861 187 5.08739 0.4675 0 0 0 19503 19503 188 
112 187 1 0.162223 187 5.08739 0.4675 0 0 0 20811 20811 190 
113 187 1 0.160601 187 5.08739 0.4675 0 0 0 22074 22074 191 
114 187 1 0.158995 187 5.08739 0.4675 0 0 0 23376 23376 193 
115 187 1 0.157405 187 5.08739 0.4675 0 0 0 24736 24736 194 
116 187 1 0.155831 187 5.08739 0.4675 0 0 0 26096 26096 196 
117 187 1 0.154272 187 5.08739 0.4675 0 0 0 27459 27459 197 
118 187 1 0.15273 187 5.08739 0.4675 0 0 0 28966 28966 201 
119 187 1 0.151202 187 5.07183 0.4675 0 0 0 30495 30495 202 
120 193 1 0.14969 193 5.37614 0.4825 0 0 0 32787 32787 207 
121 193 1 0.148193 193 5.37614 0.4825 0 0 0 35097 35097 208 
122 193 1 0.146711 193 5.37614 0.4825 0 0 0 37264 37264 209 
123 196 1 0.145244 196 7.56619 0.49 0 0 0 40338 40338 213 
124 196 1 0.143792 196 7.51512 0.49 0 0 0 43383 43383 219 
125 196 1 0.142354 196 7.51512 0.49 0 0 0 46500 46500 220 
126 196 1 0.14093 196 7.51512 0.49 0 0 0 49628 49628 221 
127 196 1 0.139521 196 7.51512 0.49 0 0 0 53543 53543 222 
128 211 1 0.138126 211 7.67487 0.5275 0 0 0 60521 60521 228 
129 211 1 0.136745 211 7.63496 0.5275 0 0 0 66622 66622 231 
130 211 1 0.135377 211 7.63496 0.5275 0 0 0 73356 73356 235 
131 211 1 0.134023 211 7.63496 0.5275 0 0 0 80772 80772 236 
132 211 1 0.132683 211 7.63496 0.5275 0 0 0 88091 88091 239 
133 211 1 0.131356 211 7.63496 0.5275 0 0 0 95564 95564 241 
134 211 1 0.130043 211 7.63496 0.5275 0 0 0 103467 103467 242 
135 211 1 0.128742 211 7.62063 0.5275 0 0 0 111495 111495 243 
136 211 1 0.127455 211 7.62063 0.5275 0 0 0 119468 119468 244 
137 211 1 0.12618 211 7.62063 0.5275 0 0 0 127693 127693 245 
138 211 1 0.124919 211 7.62063 0.5275 0 0 0 136277 136277 246 
139 211 1 0.123669 211 7.62063 0.5275 0 0 0 145927 145927 247 
140 211 1 0.122433 211 7.62063 0.5275 0 0 0 155663 155663 250 
141 211 1 0.121208 211 7.62063 0.5275 0 0 0 165162 165162 255 
142 213 1 0.119996 213 7.84609 0.5325 0 0 0 177717 177717 258 
143 213 1 0.118796 213 7.84609 0.5325 0 0 0 190179 190179 261 
144 231 1 0.117608 231 8.13113 0.5775 0 0 0 213080 213080 269 
145 232 1 0.116432 232 8.11876 0.58 0 0 0 246498 246498 273 
146 232 1 0.115268 232 8.11876 0.58 0 0 0 278699 278699 274 
147 232 1 0.114115 232 8.08319 0.58 0 0 0 315322 315322 276 
148 232 1 0.112974 232 8.08319 0.58 0 0 0 354197 354197 277 
149 232 1 0.111844 232 8.08319 0.58 0 0 0 389614 389614 280 
150 232 1 0.110726 232 8.08225 0.58 0 0 0 425712 425712 281 
151 232 1 0.109619 232 8.08225 0.58 0 0 0 468772 468772 282 
152 232 1 0.108522 232 8.08225 0.58 0 0 0 511081 511081 283 
153 232 1 0.107437 232 8.07445 0.58 0 0 0 555908 555908 288 
154 233 1 0.106363 233 8.76908 0.5825 0 0 0 626439 626439 290 
155 233 1 0.105299 233 8.76908 0.5825 0 0 0 689778 689778 291 
156 233 1 0.104246 233 8.76908 0.5825 0 0 0 762276 762276 292 
157 233 1 0.103204 233 8.76908 0.5825 0 0 0 832375 832375 295 
158 233 1 0.102172 233 8.76908 0.5825 0 0 0 904104 904104 296 
159 233 1 0.10115 233 8.76908 0.5825 0 0 0 971583 971583 297 
160 233 1 0.100139 233 8.76908 0.5825 0 0 0 1048891 1048891 298 
161 233 1 0.0991371 233 8.76908 0.5825 0 0 0 1132544 1132544 299 
162 233 1 0.0981457 233 8.76908 0.5825 0 0 0 1212088 1212088 302 
163 233 1 0.0971643 233 8.76908 0.5825 0 0 0 1287068 1287068 303 
164 233 1 0.0961926 233 8.76908 0.5825 0 0 0 1369228 1369228 304 
165 233 1 0.0952307 233 8.76908 0.5825 0 0 0 1486158 1486158 305 
166 233 1 0.0942784 233 8.76908 0.5825 0 0 0 1600683 1600683 306 
167 233 1 0.0933356 233 8.76908 0.5825 0 0 0 1716429 1716429 307 
