1 105 1 2.475 105 0 0.2625 0 0 0 0 0 0 
2 108 1 2.45025 108 0.1 0.27 0 0 0 0 0 1 
3 110 1 2.42575 110 0.195919 0.275 0 0 0 0 0 3 
4 112 1 2.40149 112 0.295919 0.28 0 0 0 0 0 4 
5 114 1 2.37748 114 0.395919 0.285 0 0 0 0 0 5 
6 115 1 2.3537 115 0.488365 0.2875 0 0 0 0 0 7 
7 115 1 2.33016 115 0.488365 0.2875 0 0 0 0 0 8 
8 122 1 2.30686 122 0.62186 0.305 0 0 0 0 0 10 
9 122 1 2.28379 122 0.62186 0.305 0 0 0 0 0 11 
10 122 1 2.26096 122 0.62186 0.305 0 0 0 0 0 12 
11 131 1 2.23835 131 0.72186 0.3275 0 0 0 0 0 13 
12 131 1 2.21596 131 0.72186 0.3275 0 0 0 0 0 14 
13 132 1 2.1938 132 1.03084 0.33 0 0 0 0 0 16 
14 133 1 2.17186 133 1.15732 0.3325 0 0 0 0 0 19 
15 141 1 2.15015 141 1.25557 0.3525 0 0 0 0 0 22 
16 141 1 2.12864 141 1.25557 0.3525 0 0 0 0 0 23 
17 142 1 2.10736 142 1.40416 0.355 0 0 0 0 0 25 
18 143 1 2.08628 143 1.50416 0.3575 0 0 0 0 0 26 
19 145 1 2.06542 145 1.65811 0.3625 0 0 0 0 0 28 
20 145 1 2.04477 145 1.65811 0.3625 0 0 0 0 0 29 
21 145 1 2.02432 145 1.65811 0.3625 0 0 0 0 0 30 
22 145 1 2.00408 145 1.65811 0.3625 0 0 0 0 0 31 
23 146 1 1.98404 146 1.7409 0.365 0 0 0 0 0 33 
24 146 1 1.9642 146 1.7409 0.365 0 0 0 0 0 34 
25 147 1 1.94455 147 2.02836 0.3675 0 0 0 0 0 36 
26 148 1 1.92511 148 2.08592 0.37 0 0 0 0 0 38 
27 148 1 1.90586 148 2.08592 0.37 0 0 0 1 1 42 
28 148 1 1.8868 148 2.08592 0.37 0 0 0 1 1 43 
29 148 1 1.86793 148 2.08592 0.37 0 0 0 1 1 44 
30 150 1 1.84925 150 2.51612 0.375 0 0 0 2 2 46 
31 150 1 1.83076 150 2.51612 0.375 0 0 0 3 3 47 
32 150 1 1.81245 150 2.51612 0.375 0 0 0 4 4 48 
33 150 1 1.79433 150 2.51612 0.375 0 0 0 5 5 49 
34 150 1 1.77638 150 2.51612 0.375 0 0 0 6 6 50 
35 150 1 1.75862 150 2.51612 0.375 0 0 0 7 7 51 
36 150 1 1.74103 150 2.51612 0.375 0 0 0 8 8 52 
37 150 1 1.72362 150 2.51612 0.375 0 0 0 9 9 53 
38 150 1 1.70639 150 2.51612 0.375 0 0 0 10 10 54 
39 150 1 1.68932 150 2.51612 0.375 0 0 0 11 11 55 
40 150 1 1.67243 150 2.51612 0.375 0 0 0 12 12 56 
41 150 1 1.6557 150 2.51612 0.375 0 0 0 13 13 57 
42 150 1 1.63915 150 2.51612 0.375 0 0 0 14 14 58 
43 151 1 1.62276 151 3.0701 0.3775 0 0 0 15 15 60 
44 152 1 1.60653 152 3.12806 0.38 0 0 0 16 16 62 
45 152 1 1.59046 152 3.12806 0.38 0 0 0 17 17 63 
46 152 1 1.57456 152 3.12806 0.38 0 0 0 18 18 64 
47 152 1 1.55881 152 3.12806 0.38 0 0 0 19 19 65 
48 152 1 1.54322 152 3.12806 0.38 0 0 0 20 20 66 
49 152 1 1.52779 152 3.12806 0.38 0 0 0 21 21 67 
50 152 1 1.51251 152 3.12806 0.38 0 0 0 22 22 68 
51 152 1 1.49739 152 3.12806 0.38 0 0 0 23 23 69 
52 152 1 1.48242 152 3.12806 0.38 0 0 0 24 24 70 
53 152 1 1.46759 152 3.12806 0.38 0 0 0 25 25 71 
54 152 1 1.45292 152 3.12806 0.38 0 0 0 26 26 72 
55 159 1 1.43839 159 3.53263 0.3975 0 0 0 27 27 74 
56 159 1 1.424 159 3.53263 0.3975 0 0 0 29 29 75 
57 165 1 1.40976 165 3.88679 0.4125 0 0 0 31 31 78 
58 165 1 1.39567 165 3.88679 0.4125 0 0 0 33 33 79 
59 165 1 1.38171 165 3.88679 0.4125 0 0 0 35 35 80 
60 165 1 1.36789 165 3.88679 0.4125 0 0 0 37 37 81 
61 165 1 1.35421 165 3.88679 0.4125 0 0 0 39 39 82 
62 166 1 1.34067 166 4.24223 0.415 0 0 0 43 43 87 
63 166 1 1.32726 166 4.24223 0.415 0 0 0 48 48 88 
64 166 1 1.31399 166 4.24223 0.415 0 0 0 53 53 92 
65 166 1 1.30085 166 4.23566 0.415 0 0 0 57 57 94 
66 166 1 1.28784 166 4.23566 0.415 0 0 0 61 61 95 
67 166 1 1.27496 166 4.23566 0.415 0 0 0 66 66 96 
68 166 1 1.26221 166 3.92302 0.415 0 0 0 69 69 98 
69 166 1 1.24959 166 3.92302 0.415 0 0 0 72 72 99 
70 166 1 1.2371 166 3.92302 0.415 0 0 0 76 76 102 
71 166 1 1.22473 166 3.92302 0.415 0 0 0 79 79 103 
72 166 1 1.21248 166 3.92302 0.415 0 0 0 83 83 104 
73 166 1 1.20035 166 3.92302 0.415 0 0 0 87 87 105 
74 166 1 1.18835 166 3.92302 0.415 0 0 0 92 92 106 
75 166 1 1.17647 166 3.92302 0.415 0 0 0 97 97 110 
76 166 1 1.1647 166 3.92302 0.415 0 0 0 102 102 111 
77 166 1 1.15305 166 3.92302 0.415 0 0 0 108 108 112 
78 166 1 1.14152 166 3.92302 0.415 0 0 0 113 113 113 
79 166 1 1.13011 166 3.92302 0.415 0 0 0 119 119 116 
80 166 1 1.11881 166 3.92302 0.415 0 0 0 124 124 117 
81 166 1 1.10762 166 3.92302 0.415 0 0 0 131 131 120 
82 166 1 1.09654 166 3.92302 0.415 0 0 0 138 138 122 
83 166 1 1.08558 166 3.92302 0.415 0 0 0 144 144 126 
84 166 1 1.07472 166 3.92302 0.415 0 0 0 150 150 127 
85 166 1 1.06398 166 3.92302 0.415 0 0 0 156 156 128 
86 166 1 1.05334 166 3.92302 0.415 0 0 0 163 163 129 
87 166 1 1.0428 166 3.92302 0.415 0 0 0 171 171 132 
88 166 1 1.03237 166 3.92302 0.415 0 0 0 179 179 134 
89 166 1 1.02205 166 3.92302 0.415 0 0 0 188 188 135 
90 166 1 1.01183 166 3.92302 0.415 0 0 0 198 198 138 
91 166 1 1.00171 166 3.92302 0.415 0 0 0 208 208 141 
92 166 1 0.991694 166 3.92302 0.415 0 0 0 217 217 143 
93 166 1 0.981777 166 3.92302 0.415 0 0 0 230 230 146 
94 166 1 0.97196 166 3.92302 0.415 0 0 0 242 242 147 
95 178 1 0.96224 178 4.37294 0.445 0 0 0 254 254 153 
96 181 1 0.952618 181 5.33235 0.4525 0 0 0 267 267 156 
97 182 1 0.943091 182 5.43596 0.455 0 0 0 282 282 159 
98 182 1 0.933661 182 5.43596 0.455 0 0 0 303 303 165 
99 182 1 0.924324 182 5.43596 0.455 0 0 0 325 325 170 
100 187 1 0.915081 187 6.45632 0.4675 0 0 0 351 351 178 
101 187 1 0.90593 187 6.16777 0.4675 0 0 0 377 377 183 
102 187 1 0.896871 187 6.16777 0.4675 0 0 0 401 401 185 
103 187 1 0.887902 187 6.11981 0.4675 0 0 0 425 425 188 
104 187 1 0.879023 187 5.92826 0.4675 0 0 0 443 443 190 
105 187 1 0.870233 187 5.92826 0.4675 0 0 0 468 468 191 
106 187 1 0.86153 187 5.92826 0.4675 0 0 0 489 489 194 
107 187 1 0.852915 187 5.92826 0.4675 0 0 0 519 519 196 
108 187 1 0.844386 187 5.92826 0.4675 0 0 0 545 545 197 
109 187 1 0.835942 187 5.92826 0.4675 0 0 0 576 576 198 
110 187 1 0.827583 187 5.92826 0.4675 0 0 0 595 595 202 
111 187 1 0.819307 187 5.70454 0.4675 0 0 0 609 609 203 
112 187 1 0.811114 187 5.70454 0.4675 0 0 0 627 627 204 
113 187 1 0.803003 187 5.70454 0.4675 0 0 0 643 643 205 
114 187 1 0.794973 187 5.70454 0.4675 0 0 0 664 664 206 
115 187 1 0.787023 187 5.70454 0.4675 0 0 0 688 688 207 
116 187 1 0.779153 187 5.70454 0.4675 0 0 0 710 710 208 
117 187 1 0.771361 187 5.70454 0.4675 0 0 0 732 732 209 
118 187 1 0.763647 187 5.70454 0.4675 0 0 0 755 755 210 
119 187 1 0.756011 187 5.70454 0.4675 0 0 0 778 778 211 
120 193 1 0.748451 193 5.64838 0.4825 0 0 0 814 814 215 
121 193 1 0.740966 193 5.57833 0.4825 0 0 0 846 846 220 
122 193 1 0.733557 193 5.57833 0.4825 0 0 0 881 881 223 
123 196 1 0.726221 196 7.94932 0.49 0 0 0 922 922 229 
124 196 1 0.718959 196 7.94932 0.49 0 0 0 965 965 230 
125 196 1 0.711769 196 7.91697 0.49 0 0 0 1010 1010 232 
126 196 1 0.704652 196 7.68899 0.49 0 0 0 1047 1047 233 
127 196 1 0.697605 196 7.68899 0.49 0 0 0 1093 1093 239 
128 211 1 0.690629 211 8.27083 0.5275 0 0 0 1159 1159 248 
129 211 1 0.683723 211 7.98445 0.5275 0 0 0 1227 1227 253 
130 211 1 0.676886 211 7.98445 0.5275 0 0 0 1295 1295 258 
131 211 1 0.670117 211 7.98445 0.5275 0 0 0 1366 1366 261 
132 211 1 0.663415 211 7.98445 0.5275 0 0 0 1435 1435 264 
133 211 1 0.656781 211 7.90442 0.5275 0 0 0 1495 1495 266 
134 211 1 0.650213 211 7.90442 0.5275 0 0 0 1571 1571 269 
135 211 1 0.643711 211 7.90442 0.5275 0 0 0 1655 1655 270 
136 211 1 0.637274 211 7.90442 0.5275 0 0 0 1743 1743 272 
137 211 1 0.630901 211 7.90442 0.5275 0 0 0 2001 2001 273 
138 211 1 0.624592 211 7.90442 0.5275 0 0 0 2312 2312 275 
139 211 1 0.618347 211 7.90442 0.5275 0 0 0 2631 2631 276 
140 211 1 0.612163 211 7.90442 0.5275 0 0 0 2942 2942 277 
141 211 1 0.606041 211 7.90442 0.5275 0 0 0 3278 3278 279 
142 213 1 0.599981 213 8.5546 0.5325 0 0 0 3637 3637 284 
143 213 1 0.593981 213 8.38088 0.5325 0 0 0 3919 3919 289 
144 231 1 0.588041 231 8.63599 0.5775 0 0 0 4339 4339 296 
145 232 1 0.582161 232 8.68323 0.58 0 0 0 4727 4727 304 
146 232 1 0.576339 232 8.68323 0.58 0 0 0 5229 5229 311 
147 232 1 0.570576 232 8.56771 0.58 0 0 0 5681 5681 314 
148 232 1 0.56487 232 8.56771 0.58 0 0 0 5953 5953 318 
149 232 1 0.559222 232 8.53046 0.58 0 0 0 6251 6251 322 
150 232 1 0.553629 232 8.45452 0.58 0 0 0 6526 6526 325 
151 232 1 0.548093 232 8.45452 0.58 0 0 0 6736 6736 326 
152 232 1 0.542612 232 8.45452 0.58 0 0 0 6934 6934 327 
153 232 1 0.537186 232 8.45452 0.58 0 0 0 7144 7144 333 
154 233 1 0.531814 233 9.28235 0.5825 0 0 0 7397 7397 337 
155 233 1 0.526496 233 9.28235 0.5825 0 0 0 7620 7620 339 
156 233 1 0.521231 233 9.27247 0.5825 0 0 0 7859 7859 342 
157 233 1 0.516019 233 9.27247 0.5825 0 0 0 8122 8122 345 
158 233 1 0.510858 233 9.1425 0.5825 0 0 0 8486 8486 346 
159 233 1 0.50575 233 9.13909 0.5825 0 0 0 8803 8803 348 
160 233 1 0.500692 233 9.13693 0.5825 0 0 0 9065 9065 353 
161 233 1 0.495685 233 9.07601 0.5825 0 0 0 9345 9345 355 
162 233 1 0.490729 233 9.07601 0.5825 0 0 0 9630 9630 359 
163 233 1 0.485821 233 9.07601 0.5825 0 0 0 9917 9917 362 
164 233 1 0.480963 233 9.07601 0.5825 0 0 0 10302 10302 365 
165 233 1 0.476153 233 9.07601 0.5825 0 0 0 10680 10680 366 
166 233 1 0.471392 233 9.07601 0.5825 0 0 0 11174 11174 369 
167 233 1 0.466678 233 9.07601 0.5825 0 0 0 11571 11571 371 
168 233 1 0.462011 233 8.99208 0.5825 0 0 0 12137 12137 372 
169 233 1 0.457391 233 8.99208 0.5825 0 0 0 12718 12718 375 
170 233 1 0.452817 233 8.99208 0.5825 0 0 0 13300 13300 376 
171 236 1 0.448289 236 10.6451 0.59 0 0 0 14008 14008 383 
172 236 1 0.443806 236 10.6451 0.59 0 0 0 14821 14821 389 
173 237 1 0.439368 237 9.10029 0.5925 0 0 0 15667 15667 394 
174 237 1 0.434974 237 9.00586 0.5925 0 0 0 16640 16640 395 
175 237 1 0.430625 237 9.00586 0.5925 0 0 0 17744 17744 399 
176 237 1 0.426318 237 9.00586 0.5925 0 0 0 19378 19378 401 
177 237 1 0.422055 237 9.00586 0.5925 0 0 0 20383 20383 402 
178 237 1 0.417835 237 9.00586 0.5925 0 0 0 21121 21121 405 
179 237 1 0.413656 237 6.90581 0.5925 0 0 0 22226 22226 407 
180 243 1 0.40952 243 7.14138 0.6075 0 0 0 24386 24386 410 
181 245 1 0.405425 245 6.74921 0.6125 0 0 0 26538 26538 413 
182 245 1 0.40137 245 6.74921 0.6125 0 0 0 28987 28987 414 
183 253 1 0.397357 253 6.95354 0.6325 0 0 0 33447 33447 416 
184 253 1 0.393383 253 6.84493 0.6325 0 0 0 41158 41158 419 
185 253 1 0.389449 253 6.84493 0.6325 0 0 0 47834 47834 422 
186 253 1 0.385555 253 6.84493 0.6325 0 0 0 57035 57035 425 
187 253 1 0.381699 253 6.84493 0.6325 0 0 0 66957 66957 427 
188 253 1 0.377882 253 6.84493 0.6325 0 0 0 74813 74813 428 
189 253 1 0.374103 253 6.84493 0.6325 0 0 0 84954 84954 431 
190 253 1 0.370362 253 6.84493 0.6325 0 0 0 93483 93483 432 
191 253 1 0.366659 253 6.84493 0.6325 0 0 0 105890 105890 433 
192 253 1 0.362992 253 6.84493 0.6325 0 0 0 118302 118302 434 
193 253 1 0.359362 253 6.84493 0.6325 0 0 0 130669 130669 435 
194 253 1 0.355769 253 6.84493 0.6325 0 0 0 145090 145090 438 
195 253 1 0.352211 253 6.84493 0.6325 0 0 0 164485 164485 439 
196 259 1 0.348689 259 6.7179 0.6475 0 0 0 177788 177788 442 
197 259 1 0.345202 259 6.7179 0.6475 0 0 0 197312 197312 444 
198 259 1 0.34175 259 6.7179 0.6475 0 0 0 219741 219741 445 
199 259 1 0.338332 259 6.7179 0.6475 0 0 0 240781 240781 446 
200 259 1 0.334949 259 6.7179 0.6475 0 0 0 261644 261644 448 
201 259 1 0.3316 259 6.7179 0.6475 0 0 0 281611 281611 449 
202 259 1 0.328284 259 6.63453 0.6475 0 0 0 301646 301646 451 
203 259 1 0.325001 259 6.63453 0.6475 0 0 0 318038 318038 453 
204 259 1 0.321751 259 6.63453 0.6475 0 0 0 340783 340783 454 
205 259 1 0.318533 259 6.63453 0.6475 0 0 0 362277 362277 456 
206 260 1 0.315348 260 7.16177 0.65 0 0 0 395423 395423 461 
207 260 1 0.312194 260 7.16177 0.65 0 0 0 442793 442793 464 
208 260 1 0.309072 260 7.16177 0.65 0 0 0 495456 495456 465 
209 260 1 0.305982 260 7.15252 0.65 0 0 0 551134 551134 468 
210 266 1 0.302922 266 7.22653 0.665 0 0 0 607924 607924 470 
211 266 1 0.299893 266 7.22653 0.665 0 0 0 672349 672349 472 
212 266 1 0.296894 266 7.20736 0.665 0 0 0 729132 729132 473 
213 266 1 0.293925 266 7.20736 0.665 0 0 0 765865 765865 474 
214 266 1 0.290986 266 7.20736 0.665 0 0 0 827052 827052 475 
215 266 1 0.288076 266 7.20736 0.665 0 0 0 904402 904402 477 
216 266 1 0.285195 266 7.20736 0.665 0 0 0 976951 976951 481 
217 266 1 0.282343 266 7.20736 0.665 0 0 0 1066998 1066998 485 
218 266 1 0.27952 266 7.20736 0.665 0 0 0 1129089 1129089 486 
219 266 1 0.276724 266 7.20736 0.665 0 0 0 1227053 1227053 488 
220 266 1 0.273957 266 7.20736 0.665 0 0 0 1362133 1362133 489 
221 266 1 0.271218 266 7.20736 0.665 0 0 0 1457524 1457524 492 
222 266 1 0.268505 266 7.20736 0.665 0 0 0 1562594 1562594 493 
223 266 1 0.26582 266 7.20736 0.665 0 0 0 1710639 1710639 494 
