1 105 1 2.97 105 0 0.2625 0 0 0 0 0 0 
2 108 1 2.9403 108 0.1 0.27 0 0 0 0 0 1 
3 110 1 2.9109 110 0.195919 0.275 0 0 0 0 0 3 
4 112 1 2.88179 112 0.295919 0.28 0 0 0 0 0 4 
5 114 1 2.85297 114 0.395919 0.285 0 0 0 0 0 5 
6 115 1 2.82444 115 0.488365 0.2875 0 0 0 0 0 7 
7 115 1 2.7962 115 0.488365 0.2875 0 0 0 0 0 8 
8 122 1 2.76823 122 0.62186 0.305 0 0 0 0 0 10 
9 122 1 2.74055 122 0.62186 0.305 0 0 0 0 0 11 
10 122 1 2.71315 122 0.62186 0.305 0 0 0 0 0 12 
11 131 1 2.68601 131 0.72186 0.3275 0 0 0 0 0 13 
12 131 1 2.65915 131 0.72186 0.3275 0 0 0 0 0 14 
13 132 1 2.63256 132 1.03084 0.33 0 0 0 0 0 16 
14 133 1 2.60624 133 1.15732 0.3325 0 0 0 0 0 19 
15 141 1 2.58017 141 1.25557 0.3525 0 0 0 0 0 22 
16 141 1 2.55437 141 1.25557 0.3525 0 0 0 0 0 23 
17 142 1 2.52883 142 1.40416 0.355 0 0 0 0 0 25 
18 143 1 2.50354 143 1.50416 0.3575 0 0 0 0 0 26 
19 145 1 2.47851 145 1.65811 0.3625 0 0 0 0 0 28 
20 145 1 2.45372 145 1.65811 0.3625 0 0 0 0 0 29 
21 145 1 2.42918 145 1.65811 0.3625 0 0 0 0 0 30 
22 145 1 2.40489 145 1.65811 0.3625 0 0 0 0 0 31 
23 146 1 2.38084 146 1.7409 0.365 0 0 0 0 0 33 
24 146 1 2.35703 146 1.7409 0.365 0 0 0 0 0 34 
25 147 1 2.33346 147 2.02836 0.3675 0 0 0 0 0 36 
26 148 1 2.31013 148 2.08592 0.37 0 0 0 0 0 38 
27 148 1 2.28703 148 2.08592 0.37 0 0 0 0 0 42 
28 148 1 2.26416 148 2.08592 0.37 0 0 0 0 0 43 
29 148 1 2.24152 148 2.08592 0.37 0 0 0 1 1 44 
30 150 1 2.2191 150 2.51612 0.375 0 0 0 2 2 46 
31 150 1 2.19691 150 2.51612 0.375 0 0 0 3 3 47 
32 150 1 2.17494 150 2.51612 0.375 0 0 0 4 4 48 
33 150 1 2.15319 150 2.51612 0.375 0 0 0 5 5 49 
34 150 1 2.13166 150 2.51612 0.375 0 0 0 6 6 50 
35 150 1 2.11034 150 2.51612 0.375 0 0 0 7 7 51 
36 150 1 2.08924 150 2.51612 0.375 0 0 0 8 8 52 
37 150 1 2.06835 150 2.51612 0.375 0 0 0 9 9 53 
38 150 1 2.04766 150 2.51612 0.375 0 0 0 10 10 54 
39 150 1 2.02719 150 2.51612 0.375 0 0 0 11 11 55 
40 150 1 2.00692 150 2.51612 0.375 0 0 0 12 12 56 
41 150 1 1.98685 150 2.51612 0.375 0 0 0 13 13 57 
42 150 1 1.96698 150 2.51612 0.375 0 0 0 14 14 58 
43 151 1 1.94731 151 3.0701 0.3775 0 0 0 15 15 60 
44 152 1 1.92783 152 3.12806 0.38 0 0 0 16 16 62 
45 152 1 1.90856 152 3.12806 0.38 0 0 0 18 18 63 
46 152 1 1.88947 152 3.12806 0.38 0 0 0 19 19 64 
47 152 1 1.87058 152 3.12806 0.38 0 0 0 20 20 65 
48 152 1 1.85187 152 3.12806 0.38 0 0 0 21 21 66 
49 152 1 1.83335 152 3.12806 0.38 0 0 0 22 22 67 
50 152 1 1.81502 152 3.12806 0.38 0 0 0 23 23 68 
51 152 1 1.79687 152 3.12806 0.38 0 0 0 24 24 69 
52 152 1 1.7789 152 3.12806 0.38 0 0 0 25 25 70 
53 152 1 1.76111 152 3.12806 0.38 0 0 0 26 26 71 
54 152 1 1.7435 152 3.12806 0.38 0 0 0 27 27 72 
55 159 1 1.72606 159 3.53263 0.3975 0 0 0 28 28 74 
56 159 1 1.7088 159 3.53263 0.3975 0 0 0 29 29 75 
57 165 1 1.69172 165 3.88679 0.4125 0 0 0 30 30 78 
58 165 1 1.6748 165 3.88679 0.4125 0 0 0 32 32 79 
59 165 1 1.65805 165 3.88679 0.4125 0 0 0 34 34 80 
60 165 1 1.64147 165 3.88679 0.4125 0 0 0 36 36 81 
61 165 1 1.62506 165 3.88679 0.4125 0 0 0 38 38 82 
62 166 1 1.6088 166 4.53395 0.415 0 0 0 40 40 85 
63 166 1 1.59272 166 4.53395 0.415 0 0 0 42 42 86 
64 166 1 1.57679 166 4.07893 0.415 0 0 0 45 45 88 
65 166 1 1.56102 166 4.07893 0.415 0 0 0 47 47 89 
66 166 1 1.54541 166 4.07893 0.415 0 0 0 50 50 90 
67 166 1 1.52996 166 4.07893 0.415 0 0 0 53 53 91 
68 166 1 1.51466 166 4.07893 0.415 0 0 0 56 56 92 
69 166 1 1.49951 166 4.07893 0.415 0 0 0 59 59 93 
70 166 1 1.48452 166 4.07893 0.415 0 0 0 61 61 98 
71 166 1 1.46967 166 4.07893 0.415 0 0 0 64 64 99 
72 166 1 1.45497 166 4.07893 0.415 0 0 0 66 66 100 
73 166 1 1.44042 166 4.07893 0.415 0 0 0 69 69 101 
74 166 1 1.42602 166 4.06916 0.415 0 0 0 72 72 105 
75 166 1 1.41176 166 4.06916 0.415 0 0 0 75 75 106 
76 166 1 1.39764 166 4.06916 0.415 0 0 0 78 78 107 
77 166 1 1.38367 166 4.06916 0.415 0 0 0 81 81 111 
78 166 1 1.36983 166 4.06916 0.415 0 0 0 85 85 112 
79 166 1 1.35613 166 4.06916 0.415 0 0 0 88 88 115 
80 166 1 1.34257 166 4.06916 0.415 0 0 0 92 92 116 
81 166 1 1.32914 166 4.06916 0.415 0 0 0 96 96 118 
82 166 1 1.31585 166 4.06916 0.415 0 0 0 100 100 119 
83 166 1 1.30269 166 4.06916 0.415 0 0 0 105 105 123 
84 166 1 1.28967 166 4.06916 0.415 0 0 0 109 109 124 
85 166 1 1.27677 166 4.06916 0.415 0 0 0 115 115 125 
86 166 1 1.264 166 4.06916 0.415 0 0 0 119 119 126 
87 166 1 1.25136 166 4.06916 0.415 0 0 0 123 123 127 
88 166 1 1.23885 166 4.06916 0.415 0 0 0 131 131 131 
89 166 1 1.22646 166 4.06916 0.415 0 0 0 139 139 132 
90 166 1 1.2142 166 4.06916 0.415 0 0 0 147 147 133 
91 166 1 1.20205 166 4.06916 0.415 0 0 0 156 156 134 
92 166 1 1.19003 166 4.06916 0.415 0 0 0 166 166 135 
93 166 1 1.17813 166 4.06916 0.415 0 0 0 177 177 140 
94 166 1 1.16635 166 4.06916 0.415 0 0 0 191 191 144 
95 178 1 1.15469 178 4.68327 0.445 0 0 0 211 211 146 
96 181 1 1.14314 181 5.46115 0.4525 0 0 0 232 232 150 
97 182 1 1.13171 182 5.59371 0.455 0 0 0 256 256 153 
98 182 1 1.12039 182 5.43596 0.455 0 0 0 274 274 154 
99 182 1 1.10919 182 5.43596 0.455 0 0 0 293 293 157 
100 187 1 1.0981 187 5.99186 0.4675 0 0 0 309 309 165 
101 187 1 1.08712 187 5.9846 0.4675 0 0 0 319 319 166 
102 187 1 1.07624 187 5.9846 0.4675 0 0 0 329 329 170 
103 187 1 1.06548 187 5.97819 0.4675 0 0 0 339 339 172 
104 187 1 1.05483 187 5.97819 0.4675 0 0 0 349 349 173 
105 187 1 1.04428 187 5.97819 0.4675 0 0 0 362 362 179 
106 187 1 1.03384 187 5.97819 0.4675 0 0 0 378 378 180 
107 187 1 1.0235 187 5.97819 0.4675 0 0 0 393 393 181 
108 187 1 1.01326 187 5.94498 0.4675 0 0 0 405 405 183 
109 187 1 1.00313 187 5.94498 0.4675 0 0 0 425 425 184 
110 187 1 0.993099 187 5.94498 0.4675 0 0 0 440 440 185 
111 187 1 0.983168 187 5.88008 0.4675 0 0 0 453 453 188 
112 187 1 0.973337 187 5.88008 0.4675 0 0 0 469 469 191 
113 187 1 0.963603 187 5.88008 0.4675 0 0 0 484 484 192 
114 187 1 0.953967 187 5.88008 0.4675 0 0 0 499 499 193 
115 187 1 0.944428 187 5.88008 0.4675 0 0 0 517 517 194 
116 187 1 0.934983 187 5.88008 0.4675 0 0 0 541 541 201 
117 187 1 0.925633 187 5.88008 0.4675 0 0 0 565 565 205 
118 187 1 0.916377 187 5.88008 0.4675 0 0 0 593 593 209 
119 187 1 0.907213 187 5.88008 0.4675 0 0 0 622 622 212 
120 193 1 0.898141 193 6.15512 0.4825 0 0 0 657 657 216 
121 193 1 0.88916 193 5.97164 0.4825 0 0 0 685 685 222 
122 193 1 0.880268 193 5.92702 0.4825 0 0 0 714 714 224 
123 196 1 0.871466 196 8.02344 0.49 0 0 0 749 749 228 
124 196 1 0.862751 196 8.02344 0.49 0 0 0 783 783 230 
125 196 1 0.854123 196 8.02344 0.49 0 0 0 819 819 233 
126 196 1 0.845582 196 8.02344 0.49 0 0 0 869 869 235 
127 196 1 0.837126 196 8.02344 0.49 0 0 0 915 915 242 
128 211 1 0.828755 211 8.39855 0.5275 0 0 0 970 970 249 
129 211 1 0.820467 211 8.39855 0.5275 0 0 0 1028 1028 253 
130 211 1 0.812263 211 8.32684 0.5275 0 0 0 1093 1093 258 
131 211 1 0.80414 211 8.32684 0.5275 0 0 0 1155 1155 261 
132 211 1 0.796099 211 8.32684 0.5275 0 0 0 1245 1245 264 
133 211 1 0.788138 211 8.32684 0.5275 0 0 0 1321 1321 268 
134 211 1 0.780256 211 8.32684 0.5275 0 0 0 1393 1393 270 
135 211 1 0.772454 211 8.32684 0.5275 0 0 0 1469 1469 276 
136 211 1 0.764729 211 8.32684 0.5275 0 0 0 1546 1546 277 
137 211 1 0.757082 211 8.32684 0.5275 0 0 0 1630 1630 278 
138 211 1 0.749511 211 8.32684 0.5275 0 0 0 1710 1710 279 
139 211 1 0.742016 211 8.25603 0.5275 0 0 0 1790 1790 282 
140 211 1 0.734596 211 8.25603 0.5275 0 0 0 1866 1866 284 
141 211 1 0.72725 211 8.25603 0.5275 0 0 0 1952 1952 287 
142 213 1 0.719977 213 8.74677 0.5325 0 0 0 2048 2048 295 
143 213 1 0.712778 213 8.36726 0.5325 0 0 0 2112 2112 301 
144 231 1 0.70565 231 8.48449 0.5775 0 0 0 2159 2159 308 
145 232 1 0.698593 232 8.46398 0.58 0 0 0 2202 2202 314 
146 232 1 0.691608 232 8.46398 0.58 0 0 0 2245 2245 318 
147 232 1 0.684691 232 8.43232 0.58 0 0 0 2289 2289 319 
148 232 1 0.677845 232 8.43232 0.58 0 0 0 2337 2337 326 
149 232 1 0.671066 232 8.43232 0.58 0 0 0 2395 2395 330 
150 232 1 0.664356 232 8.43232 0.58 0 0 0 2449 2449 331 
151 232 1 0.657712 232 8.3073 0.58 0 0 0 2505 2505 333 
152 232 1 0.651135 232 8.29099 0.58 0 0 0 2562 2562 336 
153 232 1 0.644624 232 8.29099 0.58 0 0 0 2678 2678 341 
154 233 1 0.638177 233 9.26614 0.5825 0 0 0 2770 2770 350 
155 233 1 0.631796 233 9.22048 0.5825 0 0 0 2864 2864 355 
156 233 1 0.625478 233 9.22048 0.5825 0 0 0 3182 3182 358 
157 233 1 0.619223 233 9.22048 0.5825 0 0 0 3572 3572 360 
158 233 1 0.613031 233 9.22048 0.5825 0 0 0 3904 3904 362 
159 233 1 0.6069 233 9.22048 0.5825 0 0 0 4268 4268 364 
160 233 1 0.600831 233 9.22048 0.5825 0 0 0 4708 4708 368 
161 233 1 0.594823 233 9.22048 0.5825 0 0 0 5127 5127 371 
162 233 1 0.588875 233 9.22048 0.5825 0 0 0 5575 5575 374 
163 233 1 0.582986 233 9.22048 0.5825 0 0 0 6198 6198 377 
164 233 1 0.577156 233 9.22048 0.5825 0 0 0 6926 6926 379 
165 233 1 0.571384 233 9.22048 0.5825 0 0 0 7474 7474 382 
166 233 1 0.565671 233 9.18228 0.5825 0 0 0 7736 7736 384 
167 233 1 0.560014 233 9.18228 0.5825 0 0 0 8057 8057 385 
168 233 1 0.554414 233 9.18228 0.5825 0 0 0 8491 8491 387 
169 233 1 0.54887 233 9.18228 0.5825 0 0 0 8687 8687 390 
170 233 1 0.543381 233 9.18228 0.5825 0 0 0 8938 8938 392 
171 236 1 0.537947 236 11.257 0.59 0 0 0 9271 9271 399 
172 236 1 0.532568 236 11.035 0.59 0 0 0 9711 9711 403 
173 237 1 0.527242 237 9.24067 0.5925 0 0 0 10079 10079 406 
174 237 1 0.52197 237 9.24067 0.5925 0 0 0 10493 10493 409 
175 237 1 0.51675 237 9.1088 0.5925 0 0 0 10906 10906 411 
176 237 1 0.511582 237 9.1088 0.5925 0 0 0 11476 11476 414 
177 237 1 0.506467 237 9.1088 0.5925 0 0 0 12038 12038 417 
178 237 1 0.501402 237 9.1088 0.5925 0 0 0 12507 12507 419 
179 237 1 0.496388 237 6.85213 0.5925 0 0 0 12870 12870 421 
180 243 1 0.491424 243 7.41484 0.6075 0 0 0 13727 13727 425 
181 245 1 0.48651 245 6.78885 0.6125 0 0 0 14554 14554 431 
182 245 1 0.481645 245 6.74921 0.6125 0 0 0 15422 15422 434 
183 253 1 0.476828 253 7.13341 0.6325 0 0 0 17915 17915 439 
184 253 1 0.47206 253 7.13319 0.6325 0 0 0 20395 20395 440 
185 253 1 0.467339 253 7.05901 0.6325 0 0 0 22376 22376 441 
186 253 1 0.462666 253 6.98675 0.6325 0 0 0 25894 25894 443 
187 253 1 0.458039 253 6.98675 0.6325 0 0 0 29214 29214 444 
188 253 1 0.453459 253 6.98675 0.6325 0 0 0 32013 32013 445 
189 253 1 0.448924 253 6.98675 0.6325 0 0 0 35158 35158 446 
190 253 1 0.444435 253 6.92676 0.6325 0 0 0 37960 37960 449 
191 253 1 0.439991 253 6.92676 0.6325 0 0 0 40566 40566 450 
192 253 1 0.435591 253 6.92676 0.6325 0 0 0 43248 43248 451 
193 253 1 0.431235 253 6.92676 0.6325 0 0 0 47974 47974 452 
194 253 1 0.426923 253 6.92676 0.6325 0 0 0 52239 52239 453 
195 253 1 0.422653 253 6.92676 0.6325 0 0 0 55616 55616 454 
196 259 1 0.418427 259 6.88473 0.6475 0 0 0 61008 61008 458 
197 259 1 0.414243 259 6.66851 0.6475 0 0 0 65474 65474 460 
198 259 1 0.4101 259 6.66087 0.6475 0 0 0 70195 70195 463 
199 259 1 0.405999 259 6.66087 0.6475 0 0 0 75153 75153 465 
200 259 1 0.401939 259 6.66087 0.6475 0 0 0 81598 81598 466 
201 259 1 0.39792 259 6.66087 0.6475 0 0 0 88403 88403 467 
202 259 1 0.39394 259 6.55123 0.6475 0 0 0 96350 96350 468 
203 259 1 0.390001 259 6.55123 0.6475 0 0 0 107705 107705 469 
204 259 1 0.386101 259 6.55123 0.6475 0 0 0 118191 118191 470 
205 259 1 0.38224 259 6.55123 0.6475 0 0 0 132578 132578 471 
206 260 1 0.378418 260 7.18504 0.65 0 0 0 151628 151628 475 
207 260 1 0.374633 260 7.18504 0.65 0 0 0 168304 168304 476 
208 260 1 0.370887 260 7.18504 0.65 0 0 0 185170 185170 477 
209 260 1 0.367178 260 7.18504 0.65 0 0 0 209570 209570 479 
210 266 1 0.363506 266 7.50211 0.665 0 0 0 253061 253061 483 
211 266 1 0.359871 266 7.2396 0.665 0 0 0 288337 288337 485 
212 266 1 0.356273 266 7.2396 0.665 0 0 0 326318 326318 486 
213 266 1 0.35271 266 7.2396 0.665 0 0 0 355832 355832 487 
214 266 1 0.349183 266 7.2396 0.665 0 0 0 398200 398200 489 
215 266 1 0.345691 266 7.2396 0.665 0 0 0 448742 448742 490 
216 266 1 0.342234 266 7.2396 0.665 0 0 0 510016 510016 491 
217 266 1 0.338812 266 7.20811 0.665 0 0 0 558580 558580 492 
218 266 1 0.335424 266 7.20811 0.665 0 0 0 611000 611000 493 
219 266 1 0.332069 266 7.20811 0.665 0 0 0 650768 650768 495 
220 266 1 0.328749 266 7.20811 0.665 0 0 0 697538 697538 496 
221 266 1 0.325461 266 7.20811 0.665 0 0 0 753962 753962 497 
222 266 1 0.322207 266 7.20811 0.665 0 0 0 808243 808243 498 
223 266 1 0.318985 266 7.19919 0.665 0 0 0 869756 869756 499 
224 266 1 0.315795 266 7.19919 0.665 0 0 0 941599 941599 500 
225 266 1 0.312637 266 7.19919 0.665 0 0 0 1031208 1031208 501 
226 266 1 0.30951 266 7.1948 0.665 0 0 0 1139984 1139984 502 
227 266 1 0.306415 266 7.1948 0.665 0 0 0 1257107 1257107 503 
228 266 1 0.303351 266 7.1948 0.665 0 0 0 1358214 1358214 504 
229 266 1 0.300318 266 7.1948 0.665 0 0 0 1471868 1471868 505 
230 277 1 0.297314 277 7.29278 0.6925 0 0 0 1571300 1571300 507 
231 277 1 0.294341 277 7.29278 0.6925 0 0 0 1644091 1644091 508 
232 277 1 0.291398 277 7.29278 0.6925 0 0 0 1753504 1753504 509 
