1 105 1 8.5 105 0 0.2625 0 0 0 0 0 0 
2 108 1 8.5 108 0.1 0.27 0 0 0 0 0 1 
3 110 1 8.5 110 0.195919 0.275 0 0 0 0 0 3 
4 112 1 8.5 112 0.295919 0.28 0 0 0 0 0 4 
5 114 1 8.5 114 0.395919 0.285 0 0 0 0 0 5 
6 115 1 8.5 115 0.488365 0.2875 0 0 0 0 0 7 
7 115 1 8.5 115 0.488365 0.2875 0 0 0 0 0 8 
8 122 1 8.5 122 0.62186 0.305 0 0 0 0 0 10 
9 122 1 8.5 122 0.62186 0.305 0 0 0 0 0 11 
10 122 1 8.5 122 0.62186 0.305 0 0 0 0 0 12 
11 131 1 8.5 131 0.72186 0.3275 0 0 0 0 0 13 
12 131 1 8.5 131 0.72186 0.3275 0 0 0 0 0 14 
13 132 1 8.5 132 1.03084 0.33 0 0 0 0 0 16 
14 133 1 8.5 133 1.15732 0.3325 0 0 0 0 0 19 
15 141 1 8.5 141 1.25557 0.3525 0 0 0 0 0 22 
16 141 1 8.5 141 1.25557 0.3525 0 0 0 0 0 23 
17 142 1 8.5 142 1.40416 0.355 0 0 0 0 0 25 
18 143 1 8.5 143 1.50416 0.3575 0 0 0 0 0 26 
19 145 1 8.5 145 1.65811 0.3625 0 0 0 0 0 28 
20 145 1 8.5 145 1.65811 0.3625 0 0 0 0 0 29 
21 145 1 8.5 145 1.65811 0.3625 0 0 0 0 0 30 
22 145 1 8.5 145 1.65811 0.3625 0 0 0 0 0 31 
23 146 1 8.5 146 1.7409 0.365 0 0 0 0 0 33 
24 146 1 8.5 146 1.7409 0.365 0 0 0 0 0 34 
25 147 1 8.5 147 2.02836 0.3675 0 0 0 0 0 36 
26 148 1 8.5 148 2.08592 0.37 0 0 0 0 0 38 
27 148 1 8.5 148 2.08592 0.37 0 0 0 0 0 42 
28 148 1 8.5 148 2.08592 0.37 0 0 0 1 1 43 
29 148 1 8.5 148 2.08592 0.37 0 0 0 2 2 44 
30 150 1 8.5 150 2.51612 0.375 0 0 0 3 3 46 
31 150 1 8.5 150 2.51612 0.375 0 0 0 4 4 47 
32 150 1 8.5 150 2.51612 0.375 0 0 0 5 5 48 
33 150 1 8.5 150 2.51612 0.375 0 0 0 6 6 49 
34 150 1 8.5 150 2.51612 0.375 0 0 0 7 7 50 
35 150 1 8.5 150 2.51612 0.375 0 0 0 8 8 51 
36 150 1 8.5 150 2.51612 0.375 0 0 0 9 9 52 
37 150 1 8.5 150 2.51612 0.375 0 0 0 10 10 53 
38 150 1 8.5 150 2.51612 0.375 0 0 0 11 11 54 
39 150 1 8.5 150 2.51612 0.375 0 0 0 12 12 55 
40 150 1 8.5 150 2.51612 0.375 0 0 0 13 13 56 
41 150 1 8.5 150 2.51612 0.375 0 0 0 14 14 57 
42 150 1 8.5 150 2.51612 0.375 0 0 0 15 15 58 
43 151 1 8.5 151 3.0701 0.3775 0 0 0 16 16 60 
44 152 1 8.5 152 3.12806 0.38 0 0 0 17 17 62 
45 152 1 8.5 152 3.12806 0.38 0 0 0 18 18 63 
46 152 1 8.5 152 3.12806 0.38 0 0 0 19 19 64 
47 152 1 8.5 152 3.12806 0.38 0 0 0 20 20 65 
48 152 1 8.5 152 3.12806 0.38 0 0 0 21 21 66 
49 152 1 8.5 152 3.12806 0.38 0 0 0 22 22 67 
50 152 1 8.5 152 3.12806 0.38 0 0 0 23 23 68 
51 152 1 8.5 152 3.12806 0.38 0 0 0 24 24 69 
52 152 1 8.5 152 3.12806 0.38 0 0 0 25 25 70 
53 152 1 8.5 152 3.12806 0.38 0 0 0 27 27 71 
54 152 1 8.5 152 3.12806 0.38 0 0 0 28 28 72 
55 159 1 8.5 159 3.53263 0.3975 0 0 0 30 30 74 
56 159 1 8.5 159 3.53263 0.3975 0 0 0 32 32 75 
57 165 1 8.5 165 3.88679 0.4125 0 0 0 34 34 78 
58 165 1 8.5 165 3.88679 0.4125 0 0 0 36 36 79 
59 165 1 8.5 165 3.88679 0.4125 0 0 0 38 38 80 
60 165 1 8.5 165 3.88679 0.4125 0 0 0 40 40 81 
61 165 1 8.5 165 3.88679 0.4125 0 0 0 42 42 82 
62 166 1 8.5 166 4.53395 0.415 0 0 0 44 44 85 
63 166 1 8.5 166 4.53395 0.415 0 0 0 46 46 86 
64 166 1 8.5 166 4.53395 0.415 0 0 0 48 48 87 
65 166 1 8.5 166 4.53395 0.415 0 0 0 50 50 88 
66 166 1 8.5 166 4.53395 0.415 0 0 0 52 52 89 
67 166 1 8.5 166 4.53395 0.415 0 0 0 54 54 90 
68 166 1 8.5 166 4.53395 0.415 0 0 0 56 56 91 
69 166 1 8.5 166 4.53395 0.415 0 0 0 58 58 92 
70 166 1 8.5 166 4.53395 0.415 0 0 0 60 60 95 
71 166 1 8.5 166 4.53395 0.415 0 0 0 62 62 96 
72 166 1 8.5 166 4.53395 0.415 0 0 0 64 64 97 
73 166 1 8.5 166 4.53395 0.415 0 0 0 66 66 98 
74 166 1 8.5 166 4.53395 0.415 0 0 0 68 68 99 
75 166 1 8.5 166 4.53395 0.415 0 0 0 70 70 100 
76 166 1 8.5 166 4.53395 0.415 0 0 0 72 72 101 
77 166 1 8.5 166 4.53395 0.415 0 0 0 74 74 102 
78 166 1 8.5 166 4.53395 0.415 0 0 0 76 76 103 
79 166 1 8.5 166 4.53395 0.415 0 0 0 78 78 104 
80 166 1 8.5 166 4.53395 0.415 0 0 0 80 80 105 
81 166 1 8.5 166 4.53395 0.415 0 0 0 82 82 106 
82 166 1 8.5 166 4.53395 0.415 0 0 0 84 84 107 
83 166 1 8.5 166 4.53395 0.415 0 0 0 86 86 108 
84 166 1 8.5 166 4.53395 0.415 0 0 0 88 88 109 
85 166 1 8.5 166 4.53395 0.415 0 0 0 90 90 110 
86 166 1 8.5 166 4.53395 0.415 0 0 0 92 92 111 
87 166 1 8.5 166 4.53395 0.415 0 0 0 94 94 112 
88 166 1 8.5 166 4.53395 0.415 0 0 0 96 96 115 
89 166 1 8.5 166 4.53395 0.415 0 0 0 98 98 116 
90 166 1 8.5 166 4.53395 0.415 0 0 0 100 100 117 
91 166 1 8.5 166 4.53395 0.415 0 0 0 102 102 118 
92 166 1 8.5 166 4.53395 0.415 0 0 0 104 104 119 
93 166 1 8.5 166 4.53395 0.415 0 0 0 106 106 120 
94 166 1 8.5 166 4.53395 0.415 0 0 0 108 108 121 
95 178 1 8.5 178 5.95551 0.445 0 0 0 110 110 125 
96 181 1 8.5 181 6.91491 0.4525 0 0 0 114 114 128 
97 182 1 8.5 182 6.95297 0.455 0 0 0 118 118 130 
98 182 1 8.5 182 6.95297 0.455 0 0 0 121 121 131 
99 182 1 8.5 182 6.95297 0.455 0 0 0 125 125 132 
100 187 1 8.5 187 7.50161 0.4675 0 0 0 129 129 135 
101 187 1 8.5 187 7.50161 0.4675 0 0 0 133 133 136 
102 187 1 8.5 187 7.50161 0.4675 0 0 0 137 137 137 
103 187 1 8.5 187 7.50161 0.4675 0 0 0 142 142 138 
104 187 1 8.5 187 7.50161 0.4675 0 0 0 146 146 139 
105 187 1 8.5 187 7.50161 0.4675 0 0 0 150 150 140 
106 187 1 8.5 187 7.50161 0.4675 0 0 0 154 154 141 
107 187 1 8.5 187 7.50161 0.4675 0 0 0 158 158 142 
108 187 1 8.5 187 7.50161 0.4675 0 0 0 162 162 143 
109 187 1 8.5 187 7.50161 0.4675 0 0 0 166 166 144 
110 187 1 8.5 187 7.50161 0.4675 0 0 0 170 170 145 
111 187 1 8.5 187 7.50161 0.4675 0 0 0 174 174 146 
112 187 1 8.5 187 7.50161 0.4675 0 0 0 178 178 147 
113 187 1 8.5 187 7.50161 0.4675 0 0 0 183 183 148 
114 187 1 8.5 187 7.50161 0.4675 0 0 0 188 188 149 
115 187 1 8.5 187 7.50161 0.4675 0 0 0 192 192 150 
116 187 1 8.5 187 7.50161 0.4675 0 0 0 196 196 151 
117 187 1 8.5 187 7.50161 0.4675 0 0 0 201 201 152 
118 187 1 8.5 187 7.50161 0.4675 0 0 0 205 205 153 
119 187 1 8.5 187 7.50161 0.4675 0 0 0 210 210 154 
120 193 1 8.5 193 7.82983 0.4825 0 0 0 214 214 160 
121 193 1 8.5 193 7.82983 0.4825 0 0 0 218 218 161 
122 193 1 8.5 193 7.82983 0.4825 0 0 0 222 222 162 
123 196 1 8.5 196 10.0199 0.49 0 0 0 228 228 166 
124 196 1 8.5 196 10.0199 0.49 0 0 0 234 234 167 
125 196 1 8.5 196 10.0199 0.49 0 0 0 241 241 168 
126 196 1 8.5 196 10.0199 0.49 0 0 0 248 248 169 
127 196 1 8.5 196 10.0199 0.49 0 0 0 258 258 175 
128 211 1 8.5 211 11.6161 0.5275 0 0 0 267 267 182 
129 211 1 8.5 211 11.6161 0.5275 0 0 0 276 276 183 
130 211 1 8.5 211 11.6161 0.5275 0 0 0 286 286 184 
131 211 1 8.5 211 11.6161 0.5275 0 0 0 296 296 185 
132 211 1 8.5 211 11.6161 0.5275 0 0 0 306 306 186 
133 211 1 8.5 211 11.6161 0.5275 0 0 0 316 316 187 
134 211 1 8.5 211 11.6161 0.5275 0 0 0 325 325 188 
135 211 1 8.5 211 11.6161 0.5275 0 0 0 336 336 189 
136 211 1 8.5 211 11.6161 0.5275 0 0 0 349 349 190 
137 211 1 8.5 211 11.6161 0.5275 0 0 0 359 359 191 
138 211 1 8.5 211 11.6161 0.5275 0 0 0 370 370 192 
139 211 1 8.5 211 11.6161 0.5275 0 0 0 381 381 193 
140 211 1 8.5 211 11.6161 0.5275 0 0 0 392 392 194 
141 211 1 8.5 211 11.6161 0.5275 0 0 0 402 402 195 
142 213 1 8.5 213 11.952 0.5325 0 0 0 410 410 202 
143 213 1 8.5 213 11.952 0.5325 0 0 0 417 417 203 
144 231 1 8.5 231 13.6459 0.5775 0 0 0 425 425 208 
145 232 1 8.5 232 13.6705 0.58 0 0 0 432 432 212 
146 232 1 8.5 232 13.6705 0.58 0 0 0 439 439 213 
147 232 1 8.5 232 13.6705 0.58 0 0 0 446 446 214 
148 232 1 8.5 232 13.6705 0.58 0 0 0 453 453 215 
149 232 1 8.5 232 13.6705 0.58 0 0 0 461 461 216 
150 232 1 8.5 232 13.6705 0.58 0 0 0 468 468 217 
151 232 1 8.5 232 13.6705 0.58 0 0 0 475 475 218 
152 232 1 8.5 232 13.6705 0.58 0 0 0 483 483 219 
153 232 1 8.5 232 13.5939 0.58 0 0 0 491 491 222 
154 233 1 8.5 233 14.5034 0.5825 0 0 0 503 503 227 
155 233 1 8.5 233 14.5034 0.5825 0 0 0 515 515 228 
156 233 1 8.5 233 14.5034 0.5825 0 0 0 527 527 229 
157 233 1 8.5 233 14.5034 0.5825 0 0 0 545 545 230 
158 233 1 8.5 233 14.5034 0.5825 0 0 0 557 557 231 
159 233 1 8.5 233 14.5034 0.5825 0 0 0 570 570 232 
160 233 1 8.5 233 14.5034 0.5825 0 0 0 583 583 233 
161 233 1 8.5 233 14.5034 0.5825 0 0 0 595 595 234 
162 233 1 8.5 233 14.5034 0.5825 0 0 0 607 607 235 
163 233 1 8.5 233 14.5034 0.5825 0 0 0 620 620 236 
164 233 1 8.5 233 14.5034 0.5825 0 0 0 632 632 237 
165 233 1 8.5 233 14.5034 0.5825 0 0 0 645 645 238 
166 233 1 8.5 233 14.5034 0.5825 0 0 0 657 657 239 
167 233 1 8.5 233 14.5034 0.5825 0 0 0 670 670 240 
168 233 1 8.5 233 14.5034 0.5825 0 0 0 684 684 241 
169 233 1 8.5 233 14.5034 0.5825 0 0 0 696 696 242 
170 233 1 8.5 233 14.5034 0.5825 0 0 0 709 709 243 
171 236 1 8.5 236 17.0214 0.59 0 0 0 758 758 250 
172 236 1 8.5 236 17.0214 0.59 0 0 0 805 805 251 
173 237 1 8.5 237 14.6815 0.5925 0 0 0 818 818 255 
174 237 1 8.5 237 14.6815 0.5925 0 0 0 831 831 256 
175 237 1 8.5 237 14.6815 0.5925 0 0 0 845 845 257 
176 237 1 8.5 237 14.6815 0.5925 0 0 0 858 858 258 
177 237 1 8.5 237 14.6815 0.5925 0 0 0 871 871 259 
178 237 1 8.5 237 14.6815 0.5925 0 0 0 885 885 260 
179 237 1 8.5 237 12.2081 0.5925 0 0 0 892 892 262 
180 243 1 8.5 243 15.2823 0.6075 0 0 0 901 901 268 
181 245 1 8.5 245 15.3402 0.6125 0 0 0 911 911 270 
182 245 1 8.5 245 15.3402 0.6125 0 0 0 920 920 271 
183 253 1 8.5 253 14.3833 0.6325 0 0 0 929 929 278 
184 253 1 8.5 253 14.3833 0.6325 0 0 0 937 937 279 
185 253 1 8.5 253 14.3833 0.6325 0 0 0 945 945 280 
186 253 1 8.5 253 14.3833 0.6325 0 0 0 953 953 281 
187 253 1 8.5 253 14.3833 0.6325 0 0 0 961 961 282 
188 253 1 8.5 253 14.3833 0.6325 0 0 0 970 970 283 
189 253 1 8.5 253 14.3833 0.6325 0 0 0 978 978 284 
190 253 1 8.5 253 14.3833 0.6325 0 0 0 986 986 285 
191 253 1 8.5 253 14.3833 0.6325 0 0 0 994 994 286 
192 253 1 8.5 253 14.3833 0.6325 0 0 0 1003 1003 287 
193 253 1 8.5 253 14.3833 0.6325 0 0 0 1012 1012 288 
194 253 1 8.5 253 14.3833 0.6325 0 0 0 1020 1020 289 
195 253 1 8.5 253 14.3833 0.6325 0 0 0 1028 1028 290 
196 259 1 8.5 259 14.5702 0.6475 0 0 0 1037 1037 292 
197 259 1 8.5 259 14.5702 0.6475 0 0 0 1047 1047 293 
198 259 1 8.5 259 14.5702 0.6475 0 0 0 1056 1056 294 
199 259 1 8.5 259 14.5702 0.6475 0 0 0 1065 1065 295 
200 259 1 8.5 259 14.5702 0.6475 0 0 0 1074 1074 296 
201 259 1 8.5 259 14.5702 0.6475 0 0 0 1083 1083 297 
202 259 1 8.5 259 14.5702 0.6475 0 0 0 1092 1092 298 
203 259 1 8.5 259 14.5702 0.6475 0 0 0 1101 1101 299 
204 259 1 8.5 259 14.5702 0.6475 0 0 0 1111 1111 300 
205 259 1 8.5 259 14.5702 0.6475 0 0 0 1120 1120 303 
206 260 1 8.5 260 14.9066 0.65 0 0 0 1131 1131 311 
207 260 1 8.5 260 14.9066 0.65 0 0 0 1143 1143 312 
208 260 1 8.5 260 14.9066 0.65 0 0 0 1154 1154 313 
209 260 1 8.5 260 14.9066 0.65 0 0 0 1165 1165 314 
210 266 1 8.5 266 14.9614 0.665 0 0 0 1177 1177 316 
211 266 1 8.5 266 14.9614 0.665 0 0 0 1188 1188 317 
212 266 1 8.5 266 14.9614 0.665 0 0 0 1199 1199 318 
213 266 1 8.5 266 14.9614 0.665 0 0 0 1210 1210 319 
214 266 1 8.5 266 14.9614 0.665 0 0 0 1222 1222 320 
215 266 1 8.5 266 14.9614 0.665 0 0 0 1234 1234 321 
216 266 1 8.5 266 14.9614 0.665 0 0 0 1246 1246 322 
217 266 1 8.5 266 14.9614 0.665 0 0 0 1258 1258 323 
218 266 1 8.5 266 14.9614 0.665 0 0 0 1270 1270 324 
219 266 1 8.5 266 14.9614 0.665 0 0 0 1282 1282 325 
220 266 1 8.5 266 14.9614 0.665 0 0 0 1295 1295 326 
221 266 1 8.5 266 14.9614 0.665 0 0 0 1308 1308 327 
222 266 1 8.5 266 14.9614 0.665 0 0 0 1321 1321 328 
223 266 1 8.5 266 14.9614 0.665 0 0 0 1335 1335 329 
224 266 1 8.5 266 14.9614 0.665 0 0 0 1348 1348 330 
225 266 1 8.5 266 14.9614 0.665 0 0 0 1361 1361 331 
226 266 1 8.5 266 14.9614 0.665 0 0 0 1373 1373 332 
227 266 1 8.5 266 14.9614 0.665 0 0 0 1386 1386 333 
228 266 1 8.5 266 14.9614 0.665 0 0 0 1399 1399 334 
229 266 1 8.5 266 14.9614 0.665 0 0 0 1412 1412 335 
230 277 1 8.5 277 15.0183 0.6925 0 0 0 1425 1425 337 
231 277 1 8.5 277 15.0183 0.6925 0 0 0 1438 1438 338 
232 277 1 8.5 277 15.0183 0.6925 0 0 0 1451 1451 339 
233 277 1 8.5 277 15.0183 0.6925 0 0 0 1464 1464 340 
234 277 1 8.5 277 15.0183 0.6925 0 0 0 1477 1477 341 
235 277 1 8.5 277 15.0183 0.6925 0 0 0 1490 1490 342 
236 277 1 8.5 277 15.0183 0.6925 0 0 0 1504 1504 343 
237 277 1 8.5 277 15.0183 0.6925 0 0 0 1517 1517 344 
238 277 1 8.5 277 15.0183 0.6925 0 0 0 1531 1531 345 
239 277 1 8.5 277 15.0183 0.6925 0 0 0 1545 1545 346 
240 277 1 8.5 277 15.0183 0.6925 0 0 0 1559 1559 347 
241 277 1 8.5 277 15.0183 0.6925 0 0 0 1574 1574 348 
242 277 1 8.5 277 15.0183 0.6925 0 0 0 1588 1588 349 
243 277 1 8.5 277 15.0183 0.6925 0 0 0 1602 1602 350 
244 277 1 8.5 277 15.0183 0.6925 0 0 0 1617 1617 351 
245 283 1 8.5 283 15.0805 0.7075 0 0 0 1632 1632 353 
246 283 1 8.5 283 15.0805 0.7075 0 0 0 1647 1647 354 
247 283 1 8.5 283 15.0805 0.7075 0 0 0 1662 1662 355 
248 283 1 8.5 283 15.0805 0.7075 0 0 0 1680 1680 356 
249 283 1 8.5 283 15.0805 0.7075 0 0 0 1695 1695 357 
250 283 1 8.5 283 15.0805 0.7075 0 0 0 1709 1709 358 
251 284 1 8.5 284 19.2171 0.71 0 0 0 1728 1728 365 
252 284 1 8.5 284 19.2171 0.71 0 0 0 1746 1746 366 
253 284 1 8.5 284 19.2171 0.71 0 0 0 1768 1768 375 
254 284 1 8.5 284 19.2171 0.71 0 0 0 1789 1789 379 
255 284 1 8.5 284 19.2171 0.71 0 0 0 1811 1811 382 
256 284 1 8.5 284 19.2171 0.71 0 0 0 1832 1832 383 
257 284 1 8.5 284 19.2171 0.71 0 0 0 1854 1854 384 
258 284 1 8.5 284 19.2171 0.71 0 0 0 1874 1874 385 
259 284 1 8.5 284 19.2171 0.71 0 0 0 1894 1894 386 
260 284 1 8.5 284 19.2171 0.71 0 0 0 1915 1915 387 
261 284 1 8.5 284 19.2171 0.71 0 0 0 1935 1935 388 
262 284 1 8.5 284 19.2171 0.71 0 0 0 1956 1956 398 
263 284 1 8.5 284 19.2171 0.71 0 0 0 1976 1976 399 
264 284 1 8.5 284 19.2171 0.71 0 0 0 1997 1997 400 
265 284 1 8.5 284 19.2171 0.71 0 0 0 2018 2018 401 
266 284 1 8.5 284 19.2171 0.71 0 0 0 2041 2041 402 
267 284 1 8.5 284 19.2171 0.71 0 0 0 2062 2062 403 
268 284 1 8.5 284 19.2171 0.71 0 0 0 2083 2083 404 
269 284 1 8.5 284 19.2171 0.71 0 0 0 2103 2103 405 
270 284 1 8.5 284 19.2171 0.71 0 0 0 2123 2123 406 
271 284 1 8.5 284 19.2171 0.71 0 0 0 2144 2144 407 
272 284 1 8.5 284 19.2171 0.71 0 0 0 2164 2164 408 
273 284 1 8.5 284 19.2171 0.71 0 0 0 2184 2184 409 
274 284 1 8.5 284 19.2171 0.71 0 0 0 2206 2206 410 
275 284 1 8.5 284 19.2171 0.71 0 0 0 2226 2226 411 
276 284 1 8.5 284 19.2171 0.71 0 0 0 2247 2247 412 
277 284 1 8.5 284 19.2171 0.71 0 0 0 2268 2268 413 
278 284 1 8.5 284 19.2171 0.71 0 0 0 2288 2288 414 
279 284 1 8.5 284 19.2171 0.71 0 0 0 2309 2309 415 
280 287 1 8.5 287 22.4936 0.7175 0 0 0 2342 2342 424 
281 295 1 8.5 295 19.427 0.7375 0 0 0 2365 2365 430 
282 295 1 8.5 295 19.427 0.7375 0 0 0 2388 2388 431 
283 295 1 8.5 295 19.427 0.7375 0 0 0 2410 2410 432 
284 295 1 8.5 295 19.427 0.7375 0 0 0 2432 2432 436 
285 295 1 8.5 295 19.427 0.7375 0 0 0 2455 2455 437 
286 295 1 8.5 295 19.427 0.7375 0 0 0 2478 2478 438 
287 295 1 8.5 295 19.427 0.7375 0 0 0 2501 2501 439 
288 298 1 8.5 298 19.7285 0.745 0 0 0 2523 2523 445 
289 298 1 8.5 298 19.6286 0.745 0 0 0 2547 2547 446 
290 300 1 8.5 300 19.9611 0.75 0 0 0 2571 2571 452 
291 300 1 8.5 300 19.9611 0.75 0 0 0 2595 2595 453 
292 300 1 8.5 300 19.9611 0.75 0 0 0 2619 2619 454 
293 300 1 8.5 300 19.9611 0.75 0 0 0 2643 2643 455 
294 300 1 8.5 300 19.9611 0.75 0 0 0 2667 2667 456 
295 300 1 8.5 300 19.9611 0.75 0 0 0 2691 2691 459 
296 300 1 8.5 300 19.8164 0.75 0 0 0 2715 2715 462 
297 300 1 8.5 300 19.8164 0.75 0 0 0 2739 2739 463 
298 304 1 8.5 304 23.4536 0.76 0 0 0 2767 2767 468 
299 304 1 8.5 304 23.4536 0.76 0 0 0 2795 2795 469 
300 304 1 8.5 304 23.4536 0.76 0 0 0 2823 2823 470 
301 304 1 8.5 304 23.4536 0.76 0 0 0 2852 2852 471 
302 304 1 8.5 304 23.4536 0.76 0 0 0 2879 2879 474 
303 304 1 8.5 304 23.4536 0.76 0 0 0 2907 2907 478 
304 304 1 8.5 304 23.4536 0.76 0 0 0 2935 2935 479 
305 304 1 8.5 304 23.4536 0.76 0 0 0 2963 2963 480 
306 304 1 8.5 304 23.4536 0.76 0 0 0 2991 2991 485 
307 304 1 8.5 304 23.4536 0.76 0 0 0 3017 3017 486 
308 304 1 8.5 304 23.4536 0.76 0 0 0 3045 3045 487 
309 304 1 8.5 304 23.4536 0.76 0 0 0 3073 3073 488 
310 304 1 8.5 304 23.4536 0.76 0 0 0 3100 3100 489 
311 304 1 8.5 304 23.4536 0.76 0 0 0 3128 3128 495 
312 304 1 8.5 304 23.4536 0.76 0 0 0 3161 3161 499 
313 304 1 8.5 304 23.4536 0.76 0 0 0 3194 3194 509 
314 304 1 8.5 304 23.4536 0.76 0 0 0 3227 3227 512 
315 305 1 8.5 305 24.1876 0.7625 0 0 0 3269 3269 520 
316 305 1 8.5 305 24.1876 0.7625 0 0 0 3310 3310 529 
317 305 1 8.5 305 24.1876 0.7625 0 0 0 3351 3351 530 
318 305 1 8.5 305 24.0565 0.7625 0 0 0 3392 3392 534 
319 305 1 8.5 305 24.0565 0.7625 0 0 0 3432 3432 537 
320 305 1 8.5 305 24.0565 0.7625 0 0 0 3469 3469 539 
321 305 1 8.5 305 24.0565 0.7625 0 0 0 3504 3504 542 
322 305 1 8.5 305 24.0565 0.7625 0 0 0 3540 3540 543 
323 305 1 8.5 305 24.0565 0.7625 0 0 0 3567 3567 554 
324 305 1 8.5 305 24.0346 0.7625 0 0 0 3603 3603 557 
325 305 1 8.5 305 24.0346 0.7625 0 0 0 3641 3641 558 
326 305 1 8.5 305 24.0346 0.7625 0 0 0 3678 3678 561 
327 305 1 8.5 305 24.0346 0.7625 0 0 0 3714 3714 562 
328 305 1 8.5 305 24.0346 0.7625 0 0 0 3750 3750 563 
329 305 1 8.5 305 24.0346 0.7625 0 0 0 3787 3787 567 
330 305 1 8.5 305 24.0346 0.7625 0 0 0 3824 3824 568 
331 305 1 8.5 305 24.0346 0.7625 0 0 0 3861 3861 573 
332 305 1 8.5 305 24.0346 0.7625 0 0 0 3903 3903 575 
333 305 1 8.5 305 24.0346 0.7625 0 0 0 3940 3940 578 
334 305 1 8.5 305 24.0346 0.7625 0 0 0 3976 3976 579 
335 305 1 8.5 305 24.0132 0.7625 0 0 0 4018 4018 580 
336 305 1 8.5 305 24.0132 0.7625 0 0 0 4060 4060 589 
337 305 1 8.5 305 24.0132 0.7625 0 0 0 4098 4098 594 
338 305 1 8.5 305 24.0132 0.7625 0 0 0 4139 4139 595 
339 305 1 8.5 305 24.0132 0.7625 0 0 0 4177 4177 596 
340 305 1 8.5 305 24.0132 0.7625 0 0 0 4214 4214 597 
341 305 1 8.5 305 24.0132 0.7625 0 0 0 4251 4251 598 
342 305 1 8.5 305 24.0132 0.7625 0 0 0 4288 4288 599 
343 305 1 8.5 305 24.0132 0.7625 0 0 0 4330 4330 602 
344 305 1 8.5 305 24.0132 0.7625 0 0 0 4373 4373 603 
345 305 1 8.5 305 24.0132 0.7625 0 0 0 4417 4417 604 
346 305 1 8.5 305 24.0132 0.7625 0 0 0 4459 4459 605 
347 305 1 8.5 305 24.0132 0.7625 0 0 0 4502 4502 606 
348 306 1 8.5 306 24.2811 0.765 0 0 0 4546 4546 610 
349 306 1 8.5 306 24.2811 0.765 0 0 0 4590 4590 611 
350 306 1 8.5 306 24.2586 0.765 0 0 0 4631 4631 614 
351 306 1 8.5 306 24.2586 0.765 0 0 0 4669 4669 615 
352 306 1 8.5 306 24.2586 0.765 0 0 0 4705 4705 622 
353 306 1 8.5 306 24.1693 0.765 0 0 0 4746 4746 625 
354 306 1 8.5 306 24.1693 0.765 0 0 0 4789 4789 626 
355 306 1 8.5 306 24.1693 0.765 0 0 0 4833 4833 627 
356 306 1 8.5 306 24.1693 0.765 0 0 0 4873 4873 631 
357 306 1 8.5 306 24.1693 0.765 0 0 0 4912 4912 632 
358 312 1 8.5 312 29.687 0.78 0 0 0 4967 4967 639 
359 312 1 8.5 312 25.801 0.78 0 0 0 5036 5036 650 
360 312 1 8.5 312 25.801 0.78 0 0 0 5104 5104 651 
361 312 1 8.5 312 25.801 0.78 0 0 0 5173 5173 652 
362 312 1 8.5 312 25.801 0.78 0 0 0 5241 5241 653 
363 312 1 8.5 312 25.801 0.78 0 0 0 5308 5308 654 
364 312 1 8.5 312 25.801 0.78 0 0 0 5375 5375 655 
365 312 1 8.5 312 25.739 0.78 0 0 0 5443 5443 657 
366 312 1 8.5 312 25.739 0.78 0 0 0 5511 5511 658 
367 312 1 8.5 312 25.739 0.78 0 0 0 5582 5582 659 
368 312 1 8.5 312 25.739 0.78 0 0 0 5651 5651 660 
369 312 1 8.5 312 25.739 0.78 0 0 0 5719 5719 661 
370 312 1 8.5 312 25.739 0.78 0 0 0 5797 5797 663 
371 312 1 8.5 312 25.739 0.78 0 0 0 5874 5874 664 
372 312 1 8.5 312 25.739 0.78 0 0 0 5914 5914 673 
373 312 1 8.5 312 25.739 0.78 0 0 0 5954 5954 674 
374 312 1 8.5 312 25.739 0.78 0 0 0 5994 5994 675 
375 312 1 8.5 312 25.739 0.78 0 0 0 6035 6035 676 
376 312 1 8.5 312 25.739 0.78 0 0 0 6076 6076 677 
377 312 1 8.5 312 25.739 0.78 0 0 0 6118 6118 678 
378 312 1 8.5 312 25.739 0.78 0 0 0 6159 6159 679 
379 312 1 8.5 312 25.739 0.78 0 0 0 6201 6201 680 
380 312 1 8.5 312 25.739 0.78 0 0 0 6242 6242 681 
381 312 1 8.5 312 25.739 0.78 0 0 0 6283 6283 682 
382 312 1 8.5 312 25.739 0.78 0 0 0 6325 6325 683 
383 314 1 8.5 314 28.1386 0.785 0 0 0 6367 6367 694 
384 314 1 8.5 314 28.1386 0.785 0 0 0 6408 6408 698 
385 314 1 8.5 314 28.1386 0.785 0 0 0 6451 6451 701 
386 314 1 8.5 314 28.1386 0.785 0 0 0 6492 6492 702 
387 314 1 8.5 314 28.1386 0.785 0 0 0 6537 6537 703 
388 314 1 8.5 314 28.1386 0.785 0 0 0 6579 6579 704 
389 314 1 8.5 314 28.1386 0.785 0 0 0 6622 6622 705 
390 314 1 8.5 314 28.1386 0.785 0 0 0 6665 6665 706 
391 314 1 8.5 314 28.1386 0.785 0 0 0 6708 6708 707 
392 314 1 8.5 314 28.1386 0.785 0 0 0 6751 6751 708 
393 314 1 8.5 314 28.1386 0.785 0 0 0 6796 6796 709 
394 314 1 8.5 314 28.1386 0.785 0 0 0 6838 6838 710 
395 318 1 8.5 318 29.1242 0.795 0 0 0 6883 6883 716 
396 321 1 8.5 321 29.0847 0.8025 0 0 0 6951 6951 723 
397 322 1 8.5 322 29.039 0.805 0 0 0 7021 7021 731 
398 322 1 8.5 322 29.039 0.805 0 0 0 7092 7092 732 
399 322 1 8.5 322 29.039 0.805 0 0 0 7139 7139 739 
400 322 1 8.5 322 29.039 0.805 0 0 0 7209 7209 740 
401 322 1 8.5 322 29.039 0.805 0 0 0 7279 7279 741 
402 322 1 8.5 322 29.039 0.805 0 0 0 7325 7325 743 
403 322 1 8.5 322 29.039 0.805 0 0 0 7395 7395 744 
404 322 1 8.5 322 29.039 0.805 0 0 0 7464 7464 745 
405 322 1 8.5 322 29.039 0.805 0 0 0 7534 7534 746 
406 323 1 8.5 323 29.3446 0.8075 0 0 0 7603 7603 752 
407 323 1 8.5 323 29.3446 0.8075 0 0 0 7670 7670 753 
408 323 1 8.5 323 29.3446 0.8075 0 0 0 7738 7738 754 
409 323 1 8.5 323 29.3446 0.8075 0 0 0 7806 7806 755 
410 323 1 8.5 323 29.3446 0.8075 0 0 0 7873 7873 756 
411 323 1 8.5 323 29.3446 0.8075 0 0 0 7940 7940 757 
412 323 1 8.5 323 29.3446 0.8075 0 0 0 8007 8007 758 
413 323 1 8.5 323 29.3446 0.8075 0 0 0 8077 8077 759 
414 341 1 8.5 341 29.4139 0.8525 0 0 0 8158 8158 764 
415 341 1 8.5 341 29.4139 0.8525 0 0 0 8229 8229 765 
416 341 1 8.5 341 29.4139 0.8525 0 0 0 8299 8299 766 
417 341 1 8.5 341 29.4139 0.8525 0 0 0 8368 8368 767 
418 341 1 8.5 341 29.4139 0.8525 0 0 0 8437 8437 768 
419 341 1 8.5 341 29.4139 0.8525 0 0 0 8506 8506 769 
420 341 1 8.5 341 29.4139 0.8525 0 0 0 8576 8576 770 
421 341 1 8.5 341 29.4139 0.8525 0 0 0 8647 8647 771 
422 341 1 8.5 341 29.4139 0.8525 0 0 0 8723 8723 772 
423 341 1 8.5 341 29.4139 0.8525 0 0 0 8794 8794 773 
424 341 1 8.5 341 29.4139 0.8525 0 0 0 8864 8864 774 
425 342 1 8.5 342 29.4604 0.855 0 0 0 8939 8939 777 
426 342 1 8.5 342 29.4604 0.855 0 0 0 9022 9022 778 
427 342 1 8.5 342 29.4604 0.855 0 0 0 9104 9104 779 
428 342 1 8.5 342 29.4604 0.855 0 0 0 9183 9183 780 
429 342 1 8.5 342 29.4604 0.855 0 0 0 9261 9261 781 
430 342 1 8.5 342 29.4396 0.855 0 0 0 9338 9338 783 
431 342 1 8.5 342 29.4396 0.855 0 0 0 9414 9414 784 
432 353 1 8.5 353 29.4528 0.8825 0 0 0 9491 9491 788 
433 355 1 8.5 355 33.4237 0.8875 0 0 0 9585 9585 802 
434 355 1 8.5 355 33.4237 0.8875 0 0 0 9680 9680 805 
435 355 1 8.5 355 33.4237 0.8875 0 0 0 9774 9774 806 
436 356 1 8.5 356 34.022 0.89 0 0 0 9872 9872 807 
437 356 1 8.5 356 34.022 0.89 0 0 0 9969 9969 811 
438 356 1 8.5 356 33.8914 0.89 0 0 0 10071 10071 812 
439 356 1 8.5 356 33.8914 0.89 0 0 0 10168 10168 813 
440 356 1 8.5 356 33.8914 0.89 0 0 0 10265 10265 814 
441 356 1 8.5 356 33.8914 0.89 0 0 0 10362 10362 815 
442 356 1 8.5 356 33.8914 0.89 0 0 0 10460 10460 816 
443 356 1 8.5 356 33.8914 0.89 0 0 0 10557 10557 817 
444 356 1 8.5 356 33.8914 0.89 0 0 0 10654 10654 818 
445 357 1 8.5 357 35.168 0.8925 0 0 0 10768 10768 836 
446 358 1 8.5 358 35.2841 0.895 0 0 0 10881 10881 844 
447 358 1 8.5 358 34.735 0.895 0 0 0 11015 11015 852 
448 358 1 8.5 358 34.735 0.895 0 0 0 11146 11146 853 
449 358 1 8.5 358 34.735 0.895 0 0 0 11286 11286 861 
450 358 1 8.5 358 34.735 0.895 0 0 0 11425 11425 862 
451 358 1 8.5 358 34.735 0.895 0 0 0 11561 11561 863 
452 358 1 8.5 358 34.735 0.895 0 0 0 11701 11701 864 
453 358 1 8.5 358 33.88 0.895 0 0 0 11788 11788 873 
454 358 1 8.5 358 33.88 0.895 0 0 0 11943 11943 890 
455 358 1 8.5 358 33.88 0.895 0 0 0 12096 12096 891 
456 358 1 8.5 358 33.88 0.895 0 0 0 12249 12249 892 
457 358 1 8.5 358 33.88 0.895 0 0 0 12403 12403 896 
458 358 1 8.5 358 33.88 0.895 0 0 0 12556 12556 897 
459 358 1 8.5 358 33.88 0.895 0 0 0 12710 12710 898 
460 358 1 8.5 358 33.88 0.895 0 0 0 12864 12864 899 
461 358 1 8.5 358 33.88 0.895 0 0 0 13019 13019 900 
462 358 1 8.5 358 33.88 0.895 0 0 0 13173 13173 901 
463 358 1 8.5 358 33.88 0.895 0 0 0 13327 13327 902 
464 358 1 8.5 358 33.88 0.895 0 0 0 13482 13482 903 
465 358 1 8.5 358 33.88 0.895 0 0 0 13636 13636 904 
466 358 1 8.5 358 33.88 0.895 0 0 0 13792 13792 905 
467 358 1 8.5 358 33.88 0.895 0 0 0 13942 13942 907 
468 358 1 8.5 358 33.88 0.895 0 0 0 14092 14092 910 
469 358 1 8.5 358 33.88 0.895 0 0 0 14242 14242 911 
470 358 1 8.5 358 33.88 0.895 0 0 0 14393 14393 914 
471 358 1 8.5 358 33.88 0.895 0 0 0 14545 14545 917 
472 358 1 8.5 358 33.88 0.895 0 0 0 14696 14696 918 
473 358 1 8.5 358 33.88 0.895 0 0 0 14847 14847 919 
474 358 1 8.5 358 33.88 0.895 0 0 0 14998 14998 922 
475 358 1 8.5 358 33.88 0.895 0 0 0 15150 15150 923 
476 359 1 8.5 359 30.4738 0.8975 0 0 0 15223 15223 935 
477 359 1 8.5 359 30.4738 0.8975 0 0 0 15342 15342 955 
478 359 1 8.5 359 30.4738 0.8975 0 0 0 15461 15461 956 
479 359 1 8.5 359 30.4738 0.8975 0 0 0 15592 15592 958 
480 359 1 8.5 359 30.4738 0.8975 0 0 0 15719 15719 959 
481 359 1 8.5 359 30.4738 0.8975 0 0 0 15841 15841 960 
482 359 1 8.5 359 30.4738 0.8975 0 0 0 15963 15963 965 
483 359 1 8.5 359 30.4738 0.8975 0 0 0 16086 16086 968 
484 359 1 8.5 359 30.4738 0.8975 0 0 0 16207 16207 969 
485 362 1 8.5 362 32.937 0.905 0 0 0 16354 16354 982 
486 362 1 8.5 362 32.937 0.905 0 0 0 16550 16550 990 
487 362 1 8.5 362 32.937 0.905 0 0 0 16752 16752 991 
488 362 1 8.5 362 32.937 0.905 0 0 0 16950 16950 992 
489 365 1 8.5 365 33.0013 0.9125 0 0 0 17095 17095 995 
490 365 1 8.5 365 33.0013 0.9125 0 0 0 17298 17298 996 
491 365 1 8.5 365 33.0013 0.9125 0 0 0 17499 17499 997 
492 365 1 8.5 365 33.0013 0.9125 0 0 0 17704 17704 998 
493 365 1 8.5 365 33.0013 0.9125 0 0 0 17906 17906 999 
494 365 1 8.5 365 33.0013 0.9125 0 0 0 18107 18107 1000 
495 365 1 8.5 365 33.0013 0.9125 0 0 0 18304 18304 1005 
496 365 1 8.5 365 33.0013 0.9125 0 0 0 18440 18440 1013 
497 365 1 8.5 365 33.0013 0.9125 0 0 0 18636 18636 1014 
498 365 1 8.5 365 33.0013 0.9125 0 0 0 18781 18781 1016 
499 365 1 8.5 365 33.0013 0.9125 0 0 0 18923 18923 1017 
500 366 1 8.5 366 37.2575 0.915 0 0 0 19132 19132 1029 
501 366 1 8.5 366 33.5044 0.915 0 0 0 19280 19280 1030 
502 366 1 8.5 366 33.5044 0.915 0 0 0 19429 19429 1031 
503 366 1 8.5 366 33.5044 0.915 0 0 0 19633 19633 1035 
504 366 1 8.5 366 33.5044 0.915 0 0 0 19785 19785 1036 
505 366 1 8.5 366 33.5044 0.915 0 0 0 19936 19936 1037 
506 366 1 8.5 366 33.5044 0.915 0 0 0 20081 20081 1039 
507 367 1 8.5 367 33.6992 0.9175 0 0 0 20231 20231 1044 
508 367 1 8.5 367 33.6992 0.9175 0 0 0 20399 20399 1050 
509 367 1 8.5 367 33.6992 0.9175 0 0 0 20567 20567 1052 
510 367 1 8.5 367 33.6992 0.9175 0 0 0 20720 20720 1054 
511 367 1 8.5 367 33.6992 0.9175 0 0 0 20872 20872 1055 
512 367 1 8.5 367 33.6992 0.9175 0 0 0 21025 21025 1056 
513 367 1 8.5 367 33.6992 0.9175 0 0 0 21179 21179 1057 
514 367 1 8.5 367 33.6992 0.9175 0 0 0 21333 21333 1058 
515 367 1 8.5 367 33.6992 0.9175 0 0 0 21486 21486 1059 
516 367 1 8.5 367 33.6992 0.9175 0 0 0 21642 21642 1060 
517 367 1 8.5 367 33.6992 0.9175 0 0 0 21796 21796 1061 
518 367 1 8.5 367 33.6992 0.9175 0 0 0 21950 21950 1062 
519 368 1 8.5 368 34.1181 0.92 0 0 0 22107 22107 1070 
520 368 1 8.5 368 33.8638 0.92 0 0 0 22262 22262 1071 
521 368 1 8.5 368 33.5992 0.92 0 0 0 22430 22430 1078 
522 368 1 8.5 368 33.4558 0.92 0 0 0 22600 22600 1080 
523 368 1 8.5 368 33.4332 0.92 0 0 0 22769 22769 1081 
524 368 1 8.5 368 33.4332 0.92 0 0 0 22937 22937 1082 
525 368 1 8.5 368 33.4332 0.92 0 0 0 23106 23106 1083 
526 368 1 8.5 368 33.4332 0.92 0 0 0 23277 23277 1084 
527 368 1 8.5 368 33.4332 0.92 0 0 0 23450 23450 1085 
528 368 1 8.5 368 33.4332 0.92 0 0 0 23584 23584 1086 
529 369 1 8.5 369 33.6036 0.9225 0 0 0 23755 23755 1090 
530 369 1 8.5 369 33.6036 0.9225 0 0 0 23923 23923 1091 
531 370 1 8.5 370 40.8125 0.925 0 0 0 24210 24210 1099 
532 370 1 8.5 370 40.8125 0.925 0 0 0 24518 24518 1103 
533 370 1 8.5 370 40.8125 0.925 0 0 0 24777 24777 1111 
534 370 1 8.5 370 40.3367 0.925 0 0 0 25265 25265 1127 
535 370 1 8.5 370 40.2098 0.925 0 0 0 25749 25749 1131 
536 370 1 8.5 370 40.2098 0.925 0 0 0 26117 26117 1141 
537 370 1 8.5 370 40.2098 0.925 0 0 0 26330 26330 1151 
538 370 1 8.5 370 40.2098 0.925 0 0 0 26746 26746 1160 
539 370 1 8.5 370 40.2098 0.925 0 0 0 27455 27455 1186 
540 370 1 8.5 370 40.2098 0.925 0 0 0 28173 28173 1194 
541 370 1 8.5 370 40.2098 0.925 0 0 0 28943 28943 1199 
542 370 1 8.5 370 40.2098 0.925 0 0 0 29737 29737 1207 
543 370 1 8.5 370 40.2098 0.925 0 0 0 30537 30537 1213 
544 370 1 8.5 370 40.2098 0.925 0 0 0 31344 31344 1218 
545 370 1 8.5 370 40.2098 0.925 0 0 0 32045 32045 1242 
546 370 1 8.5 370 40.2098 0.925 0 0 0 32742 32742 1252 
547 370 1 8.5 370 40.2098 0.925 0 0 0 33406 33406 1259 
548 371 1 8.5 371 38.7017 0.9275 0 0 0 34101 34101 1268 
549 371 1 8.5 371 38.7017 0.9275 0 0 0 34785 34785 1269 
550 371 1 8.5 371 38.7017 0.9275 0 0 0 35465 35465 1270 
551 371 1 8.5 371 38.7017 0.9275 0 0 0 36145 36145 1271 
552 371 1 8.5 371 38.7017 0.9275 0 0 0 36816 36816 1272 
553 371 1 8.5 371 38.7017 0.9275 0 0 0 37495 37495 1273 
554 371 1 8.5 371 38.7017 0.9275 0 0 0 38174 38174 1274 
555 371 1 8.5 371 38.6049 0.9275 0 0 0 38853 38853 1275 
556 371 1 8.5 371 38.6049 0.9275 0 0 0 39520 39520 1279 
557 371 1 8.5 371 38.6049 0.9275 0 0 0 40078 40078 1284 
558 371 1 8.5 371 38.6049 0.9275 0 0 0 40756 40756 1285 
559 371 1 8.5 371 38.6049 0.9275 0 0 0 41421 41421 1309 
560 371 1 8.5 371 38.6049 0.9275 0 0 0 42094 42094 1310 
561 371 1 8.5 371 38.6049 0.9275 0 0 0 42722 42722 1322 
562 371 1 8.5 371 38.6049 0.9275 0 0 0 43349 43349 1329 
563 371 1 8.5 371 38.6049 0.9275 0 0 0 43725 43725 1342 
564 371 1 8.5 371 38.6049 0.9275 0 0 0 44140 44140 1350 
565 371 1 8.5 371 38.6049 0.9275 0 0 0 44557 44557 1356 
566 371 1 8.5 371 38.6049 0.9275 0 0 0 44990 44990 1363 
567 371 1 8.5 371 38.6049 0.9275 0 0 0 45441 45441 1372 
568 371 1 8.5 371 38.6049 0.9275 0 0 0 45899 45899 1380 
569 371 1 8.5 371 38.6049 0.9275 0 0 0 46347 46347 1386 
570 371 1 8.5 371 38.6049 0.9275 0 0 0 46802 46802 1393 
571 371 1 8.5 371 38.6049 0.9275 0 0 0 47251 47251 1400 
572 371 1 8.5 371 38.6049 0.9275 0 0 0 47705 47705 1406 
573 371 1 8.5 371 38.6049 0.9275 0 0 0 48169 48169 1409 
574 371 1 8.5 371 38.6049 0.9275 0 0 0 48634 48634 1413 
575 371 1 8.5 371 38.6049 0.9275 0 0 0 49096 49096 1416 
576 371 1 8.5 371 38.6049 0.9275 0 0 0 49549 49549 1422 
577 372 1 8.5 372 43.485 0.93 0 0 0 50039 50039 1432 
578 372 1 8.5 372 43.3779 0.93 0 0 0 50496 50496 1438 
579 372 1 8.5 372 43.3779 0.93 0 0 0 50947 50947 1449 
580 372 1 8.5 372 43.3779 0.93 0 0 0 51394 51394 1459 
581 372 1 8.5 372 43.3779 0.93 0 0 0 51850 51850 1463 
582 372 1 8.5 372 42.8531 0.93 0 0 0 52284 52284 1466 
583 372 1 8.5 372 42.8531 0.93 0 0 0 52713 52713 1481 
584 372 1 8.5 372 42.8531 0.93 0 0 0 53377 53377 1492 
585 372 1 8.5 372 42.8531 0.93 0 0 0 54047 54047 1497 
586 372 1 8.5 372 42.8531 0.93 0 0 0 54707 54707 1502 
587 372 1 8.5 372 42.8531 0.93 0 0 0 55142 55142 1506 
588 372 1 8.5 372 42.8531 0.93 0 0 0 55801 55801 1509 
589 372 1 8.5 372 42.8531 0.93 0 0 0 56469 56469 1519 
590 372 1 8.5 372 42.8531 0.93 0 0 0 57122 57122 1521 
591 372 1 8.5 372 42.8531 0.93 0 0 0 57685 57685 1529 
592 372 1 8.5 372 42.8531 0.93 0 0 0 58335 58335 1530 
593 372 1 8.5 372 42.8531 0.93 0 0 0 58975 58975 1532 
594 372 1 8.5 372 42.8531 0.93 0 0 0 59620 59620 1535 
595 372 1 8.5 372 42.8531 0.93 0 0 0 60316 60316 1541 
596 372 1 8.5 372 42.8531 0.93 0 0 0 60968 60968 1548 
597 372 1 8.5 372 42.8531 0.93 0 0 0 61678 61678 1554 
598 372 1 8.5 372 42.8531 0.93 0 0 0 62380 62380 1555 
599 372 1 8.5 372 42.8531 0.93 0 0 0 63039 63039 1558 
600 372 1 8.5 372 42.8531 0.93 0 0 0 63689 63689 1561 
601 372 1 8.5 372 42.8531 0.93 0 0 0 64399 64399 1562 
602 372 1 8.5 372 42.8531 0.93 0 0 0 65048 65048 1565 
603 372 1 8.5 372 42.8531 0.93 0 0 0 65708 65708 1566 
604 372 1 8.5 372 42.8531 0.93 0 0 0 66370 66370 1569 
605 372 1 8.5 372 42.8531 0.93 0 0 0 67022 67022 1572 
606 372 1 8.5 372 42.8531 0.93 0 0 0 67697 67697 1576 
607 372 1 8.5 372 42.8531 0.93 0 0 0 68275 68275 1579 
608 372 1 8.5 372 42.8531 0.93 0 0 0 68947 68947 1580 
609 372 1 8.5 372 42.8531 0.93 0 0 0 69629 69629 1581 
610 372 1 8.5 372 42.8531 0.93 0 0 0 70288 70288 1584 
611 372 1 8.5 372 42.8531 0.93 0 0 0 70530 70530 1605 
612 372 1 8.5 372 42.8531 0.93 0 0 0 70768 70768 1607 
613 372 1 8.5 372 42.8531 0.93 0 0 0 71004 71004 1609 
614 372 1 8.5 372 42.8531 0.93 0 0 0 71240 71240 1610 
615 372 1 8.5 372 42.8531 0.93 0 0 0 71878 71878 1626 
616 372 1 8.5 372 41.6635 0.93 0 0 0 72268 72268 1639 
617 372 1 8.5 372 41.6635 0.93 0 0 0 72501 72501 1651 
618 372 1 8.5 372 41.6635 0.93 0 0 0 72890 72890 1657 
619 372 1 8.5 372 41.6635 0.93 0 0 0 73279 73279 1658 
620 372 1 8.5 372 41.6635 0.93 0 0 0 73512 73512 1665 
621 372 1 8.5 372 41.6635 0.93 0 0 0 73750 73750 1675 
622 372 1 8.5 372 41.6635 0.93 0 0 0 73982 73982 1681 
623 372 1 8.5 372 41.4745 0.93 0 0 0 74257 74257 1686 
624 372 1 8.5 372 41.4745 0.93 0 0 0 74498 74498 1695 
625 373 1 8.5 373 50.568 0.9325 0 0 0 74772 74772 1707 
626 373 1 8.5 373 50.568 0.9325 0 0 0 75190 75190 1714 
627 373 1 8.5 373 50.568 0.9325 0 0 0 75470 75470 1724 
628 373 1 8.5 373 50.568 0.9325 0 0 0 75738 75738 1731 
629 376 1 8.5 376 50.6431 0.94 0 0 0 76004 76004 1736 
630 376 1 8.5 376 50.6071 0.94 0 0 0 76270 76270 1740 
631 376 1 8.5 376 50.6071 0.94 0 0 0 76554 76554 1747 
632 376 1 8.5 376 50.3949 0.94 0 0 0 76798 76798 1752 
633 376 1 8.5 376 50.3643 0.94 0 0 0 77047 77047 1755 
634 379 1 8.5 379 50.5708 0.9475 0 0 0 77519 77519 1764 
635 379 1 8.5 379 50.3137 0.9475 0 0 0 77792 77792 1767 
636 379 1 8.5 379 47.9045 0.9475 0 0 0 78774 78774 1785 
637 379 1 8.5 379 46.9058 0.9475 0 0 0 79711 79711 1808 
638 379 1 8.5 379 46.9058 0.9475 0 0 0 80437 80437 1820 
639 379 1 8.5 379 46.776 0.9475 0 0 0 81367 81367 1822 
640 379 1 8.5 379 46.5739 0.9475 0 0 0 82298 82298 1830 
641 379 1 8.5 379 46.5739 0.9475 0 0 0 83225 83225 1833 
642 382 1 8.5 382 47.1146 0.955 0 0 0 84067 84067 1843 
643 385 1 8.5 385 47.0544 0.9625 0 0 0 84759 84759 1849 
644 385 1 8.5 385 47.0544 0.9625 0 0 0 85492 85492 1862 
645 388 1 8.5 388 54.8225 0.97 0 0 0 86313 86313 1874 
646 388 1 8.5 388 54.8225 0.97 0 0 0 87128 87128 1884 
647 388 1 8.5 388 47.0416 0.97 0 0 0 88021 88021 1898 
648 388 1 8.5 388 47.0416 0.97 0 0 0 88839 88839 1903 
649 388 1 8.5 388 47.0416 0.97 0 0 0 89668 89668 1904 
650 388 1 8.5 388 47.0416 0.97 0 0 0 90465 90465 1905 
651 388 1 8.5 388 47.0416 0.97 0 0 0 91277 91277 1912 
652 388 1 8.5 388 46.8248 0.97 0 0 0 92121 92121 1914 
653 388 1 8.5 388 46.8248 0.97 0 0 0 92947 92947 1916 
654 388 1 8.5 388 46.8248 0.97 0 0 0 93865 93865 1928 
655 388 1 8.5 388 46.8248 0.97 0 0 0 94727 94727 1936 
656 388 1 8.5 388 46.8248 0.97 0 0 0 95435 95435 1946 
657 388 1 8.5 388 46.8248 0.97 0 0 0 96237 96237 1950 
658 388 1 8.5 388 46.8248 0.97 0 0 0 97023 97023 1955 
659 388 1 8.5 388 46.8248 0.97 0 0 0 97616 97616 1963 
660 388 1 8.5 388 46.8248 0.97 0 0 0 97994 97994 1980 
661 388 1 8.5 388 46.8248 0.97 0 0 0 98375 98375 1986 
662 388 1 8.5 388 46.8248 0.97 0 0 0 98760 98760 1987 
663 388 1 8.5 388 46.8248 0.97 0 0 0 99142 99142 1989 
664 388 1 8.5 388 46.8248 0.97 0 0 0 99526 99526 1990 
665 388 1 8.5 388 46.8248 0.97 0 0 0 99914 99914 1991 
666 388 1 8.5 388 46.8248 0.97 0 0 0 100302 100302 1993 
667 388 1 8.5 388 46.8248 0.97 0 0 0 100852 100852 2002 
668 388 1 8.5 388 46.8248 0.97 0 0 0 101243 101243 2003 
669 388 1 8.5 388 46.8248 0.97 0 0 0 101646 101646 2004 
670 388 1 8.5 388 46.8248 0.97 0 0 0 102013 102013 2008 
671 388 1 8.5 388 46.8248 0.97 0 0 0 102400 102400 2009 
672 389 1 8.5 389 50.2676 0.9725 0 0 0 102810 102810 2011 
673 389 1 8.5 389 50.2676 0.9725 0 0 0 103104 103104 2040 
674 389 1 8.5 389 50.2676 0.9725 0 0 0 103756 103756 2050 
675 389 1 8.5 389 47.6695 0.9725 0 0 0 104692 104692 2059 
676 389 1 8.5 389 47.6695 0.9725 0 0 0 104983 104983 2064 
677 389 1 8.5 389 47.6695 0.9725 0 0 0 105682 105682 2072 
678 389 1 8.5 389 47.6695 0.9725 0 0 0 106489 106489 2077 
679 389 1 8.5 389 47.6695 0.9725 0 0 0 107298 107298 2086 
680 389 1 8.5 389 47.6695 0.9725 0 0 0 108106 108106 2088 
681 389 1 8.5 389 47.6695 0.9725 0 0 0 108915 108915 2089 
682 389 1 8.5 389 47.6695 0.9725 0 0 0 109729 109729 2093 
683 389 1 8.5 389 47.6695 0.9725 0 0 0 110553 110553 2095 
684 389 1 8.5 389 47.6695 0.9725 0 0 0 111203 111203 2105 
685 389 1 8.5 389 47.6695 0.9725 0 0 0 112022 112022 2109 
686 389 1 8.5 389 47.6695 0.9725 0 0 0 112463 112463 2118 
687 389 1 8.5 389 47.6695 0.9725 0 0 0 112878 112878 2119 
688 389 1 8.5 389 47.6695 0.9725 0 0 0 113296 113296 2120 
689 389 1 8.5 389 47.6695 0.9725 0 0 0 113704 113704 2124 
690 389 1 8.5 389 47.6695 0.9725 0 0 0 114116 114116 2126 
691 389 1 8.5 389 47.6695 0.9725 0 0 0 114521 114521 2132 
692 389 1 8.5 389 47.6695 0.9725 0 0 0 114936 114936 2133 
693 389 1 8.5 389 47.6695 0.9725 0 0 0 115353 115353 2139 
694 389 1 8.5 389 47.6695 0.9725 0 0 0 115753 115753 2145 
695 389 1 8.5 389 47.6695 0.9725 0 0 0 116172 116172 2148 
696 389 1 8.5 389 47.6695 0.9725 0 0 0 116488 116488 2156 
697 389 1 8.5 389 47.6695 0.9725 0 0 0 116778 116778 2157 
698 389 1 8.5 389 47.6695 0.9725 0 0 0 117071 117071 2159 
699 389 1 8.5 389 47.6695 0.9725 0 0 0 117930 117930 2168 
700 389 1 8.5 389 47.6695 0.9725 0 0 0 118227 118227 2174 
701 389 1 8.5 389 47.6695 0.9725 0 0 0 118600 118600 2191 
702 389 1 8.5 389 47.6695 0.9725 0 0 0 118895 118895 2192 
703 389 1 8.5 389 47.6695 0.9725 0 0 0 119209 119209 2194 
704 389 1 8.5 389 47.6695 0.9725 0 0 0 119503 119503 2199 
705 389 1 8.5 389 47.6695 0.9725 0 0 0 120302 120302 2209 
706 389 1 8.5 389 45.9369 0.9725 0 0 0 120888 120888 2228 
707 389 1 8.5 389 45.9369 0.9725 0 0 0 121245 121245 2240 
708 389 1 8.5 389 45.9369 0.9725 0 0 0 121799 121799 2255 
709 389 1 8.5 389 45.9369 0.9725 0 0 0 122278 122278 2271 
710 389 1 8.5 389 45.9369 0.9725 0 0 0 122733 122733 2274 
711 389 1 8.5 389 45.9369 0.9725 0 0 0 123449 123449 2297 
712 389 1 8.5 389 45.9369 0.9725 0 0 0 124186 124186 2306 
713 389 1 8.5 389 45.9369 0.9725 0 0 0 124537 124537 2329 
714 389 1 8.5 389 45.9369 0.9725 0 0 0 125064 125064 2344 
715 389 1 8.5 389 45.9369 0.9725 0 0 0 125780 125780 2345 
716 389 1 8.5 389 45.9369 0.9725 0 0 0 126472 126472 2351 
717 389 1 8.5 389 45.9369 0.9725 0 0 0 126979 126979 2357 
718 389 1 8.5 389 45.9369 0.9725 0 0 0 127823 127823 2365 
719 389 1 8.5 389 45.9369 0.9725 0 0 0 128289 128289 2374 
720 389 1 8.5 389 45.9369 0.9725 0 0 0 128773 128773 2376 
721 389 1 8.5 389 45.9369 0.9725 0 0 0 129297 129297 2385 
722 389 1 8.5 389 45.9369 0.9725 0 0 0 129849 129849 2389 
723 389 1 8.5 389 45.9369 0.9725 0 0 0 130501 130501 2391 
724 389 1 8.5 389 45.9369 0.9725 0 0 0 131047 131047 2393 
725 389 1 8.5 389 45.9369 0.9725 0 0 0 131540 131540 2403 
726 389 1 8.5 389 45.9369 0.9725 0 0 0 132007 132007 2415 
727 389 1 8.5 389 45.9369 0.9725 0 0 0 132793 132793 2426 
728 389 1 8.5 389 45.9369 0.9725 0 0 0 133342 133342 2433 
729 389 1 8.5 389 45.9369 0.9725 0 0 0 134106 134106 2441 
730 389 1 8.5 389 45.9369 0.9725 0 0 0 134888 134888 2445 
731 389 1 8.5 389 45.9369 0.9725 0 0 0 135532 135532 2458 
732 389 1 8.5 389 45.9369 0.9725 0 0 0 136438 136438 2469 
733 389 1 8.5 389 45.9369 0.9725 0 0 0 137361 137361 2501 
734 389 1 8.5 389 45.9369 0.9725 0 0 0 137973 137973 2515 
735 389 1 8.5 389 45.9369 0.9725 0 0 0 138634 138634 2525 
736 389 1 8.5 389 45.9369 0.9725 0 0 0 139292 139292 2532 
737 389 1 8.5 389 45.9369 0.9725 0 0 0 140280 140280 2542 
738 389 1 8.5 389 45.9369 0.9725 0 0 0 140750 140750 2553 
739 389 1 8.5 389 45.9369 0.9725 0 0 0 141223 141223 2570 
740 389 1 8.5 389 45.9369 0.9725 0 0 0 142143 142143 2593 
741 389 1 8.5 389 45.9369 0.9725 0 0 0 142726 142726 2599 
742 389 1 8.5 389 45.9369 0.9725 0 0 0 143863 143863 2617 
743 389 1 8.5 389 45.9369 0.9725 0 0 0 145035 145035 2623 
744 389 1 8.5 389 45.9369 0.9725 0 0 0 145490 145490 2625 
745 389 1 8.5 389 45.9369 0.9725 0 0 0 146100 146100 2630 
746 389 1 8.5 389 45.9369 0.9725 0 0 0 146575 146575 2636 
747 389 1 8.5 389 45.9369 0.9725 0 0 0 147223 147223 2653 
748 389 1 8.5 389 45.9369 0.9725 0 0 0 148152 148152 2659 
749 389 1 8.5 389 45.9369 0.9725 0 0 0 148711 148711 2679 
750 389 1 8.5 389 45.9369 0.9725 0 0 0 149209 149209 2687 
751 389 1 8.5 389 45.9369 0.9725 0 0 0 149766 149766 2697 
752 389 1 8.5 389 45.9369 0.9725 0 0 0 150299 150299 2708 
753 389 1 8.5 389 45.9369 0.9725 0 0 0 151184 151184 2720 
754 389 1 8.5 389 45.9369 0.9725 0 0 0 151663 151663 2723 
755 389 1 8.5 389 45.9369 0.9725 0 0 0 152277 152277 2730 
756 389 1 8.5 389 45.9369 0.9725 0 0 0 152919 152919 2733 
757 389 1 8.5 389 45.9369 0.9725 0 0 0 153180 153180 2750 
758 389 1 8.5 389 45.9369 0.9725 0 0 0 153498 153498 2764 
759 389 1 8.5 389 45.9369 0.9725 0 0 0 153880 153880 2770 
760 389 1 8.5 389 45.9369 0.9725 0 0 0 154313 154313 2777 
761 389 1 8.5 389 45.9369 0.9725 0 0 0 154721 154721 2784 
762 389 1 8.5 389 45.9369 0.9725 0 0 0 155116 155116 2786 
763 389 1 8.5 389 45.9369 0.9725 0 0 0 155524 155524 2788 
764 389 1 8.5 389 45.9369 0.9725 0 0 0 155973 155973 2791 
765 389 1 8.5 389 45.9369 0.9725 0 0 0 156586 156586 2803 
766 389 1 8.5 389 45.9369 0.9725 0 0 0 157055 157055 2809 
767 389 1 8.5 389 45.9369 0.9725 0 0 0 157518 157518 2811 
768 389 1 8.5 389 45.9369 0.9725 0 0 0 157970 157970 2815 
769 389 1 8.5 389 45.9369 0.9725 0 0 0 158320 158320 2820 
770 389 1 8.5 389 45.9369 0.9725 0 0 0 158628 158628 2833 
771 389 1 8.5 389 45.9369 0.9725 0 0 0 159411 159411 2842 
772 389 1 8.5 389 45.9369 0.9725 0 0 0 159704 159704 2846 
773 389 1 8.5 389 45.9369 0.9725 0 0 0 160061 160061 2848 
774 389 1 8.5 389 45.9369 0.9725 0 0 0 160876 160876 2865 
775 389 1 8.5 389 45.9369 0.9725 0 0 0 162458 162458 2898 
776 389 1 8.5 389 45.9369 0.9725 0 0 0 162816 162816 2900 
777 389 1 8.5 389 45.9369 0.9725 0 0 0 163162 163162 2902 
778 389 1 8.5 389 45.9369 0.9725 0 0 0 163935 163935 2906 
779 389 1 8.5 389 45.9369 0.9725 0 0 0 164285 164285 2907 
780 389 1 8.5 389 45.9369 0.9725 0 0 0 164650 164650 2909 
781 389 1 8.5 389 45.9369 0.9725 0 0 0 165431 165431 2913 
782 389 1 8.5 389 45.9369 0.9725 0 0 0 165646 165646 2916 
783 389 1 8.5 389 45.9369 0.9725 0 0 0 165997 165997 2917 
784 389 1 8.5 389 45.9369 0.9725 0 0 0 166355 166355 2918 
785 389 1 8.5 389 45.9369 0.9725 0 0 0 166781 166781 2923 
786 389 1 8.5 389 45.9369 0.9725 0 0 0 167119 167119 2929 
787 389 1 8.5 389 45.9369 0.9725 0 0 0 168786 168786 2946 
788 389 1 8.5 389 45.9369 0.9725 0 0 0 169570 169570 2947 
789 389 1 8.5 389 45.9369 0.9725 0 0 0 169925 169925 2948 
790 389 1 8.5 389 45.9369 0.9725 0 0 0 170220 170220 2949 
791 389 1 8.5 389 45.9369 0.9725 0 0 0 170572 170572 2952 
792 389 1 8.5 389 45.9369 0.9725 0 0 0 170972 170972 2954 
793 389 1 8.5 389 45.9369 0.9725 0 0 0 171374 171374 2955 
794 389 1 8.5 389 45.9369 0.9725 0 0 0 171733 171733 2956 
795 389 1 8.5 389 45.9369 0.9725 0 0 0 172085 172085 2957 
796 389 1 8.5 389 45.9369 0.9725 0 0 0 172441 172441 2958 
797 389 1 8.5 389 45.9369 0.9725 0 0 0 172756 172756 2960 
798 389 1 8.5 389 45.9369 0.9725 0 0 0 173112 173112 2962 
799 389 1 8.5 389 45.9369 0.9725 0 0 0 173473 173473 2963 
800 389 1 8.5 389 45.9369 0.9725 0 0 0 175022 175022 2980 
801 389 1 8.5 389 45.9369 0.9725 0 0 0 175392 175392 2983 
802 389 1 8.5 389 45.9369 0.9725 0 0 0 175746 175746 2984 
803 389 1 8.5 389 45.9369 0.9725 0 0 0 176155 176155 2995 
804 389 1 8.5 389 45.9369 0.9725 0 0 0 177554 177554 2999 
805 389 1 8.5 389 45.9369 0.9725 0 0 0 178307 178307 3011 
806 389 1 8.5 389 45.9369 0.9725 0 0 0 179194 179194 3019 
807 389 1 8.5 389 45.9369 0.9725 0 0 0 180068 180068 3028 
808 389 1 8.5 389 45.9369 0.9725 0 0 0 180951 180951 3031 
809 389 1 8.5 389 45.9369 0.9725 0 0 0 181624 181624 3046 
810 389 1 8.5 389 45.9369 0.9725 0 0 0 182505 182505 3049 
811 389 1 8.5 389 45.9369 0.9725 0 0 0 183690 183690 3054 
812 389 1 8.5 389 45.9369 0.9725 0 0 0 184530 184530 3062 
813 389 1 8.5 389 45.9369 0.9725 0 0 0 185648 185648 3065 
814 389 1 8.5 389 45.9369 0.9725 0 0 0 186642 186642 3071 
815 389 1 8.5 389 45.9369 0.9725 0 0 0 187591 187591 3073 
816 389 1 8.5 389 45.9369 0.9725 0 0 0 188478 188478 3077 
817 389 1 8.5 389 45.9369 0.9725 0 0 0 189499 189499 3078 
818 389 1 8.5 389 45.9369 0.9725 0 0 0 190400 190400 3081 
819 389 1 8.5 389 45.9369 0.9725 0 0 0 191177 191177 3083 
820 389 1 8.5 389 45.9369 0.9725 0 0 0 192107 192107 3089 
821 389 1 8.5 389 45.9369 0.9725 0 0 0 192808 192808 3094 
822 389 1 8.5 389 45.9369 0.9725 0 0 0 193655 193655 3096 
823 392 1 8.5 392 47.6674 0.98 0 0 0 194517 194517 3099 
824 392 1 8.5 392 47.6674 0.98 0 0 0 195451 195451 3106 
825 392 1 8.5 392 47.6674 0.98 0 0 0 196372 196372 3108 
826 392 1 8.5 392 47.6674 0.98 0 0 0 197200 197200 3114 
827 392 1 8.5 392 47.6674 0.98 0 0 0 198117 198117 3117 
828 392 1 8.5 392 47.6674 0.98 0 0 0 198921 198921 3124 
829 392 1 8.5 392 47.6674 0.98 0 0 0 199832 199832 3125 
830 392 1 8.5 392 47.6674 0.98 0 0 0 200752 200752 3126 
831 392 1 8.5 392 47.6674 0.98 0 0 0 202465 202465 3146 
832 392 1 8.5 392 47.6674 0.98 0 0 0 203272 203272 3166 
833 392 1 8.5 392 47.6674 0.98 0 0 0 204193 204193 3167 
834 392 1 8.5 392 47.6674 0.98 0 0 0 205156 205156 3173 
835 392 1 8.5 392 47.6674 0.98 0 0 0 206000 206000 3174 
836 392 1 8.5 392 47.6674 0.98 0 0 0 206865 206865 3176 
837 392 1 8.5 392 47.6674 0.98 0 0 0 207761 207761 3184 
838 392 1 8.5 392 47.6674 0.98 0 0 0 208532 208532 3191 
839 392 1 8.5 392 47.6674 0.98 0 0 0 209447 209447 3192 
840 392 1 8.5 392 47.5606 0.98 0 0 0 210268 210268 3195 
841 392 1 8.5 392 47.5606 0.98 0 0 0 211125 211125 3197 
842 392 1 8.5 392 47.5606 0.98 0 0 0 211976 211976 3204 
843 392 1 8.5 392 47.5606 0.98 0 0 0 212961 212961 3213 
844 392 1 8.5 392 47.5606 0.98 0 0 0 213989 213989 3215 
845 392 1 8.5 392 47.5606 0.98 0 0 0 214663 214663 3229 
846 392 1 8.5 392 47.5606 0.98 0 0 0 215726 215726 3232 
847 392 1 8.5 392 47.5606 0.98 0 0 0 216572 216572 3233 
848 392 1 8.5 392 47.5606 0.98 0 0 0 217964 217964 3242 
849 392 1 8.5 392 47.5606 0.98 0 0 0 218800 218800 3245 
850 392 1 8.5 392 47.5606 0.98 0 0 0 219718 219718 3246 
851 392 1 8.5 392 47.5606 0.98 0 0 0 220790 220790 3250 
852 392 1 8.5 392 47.5606 0.98 0 0 0 222157 222157 3252 
853 392 1 8.5 392 47.5606 0.98 0 0 0 223191 223191 3253 
854 392 1 8.5 392 47.5606 0.98 0 0 0 224197 224197 3272 
855 392 1 8.5 392 47.5606 0.98 0 0 0 225059 225059 3273 
856 392 1 8.5 392 47.5606 0.98 0 0 0 226151 226151 3282 
857 392 1 8.5 392 47.5606 0.98 0 0 0 227225 227225 3299 
858 392 1 8.5 392 47.5606 0.98 0 0 0 228110 228110 3300 
859 392 1 8.5 392 47.5606 0.98 0 0 0 229904 229904 3303 
860 392 1 8.5 392 47.5606 0.98 0 0 0 230837 230837 3313 
861 394 1 8.5 394 56.5888 0.985 0 0 0 231299 231299 3324 
862 394 1 8.5 394 50.831 0.985 0 0 0 232589 232589 3331 
863 394 1 8.5 394 50.127 0.985 0 0 0 233889 233889 3336 
864 394 1 8.5 394 50.127 0.985 0 0 0 234951 234951 3344 
865 394 1 8.5 394 50.127 0.985 0 0 0 236275 236275 3345 
866 394 1 8.5 394 50.127 0.985 0 0 0 237600 237600 3346 
867 394 1 8.5 394 50.127 0.985 0 0 0 238657 238657 3347 
868 394 1 8.5 394 50.127 0.985 0 0 0 239933 239933 3349 
869 394 1 8.5 394 50.127 0.985 0 0 0 240994 240994 3353 
870 394 1 8.5 394 50.127 0.985 0 0 0 241972 241972 3361 
871 394 1 8.5 394 50.127 0.985 0 0 0 243023 243023 3363 
872 394 1 8.5 394 50.127 0.985 0 0 0 244331 244331 3367 
873 394 1 8.5 394 50.127 0.985 0 0 0 245341 245341 3369 
874 394 1 8.5 394 50.127 0.985 0 0 0 246642 246642 3370 
875 394 1 8.5 394 49.2755 0.985 0 0 0 247087 247087 3383 
876 394 1 8.5 394 49.2755 0.985 0 0 0 248158 248158 3387 
877 394 1 8.5 394 49.2755 0.985 0 0 0 249117 249117 3393 
878 394 1 8.5 394 49.2755 0.985 0 0 0 250059 250059 3400 
879 394 1 8.5 394 49.2755 0.985 0 0 0 251077 251077 3408 
880 394 1 8.5 394 49.2755 0.985 0 0 0 252026 252026 3410 
881 394 1 8.5 394 49.2755 0.985 0 0 0 252963 252963 3413 
882 394 1 8.5 394 49.2755 0.985 0 0 0 253876 253876 3417 
883 394 1 8.5 394 49.2755 0.985 0 0 0 254982 254982 3418 
884 394 1 8.5 394 49.2755 0.985 0 0 0 256007 256007 3420 
885 394 1 8.5 394 49.2755 0.985 0 0 0 256972 256972 3422 
886 394 1 8.5 394 49.2755 0.985 0 0 0 258077 258077 3426 
887 394 1 8.5 394 49.2755 0.985 0 0 0 259099 259099 3429 
888 394 1 8.5 394 49.2755 0.985 0 0 0 260137 260137 3430 
889 394 1 8.5 394 49.2755 0.985 0 0 0 261155 261155 3434 
890 394 1 8.5 394 49.2755 0.985 0 0 0 262113 262113 3436 
891 394 1 8.5 394 49.2755 0.985 0 0 0 263165 263165 3437 
892 394 1 8.5 394 49.2755 0.985 0 0 0 264091 264091 3438 
893 394 1 8.5 394 49.2755 0.985 0 0 0 265585 265585 3450 
894 394 1 8.5 394 49.2755 0.985 0 0 0 266549 266549 3452 
895 394 1 8.5 394 49.2755 0.985 0 0 0 267941 267941 3456 
896 394 1 8.5 394 49.2755 0.985 0 0 0 268875 268875 3462 
897 394 1 8.5 394 49.2755 0.985 0 0 0 269804 269804 3474 
898 394 1 8.5 394 49.2755 0.985 0 0 0 270710 270710 3477 
899 394 1 8.5 394 49.2755 0.985 0 0 0 271790 271790 3483 
900 394 1 8.5 394 49.2755 0.985 0 0 0 273119 273119 3490 
901 394 1 8.5 394 49.2755 0.985 0 0 0 274046 274046 3493 
902 394 1 8.5 394 49.2755 0.985 0 0 0 275105 275105 3496 
903 394 1 8.5 394 49.2755 0.985 0 0 0 276049 276049 3500 
904 394 1 8.5 394 49.2755 0.985 0 0 0 276981 276981 3501 
905 394 1 8.5 394 49.2755 0.985 0 0 0 277906 277906 3506 
906 394 1 8.5 394 49.2755 0.985 0 0 0 278919 278919 3511 
907 394 1 8.5 394 49.2755 0.985 0 0 0 279837 279837 3514 
908 394 1 8.5 394 49.2755 0.985 0 0 0 280755 280755 3517 
909 394 1 8.5 394 49.2755 0.985 0 0 0 281962 281962 3524 
910 394 1 8.5 394 48.4651 0.985 0 0 0 283241 283241 3530 
911 394 1 8.5 394 48.4651 0.985 0 0 0 283668 283668 3542 
912 395 1 8.5 395 57.4276 0.9875 0 0 0 283992 283992 3557 
913 395 1 8.5 395 57.4276 0.9875 0 0 0 284274 284274 3562 
914 395 1 8.5 395 49.7268 0.9875 0 0 0 285369 285369 3579 
915 395 1 8.5 395 49.7268 0.9875 0 0 0 285699 285699 3582 
916 395 1 8.5 395 49.7268 0.9875 0 0 0 286031 286031 3584 
917 395 1 8.5 395 49.7268 0.9875 0 0 0 286382 286382 3592 
918 395 1 8.5 395 49.7268 0.9875 0 0 0 287333 287333 3613 
919 395 1 8.5 395 49.3746 0.9875 0 0 0 288059 288059 3616 
920 395 1 8.5 395 49.3746 0.9875 0 0 0 288396 288396 3626 
921 395 1 8.5 395 49.3746 0.9875 0 0 0 288756 288756 3632 
922 395 1 8.5 395 49.3746 0.9875 0 0 0 289097 289097 3634 
923 395 1 8.5 395 49.3746 0.9875 0 0 0 289690 289690 3636 
924 395 1 8.5 395 49.3746 0.9875 0 0 0 290057 290057 3641 
925 395 1 8.5 395 49.3746 0.9875 0 0 0 290741 290741 3655 
926 395 1 8.5 395 49.3746 0.9875 0 0 0 291720 291720 3663 
927 395 1 8.5 395 49.3746 0.9875 0 0 0 292107 292107 3664 
928 395 1 8.5 395 49.3746 0.9875 0 0 0 292763 292763 3682 
929 395 1 8.5 395 49.3746 0.9875 0 0 0 293108 293108 3688 
930 395 1 8.5 395 49.3746 0.9875 0 0 0 293443 293443 3690 
931 395 1 8.5 395 49.3746 0.9875 0 0 0 294379 294379 3698 
932 395 1 8.5 395 49.3746 0.9875 0 0 0 294941 294941 3705 
933 395 1 8.5 395 49.3746 0.9875 0 0 0 295686 295686 3708 
934 395 1 8.5 395 49.3746 0.9875 0 0 0 296162 296162 3714 
935 395 1 8.5 395 49.3746 0.9875 0 0 0 296816 296816 3721 
936 395 1 8.5 395 49.3746 0.9875 0 0 0 297166 297166 3722 
937 395 1 8.5 395 49.3746 0.9875 0 0 0 297802 297802 3731 
938 395 1 8.5 395 49.3746 0.9875 0 0 0 298539 298539 3738 
939 395 1 8.5 395 49.3746 0.9875 0 0 0 299171 299171 3745 
940 395 1 8.5 395 49.3746 0.9875 0 0 0 299578 299578 3753 
941 395 1 8.5 395 49.3746 0.9875 0 0 0 299962 299962 3763 
942 395 1 8.5 395 49.2299 0.9875 0 0 0 300723 300723 3767 
943 395 1 8.5 395 49.2299 0.9875 0 0 0 301303 301303 3775 
944 395 1 8.5 395 49.2299 0.9875 0 0 0 302053 302053 3790 
945 395 1 8.5 395 49.2299 0.9875 0 0 0 303428 303428 3797 
946 395 1 8.5 395 49.2299 0.9875 0 0 0 304173 304173 3816 
947 395 1 8.5 395 49.2299 0.9875 0 0 0 305029 305029 3831 
948 395 1 8.5 395 49.2299 0.9875 0 0 0 305841 305841 3836 
949 395 1 8.5 395 49.2299 0.9875 0 0 0 306633 306633 3842 
950 395 1 8.5 395 49.2299 0.9875 0 0 0 307425 307425 3845 
951 395 1 8.5 395 49.2299 0.9875 0 0 0 308971 308971 3849 
952 395 1 8.5 395 49.2299 0.9875 0 0 0 309785 309785 3850 
953 395 1 8.5 395 49.2299 0.9875 0 0 0 310450 310450 3853 
954 395 1 8.5 395 49.2299 0.9875 0 0 0 311312 311312 3855 
955 395 1 8.5 395 49.2299 0.9875 0 0 0 312118 312118 3861 
956 395 1 8.5 395 49.2299 0.9875 0 0 0 313416 313416 3864 
957 395 1 8.5 395 49.2299 0.9875 0 0 0 314312 314312 3865 
958 395 1 8.5 395 49.2299 0.9875 0 0 0 315373 315373 3867 
959 395 1 8.5 395 49.2299 0.9875 0 0 0 316108 316108 3871 
960 395 1 8.5 395 49.2299 0.9875 0 0 0 316907 316907 3884 
961 395 1 8.5 395 49.2299 0.9875 0 0 0 318040 318040 3892 
962 395 1 8.5 395 49.2299 0.9875 0 0 0 319711 319711 3898 
963 395 1 8.5 395 49.2299 0.9875 0 0 0 320293 320293 3910 
964 395 1 8.5 395 49.2299 0.9875 0 0 0 321193 321193 3915 
965 395 1 8.5 395 49.2299 0.9875 0 0 0 321995 321995 3918 
966 395 1 8.5 395 49.2299 0.9875 0 0 0 322716 322716 3923 
967 395 1 8.5 395 49.2299 0.9875 0 0 0 323206 323206 3930 
968 395 1 8.5 395 49.2299 0.9875 0 0 0 324206 324206 3931 
969 395 1 8.5 395 49.2299 0.9875 0 0 0 324716 324716 3933 
970 395 1 8.5 395 49.2299 0.9875 0 0 0 325554 325554 3934 
971 395 1 8.5 395 49.2299 0.9875 0 0 0 326287 326287 3950 
972 395 1 8.5 395 49.2299 0.9875 0 0 0 327594 327594 3953 
973 395 1 8.5 395 49.2299 0.9875 0 0 0 328573 328573 3957 
974 395 1 8.5 395 49.2299 0.9875 0 0 0 328968 328968 3960 
975 395 1 8.5 395 49.2299 0.9875 0 0 0 330028 330028 3967 
976 395 1 8.5 395 49.2299 0.9875 0 0 0 330728 330728 3973 
977 395 1 8.5 395 49.2299 0.9875 0 0 0 331344 331344 3975 
978 395 1 8.5 395 49.2299 0.9875 0 0 0 332302 332302 3983 
979 395 1 8.5 395 49.2299 0.9875 0 0 0 333518 333518 3993 
980 395 1 8.5 395 49.2299 0.9875 0 0 0 334190 334190 3997 
981 395 1 8.5 395 49.2299 0.9875 0 0 0 335209 335209 4002 
982 395 1 8.5 395 47.4884 0.9875 0 0 0 335619 335619 4005 
983 395 1 8.5 395 47.4884 0.9875 0 0 0 336001 336001 4007 
984 395 1 8.5 395 47.4063 0.9875 0 0 0 336903 336903 4009 
985 395 1 8.5 395 47.4063 0.9875 0 0 0 337480 337480 4015 
986 395 1 8.5 395 47.4063 0.9875 0 0 0 338021 338021 4018 
987 395 1 8.5 395 47.4063 0.9875 0 0 0 338897 338897 4028 
988 395 1 8.5 395 47.4063 0.9875 0 0 0 339396 339396 4035 
989 395 1 8.5 395 45.1448 0.9875 0 0 0 340339 340339 4047 
990 395 1 8.5 395 45.1448 0.9875 0 0 0 341201 341201 4061 
991 395 1 8.5 395 45.1448 0.9875 0 0 0 342066 342066 4068 
992 395 1 8.5 395 45.1448 0.9875 0 0 0 342786 342786 4076 
993 395 1 8.5 395 45.1448 0.9875 0 0 0 343648 343648 4078 
994 395 1 8.5 395 45.1448 0.9875 0 0 0 344686 344686 4081 
995 395 1 8.5 395 45.0127 0.9875 0 0 0 345660 345660 4085 
996 395 1 8.5 395 45.0127 0.9875 0 0 0 346549 346549 4087 
997 395 1 8.5 395 45.0127 0.9875 0 0 0 347392 347392 4089 
998 395 1 8.5 395 45.0127 0.9875 0 0 0 347727 347727 4093 
999 395 1 8.5 395 45.0127 0.9875 0 0 0 348767 348767 4095 
1000 395 1 8.5 395 45.0127 0.9875 0 0 0 349825 349825 4097 
1001 398 1 8.5 398 49.3292 0.995 0 0 0 350276 350276 4103 
1002 398 1 8.5 398 45.7614 0.995 0 0 0 351442 351442 4106 
1003 398 1 8.5 398 45.7614 0.995 0 0 0 352609 352609 4108 
1004 398 1 8.5 398 44.2146 0.995 0 0 0 353682 353682 4110 
1005 398 1 8.5 398 44.2146 0.995 0 0 0 354591 354591 4115 
1006 398 1 8.5 398 44.2146 0.995 0 0 0 355112 355112 4130 
1007 398 1 8.5 398 44.2146 0.995 0 0 0 355541 355541 4137 
1008 398 1 8.5 398 44.2146 0.995 0 0 0 356358 356358 4142 
1009 398 1 8.5 398 44.2146 0.995 0 0 0 357177 357177 4146 
1010 398 1 8.5 398 44.2146 0.995 0 0 0 358002 358002 4147 
1011 398 1 8.5 398 44.2146 0.995 0 0 0 358786 358786 4148 
