1 105 1 5.5 105 0 0.2625 0 0 0 0 0 0 
2 108 1 5.5 108 0.1 0.27 0 0 0 0 0 1 
3 110 1 5.5 110 0.195919 0.275 0 0 0 0 0 3 
4 112 1 5.5 112 0.295919 0.28 0 0 0 0 0 4 
5 114 1 5.5 114 0.395919 0.285 0 0 0 0 0 5 
6 115 1 5.5 115 0.488365 0.2875 0 0 0 0 0 7 
7 115 1 5.5 115 0.488365 0.2875 0 0 0 0 0 8 
8 122 1 5.5 122 0.62186 0.305 0 0 0 0 0 10 
9 122 1 5.5 122 0.62186 0.305 0 0 0 0 0 11 
10 122 1 5.5 122 0.62186 0.305 0 0 0 0 0 12 
11 131 1 5.5 131 0.72186 0.3275 0 0 0 0 0 13 
12 131 1 5.5 131 0.72186 0.3275 0 0 0 0 0 14 
13 132 1 5.5 132 1.03084 0.33 0 0 0 0 0 16 
14 133 1 5.5 133 1.15732 0.3325 0 0 0 0 0 19 
15 141 1 5.5 141 1.25557 0.3525 0 0 0 0 0 22 
16 141 1 5.5 141 1.25557 0.3525 0 0 0 0 0 23 
17 142 1 5.5 142 1.40416 0.355 0 0 0 0 0 25 
18 143 1 5.5 143 1.50416 0.3575 0 0 0 0 0 26 
19 145 1 5.5 145 1.65811 0.3625 0 0 0 0 0 28 
20 145 1 5.5 145 1.65811 0.3625 0 0 0 0 0 29 
21 145 1 5.5 145 1.65811 0.3625 0 0 0 0 0 30 
22 145 1 5.5 145 1.65811 0.3625 0 0 0 0 0 31 
23 146 1 5.5 146 1.7409 0.365 0 0 0 0 0 33 
24 146 1 5.5 146 1.7409 0.365 0 0 0 0 0 34 
25 147 1 5.5 147 2.02836 0.3675 0 0 0 0 0 36 
26 148 1 5.5 148 2.08592 0.37 0 0 0 1 1 38 
27 148 1 5.5 148 2.08592 0.37 0 0 0 1 1 42 
28 148 1 5.5 148 2.08592 0.37 0 0 0 1 1 43 
29 148 1 5.5 148 2.08592 0.37 0 0 0 1 1 44 
30 150 1 5.5 150 2.51612 0.375 0 0 0 2 2 46 
31 150 1 5.5 150 2.51612 0.375 0 0 0 3 3 47 
32 150 1 5.5 150 2.51612 0.375 0 0 0 4 4 48 
33 150 1 5.5 150 2.51612 0.375 0 0 0 5 5 49 
34 150 1 5.5 150 2.51612 0.375 0 0 0 6 6 50 
35 150 1 5.5 150 2.51612 0.375 0 0 0 7 7 51 
36 150 1 5.5 150 2.51612 0.375 0 0 0 8 8 52 
37 150 1 5.5 150 2.51612 0.375 0 0 0 9 9 53 
38 150 1 5.5 150 2.51612 0.375 0 0 0 10 10 54 
39 150 1 5.5 150 2.51612 0.375 0 0 0 11 11 55 
40 150 1 5.5 150 2.51612 0.375 0 0 0 12 12 56 
41 150 1 5.5 150 2.51612 0.375 0 0 0 13 13 57 
42 150 1 5.5 150 2.51612 0.375 0 0 0 14 14 58 
43 151 1 5.5 151 3.0701 0.3775 0 0 0 15 15 60 
44 152 1 5.5 152 3.12806 0.38 0 0 0 16 16 62 
45 152 1 5.5 152 3.12806 0.38 0 0 0 17 17 63 
46 152 1 5.5 152 3.12806 0.38 0 0 0 18 18 64 
47 152 1 5.5 152 3.12806 0.38 0 0 0 19 19 65 
48 152 1 5.5 152 3.12806 0.38 0 0 0 20 20 66 
49 152 1 5.5 152 3.12806 0.38 0 0 0 21 21 67 
50 152 1 5.5 152 3.12806 0.38 0 0 0 22 22 68 
51 152 1 5.5 152 3.12806 0.38 0 0 0 23 23 69 
52 152 1 5.5 152 3.12806 0.38 0 0 0 24 24 70 
53 152 1 5.5 152 3.12806 0.38 0 0 0 25 25 71 
54 152 1 5.5 152 3.12806 0.38 0 0 0 26 26 72 
55 159 1 5.5 159 3.53263 0.3975 0 0 0 28 28 74 
56 159 1 5.5 159 3.53263 0.3975 0 0 0 30 30 75 
57 165 1 5.5 165 3.88679 0.4125 0 0 0 32 32 78 
58 165 1 5.5 165 3.88679 0.4125 0 0 0 34 34 79 
59 165 1 5.5 165 3.88679 0.4125 0 0 0 36 36 80 
60 165 1 5.5 165 3.88679 0.4125 0 0 0 38 38 81 
61 165 1 5.5 165 3.88679 0.4125 0 0 0 40 40 82 
62 166 1 5.5 166 4.53395 0.415 0 0 0 42 42 85 
63 166 1 5.5 166 4.53395 0.415 0 0 0 44 44 86 
64 166 1 5.5 166 4.53395 0.415 0 0 0 46 46 87 
65 166 1 5.5 166 4.53395 0.415 0 0 0 48 48 88 
66 166 1 5.5 166 4.53395 0.415 0 0 0 50 50 89 
67 166 1 5.5 166 4.53395 0.415 0 0 0 52 52 90 
68 166 1 5.5 166 4.53395 0.415 0 0 0 54 54 91 
69 166 1 5.5 166 4.53395 0.415 0 0 0 56 56 92 
70 166 1 5.5 166 4.53395 0.415 0 0 0 58 58 95 
71 166 1 5.5 166 4.53395 0.415 0 0 0 60 60 96 
72 166 1 5.5 166 4.53395 0.415 0 0 0 62 62 97 
73 166 1 5.5 166 4.53395 0.415 0 0 0 64 64 98 
74 166 1 5.5 166 4.53395 0.415 0 0 0 66 66 99 
75 166 1 5.5 166 4.53395 0.415 0 0 0 68 68 100 
76 166 1 5.5 166 4.53395 0.415 0 0 0 70 70 101 
77 166 1 5.5 166 4.53395 0.415 0 0 0 72 72 102 
78 166 1 5.5 166 4.53395 0.415 0 0 0 74 74 103 
79 166 1 5.5 166 4.53395 0.415 0 0 0 76 76 104 
80 166 1 5.5 166 4.53395 0.415 0 0 0 78 78 105 
81 166 1 5.5 166 4.53395 0.415 0 0 0 80 80 106 
82 166 1 5.5 166 4.53395 0.415 0 0 0 82 82 107 
83 166 1 5.5 166 4.53395 0.415 0 0 0 84 84 108 
84 166 1 5.5 166 4.53395 0.415 0 0 0 87 87 109 
85 166 1 5.5 166 4.53395 0.415 0 0 0 90 90 110 
86 166 1 5.5 166 4.53395 0.415 0 0 0 92 92 111 
87 166 1 5.5 166 4.53395 0.415 0 0 0 94 94 112 
88 166 1 5.5 166 4.53395 0.415 0 0 0 96 96 115 
89 166 1 5.5 166 4.53395 0.415 0 0 0 98 98 116 
90 166 1 5.5 166 4.53395 0.415 0 0 0 100 100 117 
91 166 1 5.5 166 4.53395 0.415 0 0 0 103 103 118 
92 166 1 5.5 166 4.53395 0.415 0 0 0 105 105 119 
93 166 1 5.5 166 4.53395 0.415 0 0 0 107 107 120 
94 166 1 5.5 166 4.53395 0.415 0 0 0 109 109 121 
95 178 1 5.5 178 5.95551 0.445 0 0 0 112 112 125 
96 181 1 5.5 181 6.91491 0.4525 0 0 0 116 116 128 
97 182 1 5.5 182 6.95297 0.455 0 0 0 119 119 130 
98 182 1 5.5 182 6.95297 0.455 0 0 0 123 123 131 
99 182 1 5.5 182 6.95297 0.455 0 0 0 127 127 132 
100 187 1 5.5 187 7.50161 0.4675 0 0 0 131 131 135 
101 187 1 5.5 187 7.50161 0.4675 0 0 0 135 135 136 
102 187 1 5.5 187 7.50161 0.4675 0 0 0 138 138 137 
103 187 1 5.5 187 7.50161 0.4675 0 0 0 142 142 138 
104 187 1 5.5 187 7.50161 0.4675 0 0 0 146 146 139 
105 187 1 5.5 187 7.50161 0.4675 0 0 0 150 150 140 
106 187 1 5.5 187 7.50161 0.4675 0 0 0 154 154 141 
107 187 1 5.5 187 7.50161 0.4675 0 0 0 158 158 142 
108 187 1 5.5 187 7.50161 0.4675 0 0 0 162 162 143 
109 187 1 5.5 187 7.50161 0.4675 0 0 0 166 166 144 
110 187 1 5.5 187 7.50161 0.4675 0 0 0 170 170 145 
111 187 1 5.5 187 7.50161 0.4675 0 0 0 174 174 146 
112 187 1 5.5 187 7.50161 0.4675 0 0 0 178 178 147 
113 187 1 5.5 187 7.50161 0.4675 0 0 0 182 182 148 
114 187 1 5.5 187 7.50161 0.4675 0 0 0 186 186 149 
115 187 1 5.5 187 7.50161 0.4675 0 0 0 190 190 150 
116 187 1 5.5 187 7.50161 0.4675 0 0 0 195 195 151 
117 187 1 5.5 187 7.50161 0.4675 0 0 0 199 199 152 
118 187 1 5.5 187 7.50161 0.4675 0 0 0 203 203 153 
119 187 1 5.5 187 7.50161 0.4675 0 0 0 207 207 154 
120 193 1 5.5 193 7.82983 0.4825 0 0 0 211 211 160 
121 193 1 5.5 193 7.82983 0.4825 0 0 0 215 215 161 
122 193 1 5.5 193 7.82983 0.4825 0 0 0 220 220 162 
123 196 1 5.5 196 10.0199 0.49 0 0 0 228 228 166 
124 196 1 5.5 196 10.0199 0.49 0 0 0 235 235 167 
125 196 1 5.5 196 10.0199 0.49 0 0 0 241 241 168 
126 196 1 5.5 196 10.0199 0.49 0 0 0 248 248 169 
127 196 1 5.5 196 10.0199 0.49 0 0 0 258 258 175 
128 211 1 5.5 211 11.1243 0.5275 0 0 0 268 268 183 
129 211 1 5.5 211 11.1243 0.5275 0 0 0 278 278 184 
130 211 1 5.5 211 11.1243 0.5275 0 0 0 288 288 185 
131 211 1 5.5 211 11.1243 0.5275 0 0 0 299 299 186 
132 211 1 5.5 211 11.1243 0.5275 0 0 0 309 309 187 
133 211 1 5.5 211 11.1243 0.5275 0 0 0 320 320 188 
134 211 1 5.5 211 11.1243 0.5275 0 0 0 331 331 189 
135 211 1 5.5 211 11.1243 0.5275 0 0 0 341 341 190 
136 211 1 5.5 211 11.1243 0.5275 0 0 0 351 351 191 
137 211 1 5.5 211 11.1243 0.5275 0 0 0 362 362 192 
138 211 1 5.5 211 11.1243 0.5275 0 0 0 372 372 193 
139 211 1 5.5 211 11.1243 0.5275 0 0 0 384 384 194 
140 211 1 5.5 211 11.1243 0.5275 0 0 0 395 395 195 
141 211 1 5.5 211 11.1243 0.5275 0 0 0 406 406 196 
142 213 1 5.5 213 11.4602 0.5325 0 0 0 414 414 203 
143 213 1 5.5 213 11.4602 0.5325 0 0 0 422 422 204 
144 231 1 5.5 231 11.5038 0.5775 0 0 0 430 430 209 
145 232 1 5.5 232 11.5284 0.58 0 0 0 438 438 213 
146 232 1 5.5 232 11.4518 0.58 0 0 0 447 447 216 
147 232 1 5.5 232 11.4518 0.58 0 0 0 454 454 217 
148 232 1 5.5 232 11.4518 0.58 0 0 0 464 464 218 
149 232 1 5.5 232 11.4518 0.58 0 0 0 472 472 219 
150 232 1 5.5 232 11.4518 0.58 0 0 0 480 480 220 
151 232 1 5.5 232 11.4518 0.58 0 0 0 488 488 221 
152 232 1 5.5 232 11.4518 0.58 0 0 0 496 496 222 
153 232 1 5.5 232 11.4518 0.58 0 0 0 504 504 223 
154 233 1 5.5 233 12.3613 0.5825 0 0 0 518 518 228 
155 233 1 5.5 233 12.3613 0.5825 0 0 0 532 532 229 
156 233 1 5.5 233 12.3613 0.5825 0 0 0 545 545 230 
157 233 1 5.5 233 12.3613 0.5825 0 0 0 557 557 231 
158 233 1 5.5 233 12.3613 0.5825 0 0 0 571 571 232 
159 233 1 5.5 233 12.3613 0.5825 0 0 0 584 584 233 
160 233 1 5.5 233 12.3613 0.5825 0 0 0 596 596 234 
161 233 1 5.5 233 12.3613 0.5825 0 0 0 609 609 235 
162 233 1 5.5 233 12.3613 0.5825 0 0 0 621 621 236 
163 233 1 5.5 233 12.3613 0.5825 0 0 0 634 634 237 
164 233 1 5.5 233 12.3613 0.5825 0 0 0 646 646 238 
165 233 1 5.5 233 12.3613 0.5825 0 0 0 659 659 239 
166 233 1 5.5 233 12.3613 0.5825 0 0 0 673 673 240 
167 233 1 5.5 233 12.3613 0.5825 0 0 0 685 685 241 
168 233 1 5.5 233 12.3613 0.5825 0 0 0 698 698 242 
169 233 1 5.5 233 12.3613 0.5825 0 0 0 711 711 243 
170 233 1 5.5 233 12.3613 0.5825 0 0 0 724 724 244 
171 236 1 5.5 236 14.8793 0.59 0 0 0 771 771 251 
172 236 1 5.5 236 14.8793 0.59 0 0 0 817 817 252 
173 237 1 5.5 237 12.6294 0.5925 0 0 0 830 830 257 
174 237 1 5.5 237 12.6294 0.5925 0 0 0 842 842 258 
175 237 1 5.5 237 12.6294 0.5925 0 0 0 854 854 259 
176 237 1 5.5 237 12.6294 0.5925 0 0 0 867 867 260 
177 237 1 5.5 237 12.6294 0.5925 0 0 0 880 880 261 
178 237 1 5.5 237 12.6294 0.5925 0 0 0 893 893 262 
179 237 1 5.5 237 10.1561 0.5925 0 0 0 900 900 264 
180 243 1 5.5 243 13.3621 0.6075 0 0 0 909 909 272 
181 245 1 5.5 245 13.42 0.6125 0 0 0 917 917 274 
182 245 1 5.5 245 13.42 0.6125 0 0 0 926 926 275 
183 253 1 5.5 253 14.54 0.6325 0 0 0 936 936 284 
184 253 1 5.5 253 14.54 0.6325 0 0 0 946 946 285 
185 253 1 5.5 253 14.54 0.6325 0 0 0 955 955 286 
186 253 1 5.5 253 14.54 0.6325 0 0 0 965 965 287 
187 253 1 5.5 253 14.54 0.6325 0 0 0 975 975 288 
188 253 1 5.5 253 14.54 0.6325 0 0 0 985 985 289 
189 253 1 5.5 253 14.54 0.6325 0 0 0 995 995 294 
190 253 1 5.5 253 14.54 0.6325 0 0 0 1005 1005 295 
191 253 1 5.5 253 14.54 0.6325 0 0 0 1015 1015 296 
192 253 1 5.5 253 14.54 0.6325 0 0 0 1025 1025 297 
193 253 1 5.5 253 14.54 0.6325 0 0 0 1035 1035 298 
194 253 1 5.5 253 14.54 0.6325 0 0 0 1045 1045 299 
195 253 1 5.5 253 14.54 0.6325 0 0 0 1056 1056 300 
196 259 1 5.5 259 14.7268 0.6475 0 0 0 1069 1069 302 
197 259 1 5.5 259 14.7268 0.6475 0 0 0 1080 1080 303 
198 259 1 5.5 259 14.7268 0.6475 0 0 0 1091 1091 304 
199 259 1 5.5 259 14.7268 0.6475 0 0 0 1101 1101 305 
200 259 1 5.5 259 14.7268 0.6475 0 0 0 1112 1112 306 
201 259 1 5.5 259 14.7268 0.6475 0 0 0 1122 1122 307 
202 259 1 5.5 259 14.7268 0.6475 0 0 0 1133 1133 308 
203 259 1 5.5 259 14.7268 0.6475 0 0 0 1144 1144 309 
204 259 1 5.5 259 14.7268 0.6475 0 0 0 1155 1155 310 
205 259 1 5.5 259 14.7268 0.6475 0 0 0 1166 1166 316 
206 260 1 5.5 260 14.0518 0.65 0 0 0 1179 1179 325 
207 260 1 5.5 260 14.0518 0.65 0 0 0 1191 1191 326 
208 260 1 5.5 260 14.0518 0.65 0 0 0 1204 1204 327 
209 260 1 5.5 260 14.0518 0.65 0 0 0 1216 1216 328 
210 266 1 5.5 266 14.1066 0.665 0 0 0 1229 1229 330 
211 266 1 5.5 266 14.1066 0.665 0 0 0 1241 1241 331 
212 266 1 5.5 266 14.1066 0.665 0 0 0 1253 1253 332 
213 266 1 5.5 266 14.1066 0.665 0 0 0 1266 1266 333 
214 266 1 5.5 266 14.1066 0.665 0 0 0 1278 1278 334 
215 266 1 5.5 266 14.1066 0.665 0 0 0 1291 1291 335 
216 266 1 5.5 266 14.1066 0.665 0 0 0 1304 1304 336 
217 266 1 5.5 266 14.1066 0.665 0 0 0 1316 1316 337 
218 266 1 5.5 266 14.1066 0.665 0 0 0 1329 1329 338 
219 266 1 5.5 266 14.1066 0.665 0 0 0 1343 1343 339 
220 266 1 5.5 266 14.1066 0.665 0 0 0 1356 1356 340 
221 266 1 5.5 266 14.1066 0.665 0 0 0 1369 1369 341 
222 266 1 5.5 266 14.1066 0.665 0 0 0 1382 1382 342 
223 266 1 5.5 266 14.1066 0.665 0 0 0 1396 1396 343 
224 266 1 5.5 266 14.1066 0.665 0 0 0 1410 1410 344 
225 266 1 5.5 266 14.1066 0.665 0 0 0 1425 1425 345 
226 266 1 5.5 266 14.1066 0.665 0 0 0 1438 1438 346 
227 266 1 5.5 266 14.1066 0.665 0 0 0 1452 1452 347 
228 266 1 5.5 266 14.1066 0.665 0 0 0 1466 1466 348 
229 266 1 5.5 266 14.1066 0.665 0 0 0 1480 1480 349 
230 277 1 5.5 277 14.1636 0.6925 0 0 0 1494 1494 351 
231 277 1 5.5 277 14.1636 0.6925 0 0 0 1511 1511 352 
232 277 1 5.5 277 14.1636 0.6925 0 0 0 1525 1525 353 
233 277 1 5.5 277 14.1636 0.6925 0 0 0 1539 1539 354 
234 277 1 5.5 277 14.1636 0.6925 0 0 0 1553 1553 355 
235 277 1 5.5 277 14.1636 0.6925 0 0 0 1567 1567 356 
236 277 1 5.5 277 14.1636 0.6925 0 0 0 1581 1581 357 
237 277 1 5.5 277 14.1636 0.6925 0 0 0 1595 1595 358 
238 277 1 5.5 277 14.1636 0.6925 0 0 0 1609 1609 359 
239 277 1 5.5 277 14.1636 0.6925 0 0 0 1624 1624 360 
240 277 1 5.5 277 14.1636 0.6925 0 0 0 1640 1640 361 
241 277 1 5.5 277 14.1636 0.6925 0 0 0 1655 1655 362 
242 277 1 5.5 277 14.1636 0.6925 0 0 0 1670 1670 363 
243 277 1 5.5 277 14.1636 0.6925 0 0 0 1685 1685 364 
244 277 1 5.5 277 14.1636 0.6925 0 0 0 1700 1700 365 
245 283 1 5.5 283 14.2257 0.7075 0 0 0 1717 1717 367 
246 283 1 5.5 283 14.2257 0.7075 0 0 0 1733 1733 368 
247 283 1 5.5 283 14.2257 0.7075 0 0 0 1748 1748 369 
248 283 1 5.5 283 14.2257 0.7075 0 0 0 1763 1763 370 
249 283 1 5.5 283 14.2257 0.7075 0 0 0 1778 1778 371 
250 283 1 5.5 283 14.2257 0.7075 0 0 0 1794 1794 372 
251 284 1 5.5 284 17.8339 0.71 0 0 0 1813 1813 378 
252 284 1 5.5 284 17.8339 0.71 0 0 0 1832 1832 379 
253 284 1 5.5 284 17.8339 0.71 0 0 0 1854 1854 388 
254 284 1 5.5 284 17.8339 0.71 0 0 0 1876 1876 392 
255 284 1 5.5 284 17.8339 0.71 0 0 0 1898 1898 396 
256 284 1 5.5 284 17.8339 0.71 0 0 0 1920 1920 397 
257 284 1 5.5 284 17.8339 0.71 0 0 0 1942 1942 400 
258 284 1 5.5 284 17.8339 0.71 0 0 0 1962 1962 401 
259 284 1 5.5 284 17.8339 0.71 0 0 0 1982 1982 402 
260 284 1 5.5 284 17.8339 0.71 0 0 0 2001 2001 403 
261 284 1 5.5 284 17.8339 0.71 0 0 0 2021 2021 404 
262 284 1 5.5 284 17.8339 0.71 0 0 0 2040 2040 408 
263 284 1 5.5 284 17.8339 0.71 0 0 0 2060 2060 409 
264 284 1 5.5 284 17.8339 0.71 0 0 0 2079 2079 413 
265 284 1 5.5 284 17.8339 0.71 0 0 0 2098 2098 414 
266 284 1 5.5 284 17.8339 0.71 0 0 0 2117 2117 415 
267 284 1 5.5 284 17.8339 0.71 0 0 0 2136 2136 416 
268 284 1 5.5 284 17.8339 0.71 0 0 0 2155 2155 417 
269 284 1 5.5 284 17.8339 0.71 0 0 0 2174 2174 418 
270 284 1 5.5 284 17.8339 0.71 0 0 0 2194 2194 421 
271 284 1 5.5 284 17.8339 0.71 0 0 0 2213 2213 422 
272 284 1 5.5 284 17.8339 0.71 0 0 0 2234 2234 426 
273 284 1 5.5 284 17.8339 0.71 0 0 0 2256 2256 430 
274 284 1 5.5 284 17.8339 0.71 0 0 0 2278 2278 431 
275 284 1 5.5 284 17.8339 0.71 0 0 0 2302 2302 432 
276 284 1 5.5 284 17.8339 0.71 0 0 0 2323 2323 433 
277 284 1 5.5 284 17.8339 0.71 0 0 0 2344 2344 438 
278 284 1 5.5 284 17.8339 0.71 0 0 0 2365 2365 439 
279 284 1 5.5 284 17.8339 0.71 0 0 0 2385 2385 440 
280 287 1 5.5 287 22.7689 0.7175 0 0 0 2418 2418 446 
281 295 1 5.5 295 19.5819 0.7375 0 0 0 2441 2441 452 
282 295 1 5.5 295 19.5819 0.7375 0 0 0 2463 2463 455 
283 295 1 5.5 295 19.5819 0.7375 0 0 0 2485 2485 456 
284 295 1 5.5 295 19.5819 0.7375 0 0 0 2506 2506 457 
285 295 1 5.5 295 19.5819 0.7375 0 0 0 2527 2527 458 
286 295 1 5.5 295 19.2822 0.7375 0 0 0 2549 2549 461 
287 295 1 5.5 295 19.2822 0.7375 0 0 0 2571 2571 464 
288 298 1 5.5 298 20.2501 0.745 0 0 0 2595 2595 471 
289 298 1 5.5 298 20.2501 0.745 0 0 0 2620 2620 472 
290 300 1 5.5 300 20.5559 0.75 0 0 0 2645 2645 478 
291 300 1 5.5 300 20.5559 0.75 0 0 0 2669 2669 479 
292 300 1 5.5 300 20.5559 0.75 0 0 0 2693 2693 482 
293 300 1 5.5 300 20.5559 0.75 0 0 0 2718 2718 484 
294 300 1 5.5 300 20.5559 0.75 0 0 0 2742 2742 485 
295 300 1 5.5 300 20.5559 0.75 0 0 0 2767 2767 488 
296 300 1 5.5 300 20.5559 0.75 0 0 0 2792 2792 491 
297 300 1 5.5 300 20.5559 0.75 0 0 0 2818 2818 492 
298 304 1 5.5 304 24.2191 0.76 0 0 0 2850 2850 498 
299 304 1 5.5 304 24.0844 0.76 0 0 0 2881 2881 499 
300 304 1 5.5 304 24.0844 0.76 0 0 0 2910 2910 503 
301 304 1 5.5 304 24.015 0.76 0 0 0 2935 2935 508 
302 304 1 5.5 304 24.015 0.76 0 0 0 2964 2964 510 
303 304 1 5.5 304 24.015 0.76 0 0 0 2993 2993 511 
304 304 1 5.5 304 24.015 0.76 0 0 0 3021 3021 512 
305 304 1 5.5 304 24.015 0.76 0 0 0 3049 3049 513 
306 304 1 5.5 304 24.015 0.76 0 0 0 3077 3077 514 
307 304 1 5.5 304 24.015 0.76 0 0 0 3105 3105 515 
308 304 1 5.5 304 23.9303 0.76 0 0 0 3133 3133 516 
309 304 1 5.5 304 23.9303 0.76 0 0 0 3162 3162 517 
310 304 1 5.5 304 23.9303 0.76 0 0 0 3191 3191 518 
311 304 1 5.5 304 23.9303 0.76 0 0 0 3219 3219 521 
312 304 1 5.5 304 23.9303 0.76 0 0 0 3253 3253 524 
313 304 1 5.5 304 23.9303 0.76 0 0 0 3287 3287 525 
314 304 1 5.5 304 23.9303 0.76 0 0 0 3321 3321 526 
315 305 1 5.5 305 25.0351 0.7625 0 0 0 3363 3363 537 
316 305 1 5.5 305 24.8091 0.7625 0 0 0 3405 3405 538 
317 305 1 5.5 305 24.6321 0.7625 0 0 0 3442 3442 547 
318 305 1 5.5 305 24.6321 0.7625 0 0 0 3484 3484 551 
319 305 1 5.5 305 24.6321 0.7625 0 0 0 3513 3513 563 
320 305 1 5.5 305 24.6321 0.7625 0 0 0 3542 3542 574 
321 305 1 5.5 305 24.6321 0.7625 0 0 0 3580 3580 576 
322 305 1 5.5 305 24.6321 0.7625 0 0 0 3623 3623 578 
323 305 1 5.5 305 24.6321 0.7625 0 0 0 3661 3661 580 
324 305 1 5.5 305 24.6321 0.7625 0 0 0 3703 3703 585 
325 305 1 5.5 305 24.6321 0.7625 0 0 0 3741 3741 586 
326 305 1 5.5 305 24.6321 0.7625 0 0 0 3779 3779 587 
327 305 1 5.5 305 24.6321 0.7625 0 0 0 3817 3817 588 
328 305 1 5.5 305 24.6321 0.7625 0 0 0 3855 3855 591 
329 305 1 5.5 305 24.6321 0.7625 0 0 0 3893 3893 594 
330 305 1 5.5 305 24.6321 0.7625 0 0 0 3931 3931 595 
331 305 1 5.5 305 24.6321 0.7625 0 0 0 3970 3970 596 
332 305 1 5.5 305 24.6321 0.7625 0 0 0 4008 4008 599 
333 305 1 5.5 305 24.6321 0.7625 0 0 0 4046 4046 600 
334 305 1 5.5 305 24.6321 0.7625 0 0 0 4084 4084 601 
335 305 1 5.5 305 24.6321 0.7625 0 0 0 4126 4126 602 
336 305 1 5.5 305 24.6321 0.7625 0 0 0 4170 4170 616 
337 305 1 5.5 305 24.6321 0.7625 0 0 0 4209 4209 617 
338 305 1 5.5 305 24.6321 0.7625 0 0 0 4246 4246 620 
339 305 1 5.5 305 24.6321 0.7625 0 0 0 4284 4284 622 
340 305 1 5.5 305 24.6321 0.7625 0 0 0 4327 4327 623 
341 305 1 5.5 305 24.6321 0.7625 0 0 0 4369 4369 626 
342 305 1 5.5 305 24.6321 0.7625 0 0 0 4407 4407 627 
343 305 1 5.5 305 24.6321 0.7625 0 0 0 4448 4448 628 
344 305 1 5.5 305 24.6321 0.7625 0 0 0 4484 4484 633 
345 305 1 5.5 305 24.6321 0.7625 0 0 0 4523 4523 634 
346 305 1 5.5 305 24.6321 0.7625 0 0 0 4562 4562 635 
347 305 1 5.5 305 24.6321 0.7625 0 0 0 4603 4603 636 
348 306 1 5.5 306 25.2996 0.765 0 0 0 4650 4650 642 
349 306 1 5.5 306 25.2996 0.765 0 0 0 4692 4692 647 
350 306 1 5.5 306 25.2996 0.765 0 0 0 4738 4738 648 
351 306 1 5.5 306 25.2996 0.765 0 0 0 4778 4778 649 
352 306 1 5.5 306 25.2996 0.765 0 0 0 4817 4817 650 
353 306 1 5.5 306 25.2996 0.765 0 0 0 4857 4857 651 
354 306 1 5.5 306 25.2996 0.765 0 0 0 4897 4897 652 
355 306 1 5.5 306 25.2996 0.765 0 0 0 4941 4941 653 
356 306 1 5.5 306 25.2996 0.765 0 0 0 4981 4981 654 
357 306 1 5.5 306 25.2996 0.765 0 0 0 5019 5019 655 
358 312 1 5.5 312 30.3694 0.78 0 0 0 5153 5153 663 
359 312 1 5.5 312 25.7048 0.78 0 0 0 5223 5223 676 
360 312 1 5.5 312 25.7048 0.78 0 0 0 5293 5293 677 
361 312 1 5.5 312 25.7048 0.78 0 0 0 5362 5362 678 
362 312 1 5.5 312 25.7048 0.78 0 0 0 5431 5431 680 
363 312 1 5.5 312 25.7048 0.78 0 0 0 5501 5501 681 
364 312 1 5.5 312 25.7048 0.78 0 0 0 5571 5571 682 
365 312 1 5.5 312 25.7048 0.78 0 0 0 5641 5641 683 
366 312 1 5.5 312 25.7048 0.78 0 0 0 5712 5712 684 
367 312 1 5.5 312 25.7048 0.78 0 0 0 5783 5783 685 
368 312 1 5.5 312 25.7048 0.78 0 0 0 5854 5854 686 
369 312 1 5.5 312 25.7048 0.78 0 0 0 5924 5924 687 
370 312 1 5.5 312 25.7048 0.78 0 0 0 6048 6048 689 
371 312 1 5.5 312 25.7048 0.78 0 0 0 6128 6128 692 
372 312 1 5.5 312 25.7048 0.78 0 0 0 6170 6170 700 
373 312 1 5.5 312 25.7048 0.78 0 0 0 6212 6212 701 
374 312 1 5.5 312 25.7048 0.78 0 0 0 6254 6254 702 
375 312 1 5.5 312 25.7048 0.78 0 0 0 6296 6296 703 
376 312 1 5.5 312 25.7048 0.78 0 0 0 6338 6338 704 
377 312 1 5.5 312 25.7048 0.78 0 0 0 6381 6381 705 
378 312 1 5.5 312 25.7048 0.78 0 0 0 6424 6424 706 
379 312 1 5.5 312 25.7048 0.78 0 0 0 6469 6469 707 
380 312 1 5.5 312 25.7048 0.78 0 0 0 6514 6514 708 
381 312 1 5.5 312 25.7048 0.78 0 0 0 6557 6557 709 
382 312 1 5.5 312 25.7048 0.78 0 0 0 6601 6601 710 
383 314 1 5.5 314 27.0793 0.785 0 0 0 6644 6644 727 
384 314 1 5.5 314 27.0793 0.785 0 0 0 6687 6687 730 
385 314 1 5.5 314 26.7824 0.785 0 0 0 6730 6730 733 
386 314 1 5.5 314 26.7824 0.785 0 0 0 6773 6773 736 
387 314 1 5.5 314 26.7824 0.785 0 0 0 6816 6816 737 
388 314 1 5.5 314 26.7824 0.785 0 0 0 6861 6861 738 
389 314 1 5.5 314 26.7824 0.785 0 0 0 6904 6904 739 
390 314 1 5.5 314 26.7824 0.785 0 0 0 6947 6947 740 
391 314 1 5.5 314 26.7824 0.785 0 0 0 6991 6991 741 
392 314 1 5.5 314 26.3525 0.785 0 0 0 7052 7052 747 
393 314 1 5.5 314 26.3525 0.785 0 0 0 7095 7095 748 
394 314 1 5.5 314 26.3525 0.785 0 0 0 7140 7140 749 
395 318 1 5.5 318 27.3682 0.795 0 0 0 7213 7213 756 
396 321 1 5.5 321 27.4095 0.8025 0 0 0 7281 7281 761 
397 322 1 5.5 322 27.4042 0.805 0 0 0 7353 7353 766 
398 322 1 5.5 322 27.3639 0.805 0 0 0 7424 7424 767 
399 322 1 5.5 322 27.0255 0.805 0 0 0 7491 7491 773 
400 322 1 5.5 322 27.0255 0.805 0 0 0 7558 7558 776 
401 322 1 5.5 322 27.0255 0.805 0 0 0 7629 7629 777 
402 322 1 5.5 322 27.0255 0.805 0 0 0 7699 7699 778 
403 322 1 5.5 322 27.0255 0.805 0 0 0 7769 7769 779 
404 322 1 5.5 322 27.0255 0.805 0 0 0 7841 7841 780 
405 322 1 5.5 322 27.0255 0.805 0 0 0 7911 7911 781 
406 323 1 5.5 323 27.6787 0.8075 0 0 0 7979 7979 787 
407 323 1 5.5 323 27.6787 0.8075 0 0 0 8047 8047 788 
408 323 1 5.5 323 27.6695 0.8075 0 0 0 8115 8115 789 
409 323 1 5.5 323 27.6695 0.8075 0 0 0 8184 8184 790 
410 323 1 5.5 323 27.6695 0.8075 0 0 0 8253 8253 791 
411 323 1 5.5 323 27.6695 0.8075 0 0 0 8322 8322 792 
412 323 1 5.5 323 27.6695 0.8075 0 0 0 8390 8390 797 
413 323 1 5.5 323 27.6695 0.8075 0 0 0 8470 8470 813 
414 341 1 5.5 341 27.7388 0.8525 0 0 0 8539 8539 818 
415 341 1 5.5 341 27.7388 0.8525 0 0 0 8610 8610 819 
416 341 1 5.5 341 27.7388 0.8525 0 0 0 8680 8680 820 
417 341 1 5.5 341 27.7388 0.8525 0 0 0 8750 8750 821 
418 341 1 5.5 341 27.7388 0.8525 0 0 0 8819 8819 824 
419 341 1 5.5 341 27.7388 0.8525 0 0 0 8889 8889 825 
420 341 1 5.5 341 27.7388 0.8525 0 0 0 8958 8958 826 
421 341 1 5.5 341 27.7388 0.8525 0 0 0 9029 9029 827 
422 341 1 5.5 341 27.7388 0.8525 0 0 0 9099 9099 828 
423 341 1 5.5 341 27.7388 0.8525 0 0 0 9170 9170 829 
424 341 1 5.5 341 27.7388 0.8525 0 0 0 9240 9240 830 
425 342 1 5.5 342 27.7853 0.855 0 0 0 9316 9316 833 
426 342 1 5.5 342 27.7853 0.855 0 0 0 9391 9391 834 
427 342 1 5.5 342 27.7853 0.855 0 0 0 9467 9467 835 
428 342 1 5.5 342 27.7853 0.855 0 0 0 9543 9543 836 
429 342 1 5.5 342 27.7853 0.855 0 0 0 9620 9620 837 
430 342 1 5.5 342 27.7853 0.855 0 0 0 9696 9696 838 
431 342 1 5.5 342 27.7853 0.855 0 0 0 9773 9773 839 
432 353 1 5.5 353 27.7869 0.8825 0 0 0 9848 9848 843 
433 355 1 5.5 355 31.657 0.8875 0 0 0 9945 9945 860 
434 355 1 5.5 355 31.657 0.8875 0 0 0 10042 10042 863 
435 355 1 5.5 355 31.657 0.8875 0 0 0 10138 10138 865 
436 356 1 5.5 356 32.3468 0.89 0 0 0 10235 10235 866 
437 356 1 5.5 356 32.3468 0.89 0 0 0 10333 10333 867 
438 356 1 5.5 356 32.3468 0.89 0 0 0 10429 10429 868 
439 356 1 5.5 356 32.3468 0.89 0 0 0 10527 10527 869 
440 356 1 5.5 356 32.3468 0.89 0 0 0 10624 10624 870 
441 356 1 5.5 356 32.3468 0.89 0 0 0 10725 10725 871 
442 356 1 5.5 356 32.3114 0.89 0 0 0 10826 10826 875 
443 356 1 5.5 356 32.3114 0.89 0 0 0 10926 10926 876 
444 356 1 5.5 356 32.3114 0.89 0 0 0 11064 11064 897 
445 357 1 5.5 357 33.7978 0.8925 0 0 0 11182 11182 914 
446 358 1 5.5 358 33.4676 0.895 0 0 0 11301 11301 922 
447 358 1 5.5 358 32.5651 0.895 0 0 0 11435 11435 932 
448 358 1 5.5 358 32.5651 0.895 0 0 0 11570 11570 933 
449 358 1 5.5 358 32.5651 0.895 0 0 0 11716 11716 941 
450 358 1 5.5 358 32.5651 0.895 0 0 0 11856 11856 942 
451 358 1 5.5 358 32.5651 0.895 0 0 0 12001 12001 943 
452 358 1 5.5 358 32.5651 0.895 0 0 0 12145 12145 944 
453 358 1 5.5 358 32.5651 0.895 0 0 0 12294 12294 948 
454 358 1 5.5 358 32.5651 0.895 0 0 0 12447 12447 963 
455 358 1 5.5 358 32.5651 0.895 0 0 0 12608 12608 967 
456 358 1 5.5 358 32.5651 0.895 0 0 0 12767 12767 968 
457 358 1 5.5 358 32.5651 0.895 0 0 0 12926 12926 969 
458 358 1 5.5 358 32.5651 0.895 0 0 0 13091 13091 970 
459 358 1 5.5 358 32.5651 0.895 0 0 0 13252 13252 971 
460 358 1 5.5 358 32.5651 0.895 0 0 0 13424 13424 972 
461 358 1 5.5 358 32.5651 0.895 0 0 0 13592 13592 973 
462 358 1 5.5 358 32.5651 0.895 0 0 0 13755 13755 974 
463 358 1 5.5 358 32.5651 0.895 0 0 0 13917 13917 975 
464 358 1 5.5 358 32.5651 0.895 0 0 0 14077 14077 976 
465 358 1 5.5 358 32.5651 0.895 0 0 0 14238 14238 977 
466 358 1 5.5 358 32.5651 0.895 0 0 0 14401 14401 980 
467 358 1 5.5 358 32.5651 0.895 0 0 0 14560 14560 982 
468 358 1 5.5 358 32.5651 0.895 0 0 0 14720 14720 984 
469 358 1 5.5 358 32.5651 0.895 0 0 0 14880 14880 985 
470 358 1 5.5 358 32.5651 0.895 0 0 0 15041 15041 988 
471 358 1 5.5 358 32.5651 0.895 0 0 0 15202 15202 991 
472 358 1 5.5 358 32.5651 0.895 0 0 0 15364 15364 992 
473 358 1 5.5 358 32.5651 0.895 0 0 0 15525 15525 993 
474 358 1 5.5 358 32.5651 0.895 0 0 0 15688 15688 994 
475 358 1 5.5 358 32.5651 0.895 0 0 0 15850 15850 997 
476 359 1 5.5 359 28.1316 0.8975 0 0 0 15924 15924 1010 
477 359 1 5.5 359 28.06 0.8975 0 0 0 15998 15998 1021 
478 359 1 5.5 359 27.0871 0.8975 0 0 0 16070 16070 1030 
479 359 1 5.5 359 27.0871 0.8975 0 0 0 16143 16143 1031 
480 359 1 5.5 359 27.0871 0.8975 0 0 0 16216 16216 1033 
481 359 1 5.5 359 27.0871 0.8975 0 0 0 16289 16289 1037 
482 359 1 5.5 359 27.0871 0.8975 0 0 0 16364 16364 1040 
483 359 1 5.5 359 27.0871 0.8975 0 0 0 16439 16439 1042 
484 359 1 5.5 359 26.8801 0.8975 0 0 0 16512 16512 1046 
485 362 1 5.5 362 29.883 0.905 0 0 0 16662 16662 1055 
486 362 1 5.5 362 29.883 0.905 0 0 0 16809 16809 1056 
487 362 1 5.5 362 29.883 0.905 0 0 0 16956 16956 1058 
488 362 1 5.5 362 29.883 0.905 0 0 0 17104 17104 1061 
489 365 1 5.5 365 32.2778 0.9125 0 0 0 17216 17216 1068 
490 365 1 5.5 365 30.3449 0.9125 0 0 0 17360 17360 1070 
491 365 1 5.5 365 30.3022 0.9125 0 0 0 17510 17510 1071 
492 365 1 5.5 365 30.3022 0.9125 0 0 0 17658 17658 1072 
493 365 1 5.5 365 30.3022 0.9125 0 0 0 17806 17806 1073 
494 365 1 5.5 365 30.3022 0.9125 0 0 0 17953 17953 1074 
495 365 1 5.5 365 30.3022 0.9125 0 0 0 18099 18099 1077 
496 365 1 5.5 365 30.3022 0.9125 0 0 0 18212 18212 1081 
497 365 1 5.5 365 30.3022 0.9125 0 0 0 18324 18324 1084 
498 365 1 5.5 365 30.3022 0.9125 0 0 0 18437 18437 1087 
499 365 1 5.5 365 30.3022 0.9125 0 0 0 18546 18546 1099 
500 366 1 5.5 366 32.7599 0.915 0 0 0 18660 18660 1104 
501 366 1 5.5 366 32.7093 0.915 0 0 0 18773 18773 1109 
502 366 1 5.5 366 32.5661 0.915 0 0 0 18887 18887 1110 
503 366 1 5.5 366 32.5661 0.915 0 0 0 19001 19001 1112 
504 366 1 5.5 366 32.5661 0.915 0 0 0 19115 19115 1114 
505 366 1 5.5 366 32.5661 0.915 0 0 0 19232 19232 1115 
506 366 1 5.5 366 30.1239 0.915 0 0 0 19384 19384 1120 
507 367 1 5.5 367 32.9807 0.9175 0 0 0 19501 19501 1124 
508 367 1 5.5 367 32.9678 0.9175 0 0 0 19620 19620 1127 
509 367 1 5.5 367 32.9501 0.9175 0 0 0 19739 19739 1128 
510 367 1 5.5 367 32.9501 0.9175 0 0 0 19859 19859 1134 
511 367 1 5.5 367 32.8894 0.9175 0 0 0 19979 19979 1135 
512 367 1 5.5 367 32.8894 0.9175 0 0 0 20099 20099 1137 
513 367 1 5.5 367 32.6899 0.9175 0 0 0 20216 20216 1140 
514 367 1 5.5 367 32.6899 0.9175 0 0 0 20335 20335 1141 
515 367 1 5.5 367 32.6899 0.9175 0 0 0 20454 20454 1143 
516 367 1 5.5 367 32.6899 0.9175 0 0 0 20575 20575 1146 
517 367 1 5.5 367 32.6899 0.9175 0 0 0 20693 20693 1148 
518 367 1 5.5 367 32.6899 0.9175 0 0 0 20811 20811 1152 
519 368 1 5.5 368 33.049 0.92 0 0 0 20932 20932 1155 
520 368 1 5.5 368 33.049 0.92 0 0 0 21052 21052 1156 
521 368 1 5.5 368 33.049 0.92 0 0 0 21171 21171 1157 
522 368 1 5.5 368 33.0162 0.92 0 0 0 21291 21291 1158 
523 368 1 5.5 368 33.0162 0.92 0 0 0 21410 21410 1160 
524 368 1 5.5 368 33.0162 0.92 0 0 0 21531 21531 1161 
525 368 1 5.5 368 33.0162 0.92 0 0 0 21651 21651 1162 
526 368 1 5.5 368 33.0162 0.92 0 0 0 21770 21770 1163 
527 368 1 5.5 368 33.0162 0.92 0 0 0 21889 21889 1164 
528 368 1 5.5 368 33.0162 0.92 0 0 0 22010 22010 1165 
529 369 1 5.5 369 30.4487 0.9225 0 0 0 22170 22170 1171 
530 369 1 5.5 369 30.4487 0.9225 0 0 0 22302 22302 1195 
531 370 1 5.5 370 38.3556 0.925 0 0 0 22703 22703 1204 
532 370 1 5.5 370 38.211 0.925 0 0 0 23100 23100 1205 
533 370 1 5.5 370 38.211 0.925 0 0 0 23507 23507 1206 
534 370 1 5.5 370 38.1426 0.925 0 0 0 23910 23910 1207 
535 370 1 5.5 370 37.9345 0.925 0 0 0 24313 24313 1212 
536 370 1 5.5 370 37.42 0.925 0 0 0 24687 24687 1215 
537 370 1 5.5 370 37.42 0.925 0 0 0 25092 25092 1217 
538 370 1 5.5 370 37.42 0.925 0 0 0 25500 25500 1218 
539 370 1 5.5 370 37.42 0.925 0 0 0 25992 25992 1232 
540 370 1 5.5 370 36.5116 0.925 0 0 0 26733 26733 1242 
541 370 1 5.5 370 36.5116 0.925 0 0 0 27239 27239 1258 
542 370 1 5.5 370 36.2989 0.925 0 0 0 27856 27856 1261 
543 370 1 5.5 370 36.2989 0.925 0 0 0 28395 28395 1278 
544 370 1 5.5 370 36.2989 0.925 0 0 0 28935 28935 1290 
545 370 1 5.5 370 36.2989 0.925 0 0 0 29405 29405 1320 
546 370 1 5.5 370 36.2989 0.925 0 0 0 29886 29886 1333 
547 370 1 5.5 370 36.2989 0.925 0 0 0 30353 30353 1347 
548 371 1 5.5 371 46.359 0.9275 0 0 0 30835 30835 1363 
549 371 1 5.5 371 38.1867 0.9275 0 0 0 31451 31451 1388 
550 371 1 5.5 371 37.2224 0.9275 0 0 0 31923 31923 1395 
551 371 1 5.5 371 37.2224 0.9275 0 0 0 32480 32480 1409 
552 371 1 5.5 371 37.2224 0.9275 0 0 0 32999 32999 1417 
553 371 1 5.5 371 37.2224 0.9275 0 0 0 33492 33492 1423 
554 371 1 5.5 371 37.2224 0.9275 0 0 0 33990 33990 1428 
555 371 1 5.5 371 36.7595 0.9275 0 0 0 34447 34447 1438 
556 371 1 5.5 371 35.1343 0.9275 0 0 0 34762 34762 1455 
557 371 1 5.5 371 35.1343 0.9275 0 0 0 35256 35256 1458 
558 371 1 5.5 371 35.1343 0.9275 0 0 0 35752 35752 1463 
559 371 1 5.5 371 35.1343 0.9275 0 0 0 36249 36249 1467 
560 371 1 5.5 371 35.1343 0.9275 0 0 0 36745 36745 1470 
561 371 1 5.5 371 34.369 0.9275 0 0 0 36977 36977 1480 
562 371 1 5.5 371 34.369 0.9275 0 0 0 37565 37565 1486 
563 371 1 5.5 371 34.369 0.9275 0 0 0 38130 38130 1502 
564 371 1 5.5 371 34.369 0.9275 0 0 0 39039 39039 1511 
565 371 1 5.5 371 34.369 0.9275 0 0 0 39630 39630 1513 
566 371 1 5.5 371 34.369 0.9275 0 0 0 40204 40204 1522 
567 371 1 5.5 371 34.369 0.9275 0 0 0 40794 40794 1529 
568 371 1 5.5 371 34.369 0.9275 0 0 0 41385 41385 1534 
569 371 1 5.5 371 34.369 0.9275 0 0 0 41974 41974 1543 
570 371 1 5.5 371 34.369 0.9275 0 0 0 42571 42571 1544 
571 371 1 5.5 371 34.2829 0.9275 0 0 0 43500 43500 1549 
572 371 1 5.5 371 34.2829 0.9275 0 0 0 44102 44102 1556 
573 371 1 5.5 371 34.2829 0.9275 0 0 0 45039 45039 1566 
574 371 1 5.5 371 34.2829 0.9275 0 0 0 45650 45650 1568 
575 371 1 5.5 371 34.2829 0.9275 0 0 0 46601 46601 1575 
576 371 1 5.5 371 34.2829 0.9275 0 0 0 47213 47213 1576 
577 372 1 5.5 372 47.9554 0.93 0 0 0 47700 47700 1581 
578 372 1 5.5 372 46.8473 0.93 0 0 0 48321 48321 1593 
579 372 1 5.5 372 41.8118 0.93 0 0 0 48772 48772 1605 
580 372 1 5.5 372 41.8118 0.93 0 0 0 49255 49255 1610 
581 372 1 5.5 372 41.8118 0.93 0 0 0 49912 49912 1623 
582 372 1 5.5 372 41.8118 0.93 0 0 0 50141 50141 1641 
583 372 1 5.5 372 41.8118 0.93 0 0 0 50749 50749 1648 
584 372 1 5.5 372 41.8118 0.93 0 0 0 51363 51363 1652 
585 372 1 5.5 372 41.8118 0.93 0 0 0 51973 51973 1658 
586 372 1 5.5 372 41.8118 0.93 0 0 0 52473 52473 1664 
587 372 1 5.5 372 41.8118 0.93 0 0 0 53119 53119 1669 
588 372 1 5.5 372 41.8118 0.93 0 0 0 53715 53715 1675 
589 372 1 5.5 372 41.8118 0.93 0 0 0 54335 54335 1680 
590 372 1 5.5 372 41.8118 0.93 0 0 0 54968 54968 1683 
591 372 1 5.5 372 41.8118 0.93 0 0 0 55590 55590 1686 
592 372 1 5.5 372 41.8118 0.93 0 0 0 56209 56209 1688 
593 372 1 5.5 372 41.8118 0.93 0 0 0 56831 56831 1690 
594 372 1 5.5 372 41.8118 0.93 0 0 0 57454 57454 1692 
595 372 1 5.5 372 41.8118 0.93 0 0 0 58071 58071 1693 
596 372 1 5.5 372 41.8118 0.93 0 0 0 58690 58690 1699 
597 372 1 5.5 372 41.8118 0.93 0 0 0 59309 59309 1702 
598 372 1 5.5 372 41.8118 0.93 0 0 0 59931 59931 1704 
599 372 1 5.5 372 41.8118 0.93 0 0 0 60552 60552 1706 
600 372 1 5.5 372 41.8118 0.93 0 0 0 61032 61032 1707 
601 372 1 5.5 372 41.8118 0.93 0 0 0 61657 61657 1708 
602 372 1 5.5 372 41.8118 0.93 0 0 0 62317 62317 1710 
603 372 1 5.5 372 41.8118 0.93 0 0 0 62963 62963 1713 
604 372 1 5.5 372 41.8118 0.93 0 0 0 63592 63592 1715 
605 372 1 5.5 372 41.8118 0.93 0 0 0 64219 64219 1718 
606 372 1 5.5 372 41.8118 0.93 0 0 0 64710 64710 1720 
607 372 1 5.5 372 41.8118 0.93 0 0 0 65320 65320 1725 
608 372 1 5.5 372 41.8118 0.93 0 0 0 65956 65956 1730 
609 372 1 5.5 372 38.6947 0.93 0 0 0 66535 66535 1735 
610 372 1 5.5 372 38.6947 0.93 0 0 0 67168 67168 1737 
611 372 1 5.5 372 38.6947 0.93 0 0 0 67805 67805 1738 
612 372 1 5.5 372 38.6947 0.93 0 0 0 68442 68442 1739 
613 372 1 5.5 372 38.6947 0.93 0 0 0 69081 69081 1740 
614 372 1 5.5 372 38.6947 0.93 0 0 0 69722 69722 1741 
615 372 1 5.5 372 38.6947 0.93 0 0 0 70360 70360 1742 
616 372 1 5.5 372 38.6947 0.93 0 0 0 71040 71040 1750 
617 372 1 5.5 372 38.6947 0.93 0 0 0 71559 71559 1755 
618 372 1 5.5 372 38.6947 0.93 0 0 0 72228 72228 1759 
619 372 1 5.5 372 38.6947 0.93 0 0 0 72531 72531 1773 
620 372 1 5.5 372 38.6947 0.93 0 0 0 73234 73234 1775 
621 372 1 5.5 372 38.6947 0.93 0 0 0 74094 74094 1777 
622 372 1 5.5 372 38.6947 0.93 0 0 0 74814 74814 1778 
623 372 1 5.5 372 38.6947 0.93 0 0 0 75497 75497 1782 
624 372 1 5.5 372 38.6947 0.93 0 0 0 76179 76179 1784 
625 373 1 5.5 373 56.8376 0.9325 0 0 0 76766 76766 1796 
626 373 1 5.5 373 46.4486 0.9325 0 0 0 77703 77703 1807 
627 373 1 5.5 373 46.0584 0.9325 0 0 0 79009 79009 1814 
628 373 1 5.5 373 46.0584 0.9325 0 0 0 79693 79693 1824 
629 376 1 5.5 376 55.1764 0.94 0 0 0 80246 80246 1831 
630 376 1 5.5 376 47.1393 0.94 0 0 0 81043 81043 1845 
631 376 1 5.5 376 47.1393 0.94 0 0 0 81522 81522 1855 
632 376 1 5.5 376 44.926 0.94 0 0 0 82346 82346 1873 
633 376 1 5.5 376 44.2524 0.94 0 0 0 83246 83246 1879 
634 379 1 5.5 379 45.1386 0.9475 0 0 0 84203 84203 1888 
635 379 1 5.5 379 45.1386 0.9475 0 0 0 84578 84578 1903 
636 379 1 5.5 379 44.6646 0.9475 0 0 0 85519 85519 1908 
637 379 1 5.5 379 44.6646 0.9475 0 0 0 86088 86088 1918 
638 379 1 5.5 379 44.6646 0.9475 0 0 0 86718 86718 1930 
639 379 1 5.5 379 44.513 0.9475 0 0 0 87580 87580 1936 
640 379 1 5.5 379 44.513 0.9475 0 0 0 88289 88289 1943 
641 379 1 5.5 379 44.513 0.9475 0 0 0 88868 88868 1952 
642 382 1 5.5 382 55.0147 0.955 0 0 0 89398 89398 1962 
643 385 1 5.5 385 52.2575 0.9625 0 0 0 90014 90014 1971 
644 385 1 5.5 385 52.2575 0.9625 0 0 0 90541 90541 1977 
645 388 1 5.5 388 51.472 0.97 0 0 0 90878 90878 1988 
646 388 1 5.5 388 51.472 0.97 0 0 0 91710 91710 2003 
647 388 1 5.5 388 51.472 0.97 0 0 0 92541 92541 2006 
648 388 1 5.5 388 51.472 0.97 0 0 0 93402 93402 2008 
649 388 1 5.5 388 51.472 0.97 0 0 0 94239 94239 2011 
650 388 1 5.5 388 51.472 0.97 0 0 0 95073 95073 2013 
651 388 1 5.5 388 48.4963 0.97 0 0 0 95935 95935 2019 
652 388 1 5.5 388 45.1809 0.97 0 0 0 96742 96742 2031 
653 388 1 5.5 388 45.1809 0.97 0 0 0 97662 97662 2036 
654 388 1 5.5 388 45.1031 0.97 0 0 0 98800 98800 2043 
655 388 1 5.5 388 45.1031 0.97 0 0 0 100005 100005 2050 
656 388 1 5.5 388 44.8553 0.97 0 0 0 100833 100833 2053 
657 388 1 5.5 388 42.3584 0.97 0 0 0 101780 101780 2067 
658 388 1 5.5 388 42.3584 0.97 0 0 0 102630 102630 2074 
659 388 1 5.5 388 42.3584 0.97 0 0 0 103488 103488 2083 
660 388 1 5.5 388 42.3584 0.97 0 0 0 104340 104340 2084 
661 388 1 5.5 388 42.3584 0.97 0 0 0 105188 105188 2085 
662 388 1 5.5 388 42.3584 0.97 0 0 0 106071 106071 2088 
663 388 1 5.5 388 42.3584 0.97 0 0 0 106492 106492 2099 
664 388 1 5.5 388 42.3584 0.97 0 0 0 107346 107346 2100 
665 388 1 5.5 388 42.3584 0.97 0 0 0 108206 108206 2101 
666 388 1 5.5 388 42.3584 0.97 0 0 0 109153 109153 2103 
667 388 1 5.5 388 42.3584 0.97 0 0 0 110011 110011 2104 
668 388 1 5.5 388 42.3584 0.97 0 0 0 110846 110846 2109 
669 388 1 5.5 388 42.3584 0.97 0 0 0 111715 111715 2110 
670 388 1 5.5 388 42.3584 0.97 0 0 0 112333 112333 2114 
671 388 1 5.5 388 42.3584 0.97 0 0 0 112735 112735 2119 
672 389 1 5.5 389 56.475 0.9725 0 0 0 113371 113371 2130 
673 389 1 5.5 389 55.6939 0.9725 0 0 0 114046 114046 2136 
674 389 1 5.5 389 46.1589 0.9725 0 0 0 114961 114961 2146 
675 389 1 5.5 389 46.1589 0.9725 0 0 0 115809 115809 2153 
676 389 1 5.5 389 45.6944 0.9725 0 0 0 116545 116545 2158 
677 389 1 5.5 389 45.6588 0.9725 0 0 0 117407 117407 2162 
678 389 1 5.5 389 45.6588 0.9725 0 0 0 118056 118056 2175 
679 389 1 5.5 389 45.6588 0.9725 0 0 0 118920 118920 2178 
680 389 1 5.5 389 45.5206 0.9725 0 0 0 119790 119790 2181 
681 389 1 5.5 389 45.3477 0.9725 0 0 0 120560 120560 2184 
682 389 1 5.5 389 45.3477 0.9725 0 0 0 121420 121420 2185 
683 389 1 5.5 389 45.3477 0.9725 0 0 0 122329 122329 2186 
684 389 1 5.5 389 45.3477 0.9725 0 0 0 122887 122887 2195 
685 389 1 5.5 389 45.3477 0.9725 0 0 0 123790 123790 2197 
686 389 1 5.5 389 45.3477 0.9725 0 0 0 124611 124611 2203 
687 389 1 5.5 389 45.3477 0.9725 0 0 0 125482 125482 2205 
688 389 1 5.5 389 44.5705 0.9725 0 0 0 126383 126383 2209 
689 389 1 5.5 389 44.5705 0.9725 0 0 0 127262 127262 2210 
690 389 1 5.5 389 44.5705 0.9725 0 0 0 128145 128145 2211 
691 389 1 5.5 389 44.5705 0.9725 0 0 0 129026 129026 2214 
692 389 1 5.5 389 44.5705 0.9725 0 0 0 129916 129916 2215 
693 389 1 5.5 389 44.5705 0.9725 0 0 0 130756 130756 2224 
694 389 1 5.5 389 44.5705 0.9725 0 0 0 131653 131653 2226 
695 389 1 5.5 389 44.5705 0.9725 0 0 0 132039 132039 2235 
696 389 1 5.5 389 44.5705 0.9725 0 0 0 132909 132909 2237 
697 389 1 5.5 389 44.5705 0.9725 0 0 0 133805 133805 2238 
698 389 1 5.5 389 44.5705 0.9725 0 0 0 134620 134620 2242 
699 389 1 5.5 389 44.5705 0.9725 0 0 0 135563 135563 2244 
700 389 1 5.5 389 44.5705 0.9725 0 0 0 136456 136456 2248 
701 389 1 5.5 389 44.5705 0.9725 0 0 0 137395 137395 2252 
702 389 1 5.5 389 44.5705 0.9725 0 0 0 138212 138212 2255 
703 389 1 5.5 389 44.5705 0.9725 0 0 0 139082 139082 2258 
704 389 1 5.5 389 44.5705 0.9725 0 0 0 139894 139894 2261 
705 389 1 5.5 389 44.5705 0.9725 0 0 0 140898 140898 2262 
706 389 1 5.5 389 44.5705 0.9725 0 0 0 141775 141775 2263 
707 389 1 5.5 389 44.5705 0.9725 0 0 0 142274 142274 2285 
708 389 1 5.5 389 44.5705 0.9725 0 0 0 143039 143039 2299 
709 389 1 5.5 389 44.5705 0.9725 0 0 0 143815 143815 2314 
710 389 1 5.5 389 44.5705 0.9725 0 0 0 144642 144642 2322 
711 389 1 5.5 389 44.5705 0.9725 0 0 0 145485 145485 2328 
712 389 1 5.5 389 38.1387 0.9725 0 0 0 146320 146320 2341 
713 389 1 5.5 389 38.1387 0.9725 0 0 0 147927 147927 2359 
714 389 1 5.5 389 38.1387 0.9725 0 0 0 148988 148988 2380 
715 389 1 5.5 389 38.1387 0.9725 0 0 0 149856 149856 2394 
716 389 1 5.5 389 38.1387 0.9725 0 0 0 151303 151303 2411 
717 389 1 5.5 389 38.1387 0.9725 0 0 0 152433 152433 2420 
718 389 1 5.5 389 38.1387 0.9725 0 0 0 153405 153405 2430 
719 389 1 5.5 389 38.1387 0.9725 0 0 0 154229 154229 2441 
720 389 1 5.5 389 38.1387 0.9725 0 0 0 155104 155104 2451 
721 389 1 5.5 389 38.1387 0.9725 0 0 0 155973 155973 2466 
722 389 1 5.5 389 38.1387 0.9725 0 0 0 157130 157130 2478 
723 389 1 5.5 389 38.1387 0.9725 0 0 0 158328 158328 2487 
724 389 1 5.5 389 38.1387 0.9725 0 0 0 159335 159335 2491 
725 389 1 5.5 389 38.1387 0.9725 0 0 0 160058 160058 2500 
726 389 1 5.5 389 38.1387 0.9725 0 0 0 161168 161168 2507 
727 389 1 5.5 389 38.1387 0.9725 0 0 0 162176 162176 2524 
728 389 1 5.5 389 38.1387 0.9725 0 0 0 163024 163024 2534 
729 389 1 5.5 389 38.1387 0.9725 0 0 0 164038 164038 2541 
730 389 1 5.5 389 38.1387 0.9725 0 0 0 164943 164943 2547 
731 389 1 5.5 389 38.1387 0.9725 0 0 0 166034 166034 2552 
732 389 1 5.5 389 38.1387 0.9725 0 0 0 166861 166861 2555 
733 389 1 5.5 389 38.1387 0.9725 0 0 0 167794 167794 2568 
734 389 1 5.5 389 38.1387 0.9725 0 0 0 168790 168790 2573 
735 389 1 5.5 389 38.1387 0.9725 0 0 0 169527 169527 2593 
736 389 1 5.5 389 38.1387 0.9725 0 0 0 170290 170290 2597 
737 389 1 5.5 389 38.1387 0.9725 0 0 0 171151 171151 2607 
738 389 1 5.5 389 38.1387 0.9725 0 0 0 172144 172144 2614 
739 389 1 5.5 389 38.1387 0.9725 0 0 0 173078 173078 2618 
740 389 1 5.5 389 38.1387 0.9725 0 0 0 174064 174064 2625 
741 389 1 5.5 389 38.1387 0.9725 0 0 0 174999 174999 2634 
742 389 1 5.5 389 38.1387 0.9725 0 0 0 175870 175870 2641 
743 389 1 5.5 389 38.1387 0.9725 0 0 0 176750 176750 2646 
744 389 1 5.5 389 38.1387 0.9725 0 0 0 177643 177643 2647 
745 389 1 5.5 389 38.1387 0.9725 0 0 0 178580 178580 2652 
746 389 1 5.5 389 38.1387 0.9725 0 0 0 179375 179375 2662 
747 389 1 5.5 389 38.1387 0.9725 0 0 0 180355 180355 2669 
748 389 1 5.5 389 38.1387 0.9725 0 0 0 181383 181383 2676 
749 389 1 5.5 389 38.1387 0.9725 0 0 0 182367 182367 2680 
750 389 1 5.5 389 38.1387 0.9725 0 0 0 183454 183454 2683 
751 389 1 5.5 389 38.1387 0.9725 0 0 0 184728 184728 2695 
752 389 1 5.5 389 38.1387 0.9725 0 0 0 185458 185458 2705 
753 389 1 5.5 389 38.1387 0.9725 0 0 0 186376 186376 2716 
754 389 1 5.5 389 38.1387 0.9725 0 0 0 187889 187889 2725 
755 389 1 5.5 389 38.1387 0.9725 0 0 0 189339 189339 2733 
756 389 1 5.5 389 38.1387 0.9725 0 0 0 190132 190132 2747 
757 389 1 5.5 389 38.1387 0.9725 0 0 0 190843 190843 2756 
758 389 1 5.5 389 38.1387 0.9725 0 0 0 191686 191686 2762 
759 389 1 5.5 389 38.1387 0.9725 0 0 0 192603 192603 2765 
760 389 1 5.5 389 38.1387 0.9725 0 0 0 193766 193766 2772 
761 389 1 5.5 389 38.1387 0.9725 0 0 0 194439 194439 2786 
762 389 1 5.5 389 38.1387 0.9725 0 0 0 195400 195400 2788 
763 389 1 5.5 389 38.1387 0.9725 0 0 0 196333 196333 2794 
764 389 1 5.5 389 38.1387 0.9725 0 0 0 197059 197059 2812 
765 389 1 5.5 389 38.1387 0.9725 0 0 0 197797 197797 2827 
766 389 1 5.5 389 38.1387 0.9725 0 0 0 198717 198717 2834 
767 389 1 5.5 389 38.1387 0.9725 0 0 0 199857 199857 2846 
768 389 1 5.5 389 38.1387 0.9725 0 0 0 201263 201263 2859 
769 389 1 5.5 389 38.1387 0.9725 0 0 0 201947 201947 2862 
770 389 1 5.5 389 38.1387 0.9725 0 0 0 203382 203382 2870 
771 389 1 5.5 389 38.1387 0.9725 0 0 0 204080 204080 2887 
772 389 1 5.5 389 38.1387 0.9725 0 0 0 205082 205082 2898 
773 389 1 5.5 389 38.1387 0.9725 0 0 0 206060 206060 2899 
774 389 1 5.5 389 38.1387 0.9725 0 0 0 207072 207072 2909 
775 389 1 5.5 389 38.1387 0.9725 0 0 0 207754 207754 2923 
776 389 1 5.5 389 38.1387 0.9725 0 0 0 208963 208963 2929 
777 389 1 5.5 389 38.1387 0.9725 0 0 0 209919 209919 2935 
778 389 1 5.5 389 38.1387 0.9725 0 0 0 210983 210983 2947 
779 389 1 5.5 389 38.1387 0.9725 0 0 0 211945 211945 2956 
780 389 1 5.5 389 38.1387 0.9725 0 0 0 213165 213165 2958 
781 389 1 5.5 389 38.1387 0.9725 0 0 0 214003 214003 2961 
782 389 1 5.5 389 38.1387 0.9725 0 0 0 214914 214914 2967 
783 389 1 5.5 389 38.1387 0.9725 0 0 0 216110 216110 2969 
784 389 1 5.5 389 38.1387 0.9725 0 0 0 217038 217038 2975 
785 389 1 5.5 389 38.1387 0.9725 0 0 0 217978 217978 2979 
786 389 1 5.5 389 38.1387 0.9725 0 0 0 218806 218806 2985 
787 389 1 5.5 389 38.1387 0.9725 0 0 0 219648 219648 2993 
788 389 1 5.5 389 38.1387 0.9725 0 0 0 220484 220484 2999 
789 389 1 5.5 389 38.1387 0.9725 0 0 0 221493 221493 3001 
790 389 1 5.5 389 38.1387 0.9725 0 0 0 222317 222317 3016 
791 389 1 5.5 389 38.1387 0.9725 0 0 0 222941 222941 3035 
792 389 1 5.5 389 38.1387 0.9725 0 0 0 223975 223975 3043 
793 389 1 5.5 389 38.1387 0.9725 0 0 0 224894 224894 3045 
794 389 1 5.5 389 38.1387 0.9725 0 0 0 225785 225785 3048 
795 389 1 5.5 389 38.1387 0.9725 0 0 0 226906 226906 3054 
796 389 1 5.5 389 38.1387 0.9725 0 0 0 227838 227838 3058 
797 389 1 5.5 389 38.1387 0.9725 0 0 0 228876 228876 3059 
798 389 1 5.5 389 38.1387 0.9725 0 0 0 229921 229921 3063 
799 389 1 5.5 389 38.1387 0.9725 0 0 0 230843 230843 3068 
800 389 1 5.5 389 38.1387 0.9725 0 0 0 231794 231794 3074 
801 389 1 5.5 389 38.1387 0.9725 0 0 0 232894 232894 3083 
802 389 1 5.5 389 38.1387 0.9725 0 0 0 233815 233815 3089 
803 389 1 5.5 389 38.1387 0.9725 0 0 0 234904 234904 3093 
804 389 1 5.5 389 38.1387 0.9725 0 0 0 235827 235827 3098 
805 389 1 5.5 389 38.1387 0.9725 0 0 0 236895 236895 3112 
806 389 1 5.5 389 38.1387 0.9725 0 0 0 237950 237950 3117 
807 389 1 5.5 389 38.1387 0.9725 0 0 0 238903 238903 3129 
808 389 1 5.5 389 38.1387 0.9725 0 0 0 239669 239669 3133 
809 389 1 5.5 389 38.1387 0.9725 0 0 0 240783 240783 3136 
810 389 1 5.5 389 38.1387 0.9725 0 0 0 241856 241856 3151 
811 389 1 5.5 389 38.1387 0.9725 0 0 0 242911 242911 3156 
812 389 1 5.5 389 38.1387 0.9725 0 0 0 244026 244026 3158 
813 389 1 5.5 389 38.1387 0.9725 0 0 0 244892 244892 3162 
814 389 1 5.5 389 38.1387 0.9725 0 0 0 246778 246778 3183 
815 389 1 5.5 389 38.1387 0.9725 0 0 0 247721 247721 3189 
816 389 1 5.5 389 38.1387 0.9725 0 0 0 248820 248820 3191 
817 389 1 5.5 389 38.1387 0.9725 0 0 0 250489 250489 3203 
818 389 1 5.5 389 38.1387 0.9725 0 0 0 251245 251245 3210 
819 389 1 5.5 389 38.1387 0.9725 0 0 0 252345 252345 3218 
820 389 1 5.5 389 38.1387 0.9725 0 0 0 253357 253357 3224 
821 389 1 5.5 389 38.1387 0.9725 0 0 0 254227 254227 3230 
822 389 1 5.5 389 38.1387 0.9725 0 0 0 255298 255298 3236 
823 392 1 5.5 392 60.7571 0.98 0 0 0 256371 256371 3247 
824 392 1 5.5 392 48.6777 0.98 0 0 0 258156 258156 3258 
825 392 1 5.5 392 48.6777 0.98 0 0 0 259692 259692 3268 
826 392 1 5.5 392 48.6777 0.98 0 0 0 260589 260589 3291 
827 392 1 5.5 392 48.6777 0.98 0 0 0 261707 261707 3300 
828 392 1 5.5 392 46.4954 0.98 0 0 0 264453 264453 3306 
829 392 1 5.5 392 46.4954 0.98 0 0 0 265795 265795 3322 
830 392 1 5.5 392 46.4954 0.98 0 0 0 267698 267698 3336 
831 392 1 5.5 392 46.4954 0.98 0 0 0 269559 269559 3343 
832 392 1 5.5 392 46.4954 0.98 0 0 0 272445 272445 3355 
833 392 1 5.5 392 46.4954 0.98 0 0 0 274762 274762 3376 
834 392 1 5.5 392 46.4954 0.98 0 0 0 276803 276803 3378 
835 392 1 5.5 392 46.4954 0.98 0 0 0 278953 278953 3382 
836 392 1 5.5 392 46.4954 0.98 0 0 0 280903 280903 3384 
837 392 1 5.5 392 46.4954 0.98 0 0 0 282931 282931 3390 
838 392 1 5.5 392 46.4954 0.98 0 0 0 284143 284143 3396 
839 392 1 5.5 392 44.2152 0.98 0 0 0 286339 286339 3400 
840 392 1 5.5 392 44.2152 0.98 0 0 0 288192 288192 3404 
841 392 1 5.5 392 44.2152 0.98 0 0 0 288748 288748 3411 
842 392 1 5.5 392 44.2152 0.98 0 0 0 290881 290881 3417 
843 392 1 5.5 392 44.2152 0.98 0 0 0 293080 293080 3423 
844 392 1 5.5 392 44.2152 0.98 0 0 0 293686 293686 3439 
845 392 1 5.5 392 44.2152 0.98 0 0 0 294145 294145 3445 
846 392 1 5.5 392 44.2152 0.98 0 0 0 294889 294889 3447 
847 392 1 5.5 392 44.2152 0.98 0 0 0 295611 295611 3451 
848 392 1 5.5 392 44.2152 0.98 0 0 0 296368 296368 3453 
849 392 1 5.5 392 44.2152 0.98 0 0 0 297202 297202 3468 
850 392 1 5.5 392 44.2152 0.98 0 0 0 297864 297864 3479 
851 392 1 5.5 392 44.2152 0.98 0 0 0 298610 298610 3480 
852 392 1 5.5 392 44.2152 0.98 0 0 0 299349 299349 3485 
853 392 1 5.5 392 44.2152 0.98 0 0 0 300091 300091 3486 
854 392 1 5.5 392 44.2152 0.98 0 0 0 300650 300650 3495 
855 392 1 5.5 392 44.2152 0.98 0 0 0 301216 301216 3496 
856 392 1 5.5 392 44.2152 0.98 0 0 0 302344 302344 3502 
857 392 1 5.5 392 44.2152 0.98 0 0 0 303453 303453 3503 
858 392 1 5.5 392 44.2152 0.98 0 0 0 304062 304062 3519 
859 392 1 5.5 392 44.2152 0.98 0 0 0 304637 304637 3525 
860 392 1 5.5 392 44.2152 0.98 0 0 0 305174 305174 3529 
861 394 1 5.5 394 53.2043 0.985 0 0 0 305999 305999 3534 
862 394 1 5.5 394 46.9436 0.985 0 0 0 306812 306812 3546 
863 394 1 5.5 394 46.9436 0.985 0 0 0 307591 307591 3547 
864 394 1 5.5 394 46.9436 0.985 0 0 0 308503 308503 3557 
865 394 1 5.5 394 46.9436 0.985 0 0 0 309421 309421 3560 
866 394 1 5.5 394 46.9436 0.985 0 0 0 309914 309914 3573 
867 394 1 5.5 394 46.9436 0.985 0 0 0 310921 310921 3579 
868 394 1 5.5 394 46.9436 0.985 0 0 0 311668 311668 3584 
869 394 1 5.5 394 46.1609 0.985 0 0 0 312672 312672 3587 
870 394 1 5.5 394 46.1609 0.985 0 0 0 313600 313600 3594 
871 394 1 5.5 394 46.1609 0.985 0 0 0 314323 314323 3603 
872 394 1 5.5 394 46.1609 0.985 0 0 0 315055 315055 3607 
873 394 1 5.5 394 46.1609 0.985 0 0 0 315809 315809 3611 
874 394 1 5.5 394 46.1609 0.985 0 0 0 316514 316514 3613 
875 394 1 5.5 394 46.1609 0.985 0 0 0 317247 317247 3614 
876 394 1 5.5 394 46.1609 0.985 0 0 0 317976 317976 3615 
877 394 1 5.5 394 46.1609 0.985 0 0 0 318709 318709 3616 
878 394 1 5.5 394 46.1609 0.985 0 0 0 319796 319796 3623 
879 394 1 5.5 394 46.1609 0.985 0 0 0 320598 320598 3624 
880 394 1 5.5 394 46.1609 0.985 0 0 0 321399 321399 3625 
881 394 1 5.5 394 46.1609 0.985 0 0 0 322203 322203 3627 
882 394 1 5.5 394 46.1609 0.985 0 0 0 323000 323000 3628 
883 394 1 5.5 394 46.1609 0.985 0 0 0 323837 323837 3629 
884 394 1 5.5 394 46.1609 0.985 0 0 0 324679 324679 3635 
885 394 1 5.5 394 46.1609 0.985 0 0 0 325481 325481 3636 
886 394 1 5.5 394 46.1609 0.985 0 0 0 326137 326137 3641 
887 394 1 5.5 394 46.1609 0.985 0 0 0 326981 326981 3645 
888 394 1 5.5 394 46.1609 0.985 0 0 0 328239 328239 3651 
889 394 1 5.5 394 46.1609 0.985 0 0 0 329060 329060 3652 
890 394 1 5.5 394 46.1609 0.985 0 0 0 329879 329879 3653 
891 394 1 5.5 394 46.1609 0.985 0 0 0 330696 330696 3656 
892 394 1 5.5 394 46.1609 0.985 0 0 0 331807 331807 3661 
893 394 1 5.5 394 46.1609 0.985 0 0 0 333095 333095 3664 
894 394 1 5.5 394 46.1609 0.985 0 0 0 333925 333925 3665 
895 394 1 5.5 394 46.1609 0.985 0 0 0 334731 334731 3668 
896 394 1 5.5 394 46.1609 0.985 0 0 0 335585 335585 3671 
897 394 1 5.5 394 46.1609 0.985 0 0 0 336326 336326 3684 
898 394 1 5.5 394 46.1609 0.985 0 0 0 337049 337049 3686 
899 394 1 5.5 394 46.1609 0.985 0 0 0 337847 337847 3688 
900 394 1 5.5 394 46.1609 0.985 0 0 0 338678 338678 3689 
901 394 1 5.5 394 46.1609 0.985 0 0 0 339943 339943 3695 
902 394 1 5.5 394 46.1609 0.985 0 0 0 340794 340794 3697 
903 394 1 5.5 394 46.1609 0.985 0 0 0 342002 342002 3712 
904 394 1 5.5 394 46.1609 0.985 0 0 0 342827 342827 3714 
905 394 1 5.5 394 46.1609 0.985 0 0 0 343663 343663 3715 
906 394 1 5.5 394 46.1609 0.985 0 0 0 344501 344501 3716 
907 394 1 5.5 394 46.1609 0.985 0 0 0 345345 345345 3719 
908 394 1 5.5 394 46.1609 0.985 0 0 0 345854 345854 3725 
909 394 1 5.5 394 46.1609 0.985 0 0 0 347048 347048 3728 
910 394 1 5.5 394 46.1609 0.985 0 0 0 347940 347940 3729 
911 394 1 5.5 394 46.1609 0.985 0 0 0 348345 348345 3738 
912 395 1 5.5 395 54.2709 0.9875 0 0 0 348872 348872 3746 
913 395 1 5.5 395 54.2709 0.9875 0 0 0 349307 349307 3754 
914 395 1 5.5 395 53.3894 0.9875 0 0 0 349819 349819 3756 
915 395 1 5.5 395 43.5912 0.9875 0 0 0 350558 350558 3764 
916 395 1 5.5 395 43.5912 0.9875 0 0 0 351082 351082 3766 
917 395 1 5.5 395 43.5912 0.9875 0 0 0 351523 351523 3767 
918 395 1 5.5 395 43.5912 0.9875 0 0 0 351949 351949 3778 
919 395 1 5.5 395 43.5912 0.9875 0 0 0 352491 352491 3779 
920 395 1 5.5 395 43.5912 0.9875 0 0 0 353019 353019 3780 
921 395 1 5.5 395 43.5912 0.9875 0 0 0 353527 353527 3781 
922 395 1 5.5 395 43.5912 0.9875 0 0 0 353987 353987 3783 
923 395 1 5.5 395 43.5912 0.9875 0 0 0 354562 354562 3791 
924 395 1 5.5 395 43.5912 0.9875 0 0 0 355072 355072 3793 
925 395 1 5.5 395 43.5912 0.9875 0 0 0 355581 355581 3800 
926 395 1 5.5 395 43.5912 0.9875 0 0 0 355922 355922 3805 
927 395 1 5.5 395 43.5912 0.9875 0 0 0 356227 356227 3812 
928 395 1 5.5 395 43.5912 0.9875 0 0 0 356736 356736 3813 
929 395 1 5.5 395 43.5912 0.9875 0 0 0 357040 357040 3814 
930 395 1 5.5 395 43.5912 0.9875 0 0 0 357344 357344 3815 
931 395 1 5.5 395 43.5912 0.9875 0 0 0 357651 357651 3816 
932 395 1 5.5 395 43.5912 0.9875 0 0 0 358211 358211 3822 
933 395 1 5.5 395 43.5912 0.9875 0 0 0 358670 358670 3828 
934 395 1 5.5 395 43.5912 0.9875 0 0 0 359687 359687 3830 
935 395 1 5.5 395 43.5912 0.9875 0 0 0 360500 360500 3836 
936 395 1 5.5 395 43.5912 0.9875 0 0 0 361255 361255 3846 
937 395 1 5.5 395 43.5912 0.9875 0 0 0 362119 362119 3849 
938 395 1 5.5 395 43.5912 0.9875 0 0 0 363063 363063 3854 
939 395 1 5.5 395 43.5912 0.9875 0 0 0 363702 363702 3864 
940 395 1 5.5 395 43.5912 0.9875 0 0 0 364530 364530 3870 
941 395 1 5.5 395 43.5912 0.9875 0 0 0 365415 365415 3872 
942 395 1 5.5 395 43.5912 0.9875 0 0 0 366725 366725 3874 
943 395 1 5.5 395 43.5912 0.9875 0 0 0 368068 368068 3880 
944 395 1 5.5 395 43.5912 0.9875 0 0 0 368599 368599 3889 
945 395 1 5.5 395 43.5912 0.9875 0 0 0 369249 369249 3896 
946 395 1 5.5 395 43.5912 0.9875 0 0 0 369938 369938 3898 
947 395 1 5.5 395 43.5912 0.9875 0 0 0 370857 370857 3902 
948 395 1 5.5 395 43.5912 0.9875 0 0 0 372105 372105 3905 
949 395 1 5.5 395 43.5912 0.9875 0 0 0 373014 373014 3906 
950 395 1 5.5 395 43.5912 0.9875 0 0 0 373691 373691 3916 
951 395 1 5.5 395 43.5912 0.9875 0 0 0 374613 374613 3917 
952 395 1 5.5 395 43.5912 0.9875 0 0 0 375448 375448 3925 
953 395 1 5.5 395 43.5912 0.9875 0 0 0 376167 376167 3936 
954 395 1 5.5 395 43.5912 0.9875 0 0 0 377155 377155 3942 
955 395 1 5.5 395 43.5912 0.9875 0 0 0 377858 377858 3947 
956 395 1 5.5 395 43.5912 0.9875 0 0 0 378592 378592 3951 
957 395 1 5.5 395 43.5912 0.9875 0 0 0 379560 379560 3952 
958 395 1 5.5 395 43.5912 0.9875 0 0 0 380405 380405 3953 
959 395 1 5.5 395 43.5912 0.9875 0 0 0 381378 381378 3954 
960 395 1 5.5 395 43.5912 0.9875 0 0 0 382264 382264 3959 
961 395 1 5.5 395 43.5912 0.9875 0 0 0 383154 383154 3960 
962 395 1 5.5 395 43.5912 0.9875 0 0 0 384099 384099 3961 
963 395 1 5.5 395 43.5912 0.9875 0 0 0 384542 384542 3970 
964 395 1 5.5 395 43.5912 0.9875 0 0 0 385336 385336 3971 
965 395 1 5.5 395 43.5912 0.9875 0 0 0 386253 386253 3972 
966 395 1 5.5 395 43.5912 0.9875 0 0 0 387726 387726 3980 
967 395 1 5.5 395 43.5912 0.9875 0 0 0 388599 388599 3985 
968 395 1 5.5 395 43.5912 0.9875 0 0 0 389570 389570 3986 
969 395 1 5.5 395 43.5912 0.9875 0 0 0 390356 390356 3987 
970 395 1 5.5 395 43.5912 0.9875 0 0 0 391134 391134 3988 
971 395 1 5.5 395 43.5912 0.9875 0 0 0 392199 392199 3991 
972 395 1 5.5 395 43.5912 0.9875 0 0 0 393202 393202 3992 
973 395 1 5.5 395 43.5912 0.9875 0 0 0 393826 393826 4002 
974 395 1 5.5 395 43.5912 0.9875 0 0 0 394657 394657 4012 
975 395 1 5.5 395 43.5912 0.9875 0 0 0 395290 395290 4023 
976 395 1 5.5 395 43.5912 0.9875 0 0 0 396205 396205 4024 
977 395 1 5.5 395 43.5912 0.9875 0 0 0 397342 397342 4028 
978 395 1 5.5 395 43.5912 0.9875 0 0 0 398041 398041 4037 
979 395 1 5.5 395 43.5912 0.9875 0 0 0 399373 399373 4049 
980 395 1 5.5 395 43.5912 0.9875 0 0 0 400293 400293 4052 
981 395 1 5.5 395 43.5912 0.9875 0 0 0 401162 401162 4053 
982 395 1 5.5 395 43.5912 0.9875 0 0 0 401769 401769 4055 
983 395 1 5.5 395 43.5912 0.9875 0 0 0 402720 402720 4056 
984 395 1 5.5 395 43.5912 0.9875 0 0 0 403595 403595 4057 
985 395 1 5.5 395 43.5912 0.9875 0 0 0 404256 404256 4069 
986 395 1 5.5 395 43.5912 0.9875 0 0 0 404924 404924 4074 
987 395 1 5.5 395 43.5912 0.9875 0 0 0 405412 405412 4076 
988 395 1 5.5 395 43.1738 0.9875 0 0 0 406216 406216 4079 
989 395 1 5.5 395 43.1738 0.9875 0 0 0 406835 406835 4085 
990 395 1 5.5 395 43.1738 0.9875 0 0 0 407786 407786 4095 
991 395 1 5.5 395 43.1738 0.9875 0 0 0 409206 409206 4103 
992 395 1 5.5 395 43.1738 0.9875 0 0 0 409986 409986 4112 
993 395 1 5.5 395 43.1738 0.9875 0 0 0 410648 410648 4117 
994 395 1 5.5 395 43.1738 0.9875 0 0 0 411622 411622 4123 
995 395 1 5.5 395 43.1738 0.9875 0 0 0 412292 412292 4124 
996 395 1 5.5 395 43.1738 0.9875 0 0 0 413077 413077 4129 
997 395 1 5.5 395 43.1738 0.9875 0 0 0 414071 414071 4132 
998 395 1 5.5 395 43.1738 0.9875 0 0 0 415445 415445 4134 
999 395 1 5.5 395 43.1738 0.9875 0 0 0 416383 416383 4137 
1000 395 1 5.5 395 43.1738 0.9875 0 0 0 417030 417030 4139 
1001 398 1 5.5 398 48.4962 0.995 0 0 0 417661 417661 4146 
1002 398 1 5.5 398 48.4962 0.995 0 0 0 418534 418534 4154 
1003 398 1 5.5 398 48.4962 0.995 0 0 0 419323 419323 4168 
1004 398 1 5.5 398 42.1267 0.995 0 0 0 420280 420280 4172 
1005 398 1 5.5 398 42.1267 0.995 0 0 0 421460 421460 4179 
1006 398 1 5.5 398 42.1267 0.995 0 0 0 422637 422637 4194 
1007 398 1 5.5 398 42.1267 0.995 0 0 0 424017 424017 4196 
1008 398 1 5.5 398 42.1267 0.995 0 0 0 425444 425444 4199 
1009 398 1 5.5 398 42.1267 0.995 0 0 0 427136 427136 4203 
1010 398 1 5.5 398 42.1267 0.995 0 0 0 428562 428562 4208 
1011 398 1 5.5 398 42.1267 0.995 0 0 0 430008 430008 4211 
