0 2.58464 -0.18377 -2.67397 0.438863 0.849683 
1 2.52751 -0.191447 -2.59815 0.440673 0.880112 
2 2.47044 -0.2162 -2.52458 0.467199 0.883927 
3 2.42394 -0.185408 -2.47208 0.434396 0.828637 
4 2.3592 -0.206786 -2.42402 0.439654 0.773735 
5 2.31018 -0.18953 -2.36088 0.413536 0.722444 
6 2.29259 -0.240952 -2.29145 0.460709 0.721773 
7 2.27238 -0.300873 -2.26218 0.394849 0.693379 
8 2.28571 -0.330525 -2.17708 0.374252 0.729124 
9 2.20734 -0.304589 -2.14739 0.327722 0.740921 
10 2.26729 -0.351941 -2.27785 0.345526 0.624914 
11 2.16664 -0.231606 -2.09571 0.319975 0.723991 
12 2.17038 -0.196452 -2.0335 0.362468 0.668538 
13 2.4352 -0.261059 -2.53904 0.536164 0.926116 
14 2.1985 -0.396663 -2.28886 0.378277 0.579372 
15 2.10624 -0.145037 -2.04935 0.417162 0.667589 
16 2.03683 -0.139297 -2.00272 0.362817 0.663071 
17 2.02353 -0.0953362 -1.92782 0.405157 0.685161 
18 1.96859 -0.171397 -1.98138 0.311732 0.62773 
19 1.96234 -0.0621333 -1.87485 0.367404 0.715535 
20 1.91522 -0.000177986 -1.8855 0.361189 0.653975 
21 1.95308 -0.0935325 -1.78536 0.363089 0.745561 
22 1.82017 0.0128243 -1.87987 0.383931 0.669683 
23 1.88917 -0.139442 -1.72899 0.33872 0.751672 
24 1.8083 -0.168367 -1.70531 0.310006 0.786854 
25 1.746 -0.204202 -1.64451 0.324632 0.756463 
26 2.23234 -0.349481 -2.11018 0.251066 0.730976 
27 1.69572 -0.16625 -1.58105 0.358459 0.785789 
28 1.67049 -0.185109 -1.4869 0.364784 0.775628 
29 1.57564 -0.195521 -1.5031 0.354028 0.752898 
30 1.91367 -0.0936037 -1.6816 0.271867 0.727522 
31 1.79083 0.076212 -1.89641 0.315364 0.681764 
32 1.49751 -0.181893 -1.45555 0.327341 0.780061 
33 1.78043 0.0983459 -1.87056 0.261807 0.605178 
34 1.43959 -0.15418 -1.39654 0.282619 0.760205 
35 1.40624 -0.127029 -1.33277 0.318085 0.707045 
36 2.37959 -0.288617 -2.56147 0.608673 0.94581 
37 1.34605 -0.171698 -1.27019 0.317024 0.728617 
38 1.34203 -0.124416 -1.21556 0.325463 0.660119 
39 1.27104 -0.111185 -1.25073 0.335528 0.601409 
40 1.21977 -0.123091 -1.23389 0.410445 0.637918 
41 1.75431 0.165319 -1.86463 0.195649 0.625676 
42 1.1483 -0.12956 -1.21593 0.455989 0.588387 
43 1.08788 -0.112887 -1.22864 0.410339 0.526533 
44 1.03569 -0.139274 -1.17703 0.446793 0.475667 
45 1.02944 -0.17506 -1.10392 0.468392 0.422107 
46 1.36251 -0.1646 -1.21876 0.258512 0.788699 
47 0.961084 -0.146777 -1.08993 0.505926 0.368043 
48 0.880149 -0.153663 -1.10442 0.449454 0.366342 
49 0.985133 -0.120164 -1.09508 0.517889 0.27561 
50 0.801416 -0.188361 -1.13837 0.428284 0.397907 
51 1.7594 -0.16794 -1.75232 0.331403 0.857148 
52 1.04493 -0.209594 -1.01218 0.480401 0.419292 
53 1.15416 -0.0541981 -1.17845 0.500022 0.619085 
54 0.766374 -0.246804 -1.1621 0.466026 0.339864 
55 0.727792 -0.145116 -1.10313 0.394691 0.416301 
56 1.94592 0.0716651 -1.86647 0.419135 0.667255 
57 2.2531 -0.402631 -2.06375 0.223383 0.669154 
58 2.24734 -0.371115 -2.08196 0.194722 0.804023 
59 1.01842 -0.255639 -0.936115 0.506614 0.445815 
60 1.36093 -0.0965485 -1.17737 0.199429 0.801445 
61 2.37352 -0.224259 -2.57236 0.64199 1.01358 
62 0.667769 -0.0742461 -1.0997 0.42945 0.428744 
63 1.77301 0.212919 -1.88245 0.113003 0.641059 
64 1.02434 -0.236344 -0.849502 0.547202 0.466874 
65 0.615509 -0.0358178 -1.06627 0.366697 0.4016 
66 1.00741 -0.311153 -0.839814 0.546468 0.530298 
67 1.75447 0.173081 -1.89289 0.0602091 0.569136 
68 0.598219 0.0114297 -1.07335 0.333092 0.322295 
69 2.37484 -0.264696 -2.54418 0.697882 1.08025 
70 0.597969 0.0919898 -1.03104 0.307675 0.289525 
71 0.733012 -0.26358 -1.13395 0.520283 0.270084 
72 1.73379 0.214254 -1.90007 -0.0183611 0.609783 
73 0.526222 0.138685 -1.00565 0.28699 0.329517 
74 0.625435 -0.0500125 -1.11749 0.514205 0.43972 
75 0.989557 -0.376323 -0.815179 0.604743 0.568132 
76 1.74314 0.177958 -1.88366 -0.10876 0.622189 
77 0.574152 0.000282841 -1.14455 0.572875 0.465529 
78 1.00958 -0.472903 -0.815387 0.613384 0.582156 
79 1.40358 -0.0614166 -1.108 0.191498 0.846945 
80 1.02756 -0.253718 -0.783014 0.482715 0.43358 
81 1.82268 0.220923 -1.87156 -0.123122 0.660597 
82 1.72921 0.16066 -1.88824 -0.165039 0.542701 
83 1.06144 -0.214879 -0.734993 0.524024 0.375863 
84 0.4949 0.188863 -1.02218 0.221417 0.285607 
85 1.03503 -0.48492 -0.806777 0.658431 0.666443 
86 0.985572 -0.508092 -0.729707 0.688608 0.679327 
87 2.22371 -0.430718 -2.31119 0.434432 0.511901 
88 0.441202 0.25304 -0.996987 0.25762 0.318046 
89 0.440784 0.318382 -0.922102 0.260337 0.328773 
90 0.389702 0.373869 -0.959907 0.216498 0.359772 
91 0.432945 0.336458 -0.845455 0.223353 0.280098 
92 0.356026 0.442524 -0.917128 0.224581 0.407281 
93 1.01929 -0.550522 -0.646866 0.678145 0.688851 
94 2.39884 -0.239752 -2.56579 0.789141 1.08291 
95 0.346599 0.493289 -0.845364 0.223752 0.454007 
96 0.280334 0.49225 -0.806519 0.264191 0.503642 
97 1.71847 0.182998 -1.89498 -0.231276 0.472324 
98 0.478225 0.363415 -0.809161 0.160121 0.236423 
99 1.40422 -0.021453 -1.03707 0.174584 0.902499 
100 0.503827 0.412434 -0.769648 0.0916135 0.210212 
101 0.216087 0.553355 -0.77989 0.296207 0.523751 
102 0.535329 0.474527 -0.758863 0.0647774 0.144519 
103 1.03908 -0.623411 -0.584919 0.676834 0.710212 
104 0.475842 0.468841 -0.701631 0.0231109 0.106872 
105 0.213035 0.583147 -0.701152 0.289472 0.577212 
106 1.11405 -0.21911 -0.711073 0.585394 0.322237 
107 0.514735 -0.00878899 -1.17158 0.641993 0.435875 
108 0.166763 0.557904 -0.623939 0.324926 0.578949 
109 0.587534 0.55131 -0.768572 0.0839684 0.114245 
110 0.447669 0.42478 -0.658435 -0.0283778 0.0544514 
111 0.976559 -0.63561 -0.507882 0.674147 0.710336 
112 0.0966388 0.606151 -0.611353 0.274221 0.573924 
113 0.427986 0.419154 -0.588893 -0.0926802 0.0297508 
114 1.69014 0.262566 -1.90604 -0.280338 0.453966 
115 0.941589 -0.670313 -0.493587 0.68664 0.795261 
116 0.93876 -0.747735 -0.442365 0.668466 0.827569 
117 0.8667 -0.745244 -0.390333 0.710295 0.846119 
118 0.0822421 0.663185 -0.534532 0.297059 0.563112 
119 2.18503 -0.421556 -2.33716 0.450931 0.425453 
120 0.423161 0.415385 -0.588004 -0.170311 0.0924816 
121 0.819695 -0.768831 -0.326185 0.756771 0.815145 
122 0.793053 -0.736033 -0.260018 0.815762 0.834025 
123 0.339017 0.410447 -0.576204 -0.0909726 -0.0132 
124 0.264267 0.390925 -0.581553 -0.1491 -0.03818 
125 1.13481 -0.227035 -0.645252 0.603722 0.252682 
126 0.824107 -0.793282 -0.383497 0.649778 0.892692 
127 2.39281 -0.22841 -2.56838 0.86125 1.15094 
128 1.179 -0.219679 -0.618891 0.625943 0.170193 
129 0.855581 -0.825711 -0.307372 0.603357 0.89549 
130 0.170377 0.591484 -0.840717 0.276061 0.572237 
131 1.71797 0.348174 -1.9366 -0.303866 0.474203 
132 0.0486311 0.691951 -0.459099 0.34332 0.548529 
133 0.594112 0.610763 -0.741615 0.127091 0.0523121 
134 0.417675 0.458893 -0.54346 -0.243022 0.12087 
135 0.278159 0.336211 -0.535045 -0.204932 -0.0773348 
136 0.04284 0.730673 -0.39049 0.297954 0.589782 
137 0.297965 0.291579 -0.576481 -0.228749 -0.150352 
138 0.0458083 0.733015 -0.314678 0.264651 0.645721 
139 1.42213 -0.0753056 -1.03099 0.111585 0.955162 
140 0.0568049 0.741056 -0.484663 0.424065 0.567202 
141 0.127243 0.630457 -0.91316 0.287572 0.537024 
142 0.908108 -0.89028 -0.255051 0.59061 0.882384 
143 2.40604 -0.201186 -2.52159 0.938383 1.18167 
144 0.795555 -0.696712 -0.222119 0.894499 0.805534 
145 0.0644777 0.678674 -0.939526 0.238192 0.512487 
146 0.918822 -0.926529 -0.190794 0.524666 0.892059 
147 0.763372 -0.826766 -0.42989 0.674874 0.941764 
148 1.67931 0.396932 -1.94786 -0.337597 0.543942 
149 0.49238 -0.00161714 -1.20696 0.695857 0.363101 
150 0.499326 0.021844 -1.20216 0.696454 0.506039 
151 0.386353 0.471005 -0.555476 -0.332868 0.146474 
152 1.21347 -0.260676 -0.599602 0.578105 0.103332 
153 0.090093 0.772291 -0.250693 0.31347 0.650059 
154 1.27488 -0.321668 -0.587782 0.565132 0.0564228 
155 1.08726 -0.54163 -0.840809 0.711779 0.673643 
156 0.411797 0.476635 -0.490731 -0.383335 0.197288 
157 2.37495 -0.275317 -2.51345 0.957425 1.23743 
158 1.61824 0.382991 -1.95247 -0.406805 0.579507 
159 1.31027 -0.310882 -0.561978 0.55972 -0.0326631 
160 1.33013 -0.403167 -0.564582 0.576671 -0.0608624 
161 0.321114 0.268598 -0.536742 -0.30262 -0.193939 
162 0.45181 0.532996 -0.472144 -0.431536 0.146756 
163 1.68025 0.410057 -1.99164 -0.465139 0.601542 
164 0.726365 -0.713931 -0.17627 0.947227 0.811342 
165 0.0540639 0.745143 -0.999791 0.243433 0.555078 
166 0.431618 0.544994 -0.42914 -0.512331 0.114027 
167 0.876083 -0.980212 -0.152278 0.501186 0.949128 
168 0.907823 -1.02601 -0.0915987 0.526307 0.898315 
169 0.0879751 0.769519 -0.168424 0.325531 0.594613 
170 1.66211 0.370811 -2.03165 -0.51758 0.540058 
171 1.65647 0.38637 -1.99111 -0.509283 0.684757 
172 2.22603 -0.485342 -2.30726 0.422913 0.37474 
173 1.67543 0.444987 -2.05893 -0.54165 0.485313 
174 0.470961 0.502475 -0.432037 -0.590122 0.1382 
175 0.905049 -1.00275 0.00349509 0.507664 0.906104 
176 1.30461 -0.457337 -0.596896 0.548501 -0.128515 
177 0.482287 0.0466261 -1.2593 0.71308 0.295759 
178 0.0263386 0.760115 -0.100283 0.355553 0.618443 
179 2.32209 -0.270688 -2.49667 1.02178 1.28997 
180 0.00319321 0.826379 -0.0301188 0.357991 0.606424 
181 0.793458 -1.00399 -0.156501 0.454772 0.970002 
182 2.22831 -0.561357 -2.34097 0.402819 0.323006 
183 0.892691 -1.01133 0.0935337 0.534476 0.87532 
184 1.34418 -0.484667 -0.637328 0.561521 -0.205216 
185 1.32928 -0.450031 -0.635756 0.620171 -0.276881 
186 0.489806 0.560482 -0.424927 -0.663145 0.108246 
187 0.956317 -0.978805 0.157297 0.506043 0.870919 
188 0.517574 0.520191 -0.370434 -0.730511 0.11814 
189 0.565863 0.529013 -0.308101 -0.746454 0.0593972 
190 0.487382 0.59069 -0.38091 -0.793824 0.117806 
191 0.00780896 0.857552 0.0253945 0.425853 0.642756 
192 0.703385 -1.01857 -0.118993 0.438439 0.969282 
193 1.0294 -0.973283 0.210532 0.539617 0.845095 
194 0.667267 -0.736152 -0.137235 0.992192 0.761662 
195 0.067566 0.921233 0.0546289 0.420977 0.681426 
196 0.413522 0.57136 -0.364469 -0.83736 0.162588 
197 1.06788 -0.974663 0.247121 0.498084 0.918944 
198 1.30774 -0.478107 -0.562721 0.63997 -0.331849 
199 1.03356 -1.01545 0.315348 0.45457 0.943645 
200 1.6722 0.453279 -1.96858 -0.573495 0.710156 
201 0.572355 0.564041 -0.274742 -0.787108 -0.0178386 
202 0.628169 -0.79615 -0.100827 1.03417 0.719424 
203 0.462386 0.566627 -0.334401 -0.888719 0.226213 
204 2.26427 -0.527906 -2.35596 0.361522 0.247788 
205 2.33969 -0.327864 -2.53231 1.09316 1.29747 
206 1.09124 -0.990179 0.382925 0.485451 0.96631 
207 1.2658 -0.524426 -0.615704 0.642688 -0.38913 
208 1.6208 0.536856 -1.9755 -0.591439 0.711843 
209 0.0689619 0.888649 0.136343 0.413374 0.728345 
210 0.540703 -0.808183 -0.0582842 1.05396 0.717623 
211 0.567749 0.537911 -0.241367 -0.839832 -0.0913388 
212 1.29451 -0.485104 -0.480117 0.648451 -0.385522 
213 1.0612 -0.998564 0.456918 0.537548 0.937363 
214 1.07236 -1.0446 0.524903 0.526666 0.992275 
215 0.625491 0.507314 -0.198142 -0.871351 -0.144892 
216 0.353043 0.59684 -0.387904 -0.880843 0.105553 
217 1.58279 0.557875 -1.96974 -0.624474 0.795442 
218 1.31707 -0.485439 -0.393086 0.6908 -0.396617 
219 0.767723 -0.897755 -0.460432 0.726697 0.978141 
220 0.641425 0.490994 -0.218451 -0.929381 -0.220389 
221 0.0141514 0.981 0.0935148 0.388622 0.649555 
222 0.687561 0.538055 -0.168777 -0.927881 -0.276841 
223 1.07679 -1.13136 0.554711 0.489592 0.978479 
224 0.721049 0.584481 -0.202167 -0.955732 -0.346358 
225 0.997337 -1.02471 0.581812 0.534984 1.01812 
226 1.12734 -0.979774 0.570523 0.508457 1.01127 
227 0.647141 0.645159 -0.75773 0.143118 -0.0217715 
228 1.36077 -0.529508 -0.394285 0.686024 -0.474872 
229 0.0974054 0.903484 0.135734 0.488265 0.786326 
230 1.13406 -0.983905 0.594572 0.425335 1.06077 
231 0.64946 0.608966 -0.167186 -0.955505 -0.401601 
232 0.667169 0.683357 -0.112136 -0.986599 -0.414051 
233 0.601721 0.676726 -0.0816615 -1.03403 -0.463993 
234 0.00920315 0.73484 -1.03136 0.268027 0.634322 
235 1.12648 -0.937224 0.68005 0.40624 1.05116 
236 0.521156 0.715556 -0.101756 -1.06077 -0.493704 
237 1.11069 -1.18461 0.539112 0.42223 1.01361 
238 0.624866 -0.767778 -0.146105 1.11858 0.722436 
239 1.1009 -0.973609 0.732932 0.334072 1.05525 
240 1.17887 -0.999977 0.5553 0.583775 1.04341 
241 1.07209 -1.1619 0.620528 0.4957 0.910096 
242 0.633621 0.712744 -0.0338637 -1.03849 -0.537345 
243 0.292426 0.618761 -0.405651 -0.950188 0.132412 
244 0.0307974 0.922829 0.165511 0.52731 0.839032 
245 0.675682 0.710621 0.03941 -1.08739 -0.515751 
246 0.469731 0.688211 -0.074676 -1.04743 -0.569179 
247 0.684885 0.754682 0.0942709 -1.02968 -0.556173 
248 0.38282 0.689522 -0.0783016 -1.09115 -0.591991 
249 0.713969 0.828913 0.121602 -1.0829 -0.54813 
250 1.38579 -0.451869 -0.361223 0.717191 -0.51067 
251 1.6444 0.311399 -2.00437 -0.571554 0.698169 
252 0.488633 0.0313973 -1.21016 0.763089 0.578774 
253 0.503759 0.0494142 -1.2954 0.797816 0.2634 
254 0.00857359 0.797197 -1.05068 0.257826 0.709383 
255 1.35827 -0.496966 -0.302226 0.764025 -0.549846 
256 0.702309 0.681073 0.132835 -1.04736 -0.605957 
257 0.498012 -0.819085 0.0247747 1.08444 0.702424 
258 0.674064 0.703859 -0.792316 0.173345 -0.082759 
259 1.5852 0.62114 -2.00301 -0.581392 0.850479 
260 1.56947 0.662053 -1.99703 -0.647165 0.911445 
261 2.29662 -0.483797 -2.38387 0.379826 0.171014 
262 1.55898 0.74629 -2.03503 -0.67425 0.936274 
263 0.688809 0.619174 0.150286 -1.0938 -0.665326 
264 1.37061 -0.412699 -0.26933 0.795774 -0.575473 
265 0.0144109 0.883063 -1.03655 0.210963 0.723427 
266 0.525685 0.584869 -0.298787 -0.926171 0.280888 
267 1.14663 -1.23092 0.564671 0.356236 0.974178 
268 1.17774 -1.25479 0.599129 0.27163 0.984979 
269 2.36789 -0.308074 -2.54245 0.650677 1.15666 
270 0.316347 0.684398 -0.113497 -1.07163 -0.654722 
271 0.2511 0.624311 -0.136618 -1.0975 -0.685196 
272 1.24831 -1.31789 0.614928 0.262889 1.01168 
273 1.1213 -0.9214 0.814453 0.345378 1.06444 
274 1.2995 -1.33206 0.636822 0.195848 0.964724 
275 0.189163 0.564373 -0.0923713 -1.11254 -0.704868 
276 1.30606 -1.31514 0.663489 0.106971 0.997289 
277 1.57974 0.808453 -1.96828 -0.681552 0.970862 
278 0.497719 0.577759 -0.214305 -0.949668 0.319333 
279 1.17821 -0.891115 0.871356 0.377742 1.10392 
280 0.0404261 0.923048 0.245699 0.584995 0.826801 
281 0.695641 0.570654 0.150758 -1.11949 -0.748627 
282 0.754363 0.541659 0.186165 -1.17937 -0.778151 
283 1.31855 -1.409 0.66039 0.233185 0.922671 
284 1.74502 0.440731 -1.92154 -0.603736 0.747737 
285 0.770672 0.524019 0.242708 -1.16061 -0.854792 
286 0.139737 0.604534 -0.0488277 -1.07788 -0.758221 
287 2.30611 -0.540881 -2.38304 0.322784 0.112732 
288 0.640467 0.402181 -0.23602 -0.966362 -0.199528 
289 0.0817931 0.958625 0.310729 0.637295 0.819132 
290 0.255605 0.680423 -0.411052 -0.984943 0.192453 
291 0.0441199 0.991309 0.36776 0.679292 0.869095 
292 0.766041 0.480158 0.300456 -1.22217 -0.824285 
293 0.795134 0.450186 0.333349 -1.27474 -0.890695 
294 0.0286356 0.997548 0.459981 0.714153 0.867973 
295 1.33833 -1.2938 0.69034 0.0314769 1.04293 
296 0.679991 -0.77733 -0.158984 1.19554 0.694495 
297 1.17358 -0.857831 0.924087 0.43886 1.15244 
298 0.513336 0.585425 -0.12727 -0.973061 0.35902 
299 0.00417675 0.947118 -1.06177 0.271937 0.761352 
300 0.763412 0.407365 0.398863 -1.3177 -0.858729 
301 1.58911 0.799051 -2.09154 -0.703213 0.888567 
302 1.6155 0.854052 -1.92172 -0.748397 0.968258 
303 2.24271 -0.441228 -2.07102 0.153457 0.860946 
304 0.724151 0.38795 0.480875 -1.35222 -0.845906 
305 1.3542 -0.421354 -0.193331 0.85108 -0.604129 
306 1.64283 0.909627 -1.89069 -0.721531 1.03519 
307 1.32287 -0.371344 -0.178297 0.875609 -0.679557 
308 0.537117 0.796749 -0.156456 -1.06075 -0.506381 
309 0.0819417 0.668871 -0.053179 -1.08806 -0.807191 
310 1.64013 0.245339 -2.01285 -0.625076 0.749952 
311 1.13636 -0.849469 0.998287 0.465619 1.20064 
312 1.08365 -0.880257 1.02278 0.42218 1.26218 
313 0.0640676 1.04495 0.503537 0.733423 0.80294 
314 1.36608 -0.357236 -0.15048 0.958819 -0.66419 
315 1.30477 -0.352262 -0.168471 1.03168 -0.688374 
316 1.70977 0.47699 -2.06765 -0.616542 0.439358 
317 1.38143 -1.40209 0.727241 0.247341 0.886222 
318 1.41349 -0.331573 -0.103699 1.0203 -0.630648 
319 1.6123 0.179585 -2.0163 -0.66814 0.805047 
320 1.1848 -1.03214 0.546066 0.629736 1.12546 
321 1.34325 -0.431235 -0.118406 0.86102 -0.726438 
322 0.0156828 0.699964 0.0121443 -1.07676 -0.822946 
323 1.72781 0.430066 -2.07689 -0.672126 0.3738 
324 1.29557 -0.476457 -0.0575704 0.873352 -0.769196 
325 1.32735 -0.529094 -0.0362382 0.836366 -0.835497 
326 1.17105 -0.881653 1.04381 0.528883 1.24171 
327 0.55258 0.616725 -0.0598386 -1.01084 0.397825 
328 1.47571 -0.354914 -0.142227 1.05257 -0.685949 
329 0.725156 -0.746626 -0.162716 1.2415 0.764431 
330 0.524789 0.658317 -0.0026332 -1.03514 0.458116 
331 0.840095 0.343216 0.399739 -1.31601 -0.857749 
332 1.66067 0.899682 -1.94354 -0.708923 1.11661 
333 0.0224184 0.990371 -1.09781 0.326145 0.821008 
334 0.770381 0.427168 0.550652 -1.36062 -0.808687 
335 0.634833 0.72885 -0.827478 0.208921 -0.155796 
336 1.66506 0.441898 -2.10331 -0.7413 0.352834 
337 0.592349 0.781614 -0.881126 0.253872 -0.17843 
338 0.789903 0.408855 0.618703 -1.35645 -0.740605 
339 0.883775 0.268554 0.412587 -1.35947 -0.879303 
340 1.67038 0.953912 -1.97477 -0.643136 1.15738 
341 1.68111 0.915497 -2.00248 -0.598633 1.23262 
342 1.31343 -0.5803 0.0310202 0.792914 -0.863289 
343 1.32599 -0.534429 0.10721 0.810864 -0.903427 
344 0.823429 0.196646 0.422999 -1.32684 -0.883127 
345 0.765446 -0.741612 -0.120751 1.31337 0.802194 
346 1.33018 -0.0555035 -1.25318 0.356824 0.547158 
347 2.29143 -0.597441 -2.39603 0.38366 0.0606656 
348 0.747437 0.37474 0.681486 -1.30569 -0.763284 
349 0.0121317 0.769954 -0.0223888 -1.12815 -0.858371 
350 1.26753 -0.497503 0.171279 0.82036 -0.935427 
351 1.79715 0.365263 -2.09864 -0.694036 0.367557 
352 0.0101778 0.835004 -0.0467103 -1.17598 -0.912089 
353 0.602965 0.693921 0.0434388 -1.01991 0.474441 
354 0.846993 0.513093 0.34471 -1.28407 -0.946705 
355 1.26631 -0.440009 0.201882 0.869201 -0.993488 
356 1.36447 -1.36296 0.742399 -0.0110605 1.04674 
357 0.0019283 1.00888 0.44676 0.794259 0.918633 
358 1.48295 -0.0388204 -0.983306 0.0634874 0.974702 
359 0.0542845 1.04663 -1.15361 0.375499 0.837438 
360 1.17152 -0.0118985 -1.19654 0.586435 0.629799 
361 1.21343 -0.392464 0.208278 0.908029 -1.05175 
362 0.129252 1.06848 0.563753 0.753933 0.769022 
363 1.12659 -0.397268 0.238474 0.945711 -1.06196 
364 1.02243 -0.866302 1.06453 0.364662 1.2939 
365 1.21542 -0.359883 0.28927 0.859645 -1.05757 
366 0.591657 0.775201 0.0606124 -1.07333 0.485274 
367 0.0722074 1.05531 0.599153 0.771729 0.698293 
368 0.966703 -0.852088 1.12102 0.420684 1.31294 
369 0.829509 -0.735872 -0.0849994 1.37924 0.817881 
370 1.05978 -0.430762 0.302325 0.964008 -1.06366 
371 1.22778 -0.136245 -0.607832 0.647475 0.178729 
372 1.00523 -0.465641 0.358941 0.970152 -1.1143 
373 1.47537 -0.424461 -0.1791 1.11424 -0.685482 
374 0.0255515 1.06807 -1.20541 0.451275 0.854457 
375 1.25611 -0.308107 0.279195 0.893267 -1.12414 
376 0.092047 1.11082 0.625843 0.796394 0.62615 
377 1.54652 0.87771 -2.13307 -0.693088 0.875473 
378 0.990478 -0.532622 0.343184 1.03125 -1.15055 
379 0.693743 0.355497 0.757752 -1.32453 -0.787267 
380 0.674608 0.402527 0.831973 -1.36348 -0.807153 
381 1.39599 -1.43979 0.775708 0.310702 0.841471 
382 2.36413 -0.367731 -2.5092 1.15283 1.35845 
383 2.32643 -0.457542 -2.52057 1.13398 1.36376 
384 0.864821 -0.728955 -0.0762176 1.42745 0.897278 
385 0.621447 0.369592 0.891212 -1.3818 -0.759775 
386 0.908721 -0.524291 0.305471 1.01601 -1.19045 
387 0.957454 0.213019 0.418227 -1.39472 -0.893886 
388 0.784068 0.109959 0.429514 -1.32969 -0.912884 
389 1.03194 0.175396 0.469765 -1.39243 -0.913242 
390 0.750791 0.405197 0.892235 -1.34038 -0.812041 
391 1.05676 0.111623 0.535583 -1.37731 -0.940742 
392 0.00502785 0.883934 -0.0393017 -1.21266 -0.990695 
393 1.70808 0.955356 -1.93603 -0.614249 1.28761 
394 0.141299 1.13767 0.691504 0.831493 0.662344 
395 0.201017 1.1507 0.708182 0.88575 0.717498 
396 1.22586 -0.883987 1.08678 0.599042 1.22685 
397 0.539922 0.859653 -0.228232 -1.07987 -0.529142 
398 0.823899 -0.511974 0.352871 1.00527 -1.20752 
399 1.37602 -1.32708 0.72638 -0.0975614 1.01775 
400 0.797544 0.032778 0.392629 -1.3333 -0.962765 
401 1.38757 -1.38753 0.7628 -0.150353 1.06356 
402 1.32054 -1.43468 0.789062 -0.194888 1.08826 
403 0.196521 0.729703 -0.434506 -1.03303 0.227353 
404 1.32209 -0.312146 0.347492 0.920466 -1.1091 
405 0.224355 1.21989 0.656941 0.925646 0.696267 
406 1.29524 -1.46187 0.824863 -0.271483 1.12663 
407 1.32531 -1.48619 0.763211 -0.336935 1.1471 
408 0.116937 1.12982 0.762059 0.814808 0.598403 
409 1.66158 1.00539 -2.00898 -0.716394 1.18451 
410 1.05538 0.0591069 0.595707 -1.35271 -0.995698 
411 0.571333 0.79585 -0.84081 0.298052 -0.254446 
412 1.02271 -0.602457 0.333422 1.06559 -1.20356 
413 0.266122 1.26691 0.681204 0.96947 0.636804 
414 0.488989 0.628423 -0.0105386 -1.07297 0.537683 
415 0.919911 -0.834236 1.16237 0.377176 1.37531 
416 0.788253 0.482793 0.90617 -1.38894 -0.816924 
417 0.850818 0.574882 0.364696 -1.32118 -1.01297 
418 1.84833 0.395722 -2.12133 -0.769744 0.353182 
419 1.10325 0.0541939 0.631576 -1.42845 -1.02141 
420 1.79992 0.36551 -2.11066 -0.67351 0.270467 
421 0.844603 -0.860414 1.19676 0.327572 1.3758 
422 0.808985 -0.574216 0.357155 0.959206 -1.26886 
423 0.75449 -0.867919 1.20968 0.295346 1.40066 
424 1.28542 -0.876843 1.11882 0.661423 1.18834 
425 0.075649 1.1281 -1.24693 0.49105 0.830359 
426 0.720604 -0.0271226 0.40354 -1.34414 -0.978751 
427 1.2499 -1.52183 0.736416 -0.384024 1.13673 
428 0.66284 -0.861965 1.20668 0.26271 1.42281 
429 1.35903 -0.242718 0.314495 0.947715 -1.15365 
430 0.00293238 0.703238 -0.943224 0.273943 0.446783 
431 0.325832 1.24558 0.727021 1.0296 0.620545 
432 1.34557 -0.162733 0.326234 0.963611 -1.2087 
433 0.648726 -0.0843029 0.409074 -1.3537 -1.01672 
434 1.68499 0.523241 -2.10723 -0.756283 0.300429 
435 0.298262 1.25592 0.79037 1.09679 0.595927 
436 0.582076 0.844404 -0.94764 0.233421 -0.211742 
437 0.551565 0.79351 0.129721 -1.09059 0.539896 
438 0.0037369 1.13 -1.26602 0.547446 0.79458 
439 0.603146 0.305763 0.956755 -1.37673 -0.795402 
440 0.547078 0.855176 0.135207 -1.13341 0.605578 
441 0.727447 -0.932028 1.25488 0.349988 1.38928 
442 1.71672 1.01362 -1.94694 -0.542427 1.32302 
443 0.657332 -0.934253 1.29323 0.408246 1.40394 
444 2.38575 -0.338593 -2.43305 1.18092 1.40423 
445 0.235132 1.27619 0.780369 1.14792 0.542176 
446 2.40836 -0.254171 -2.41154 1.21887 1.42566 
447 1.37779 -1.47553 0.76185 -0.401561 1.20145 
448 0.6541 -0.897447 1.33528 0.475968 1.45169 
449 1.43027 -1.49622 0.763733 -0.459893 1.25986 
450 0.603045 0.924039 0.137448 -1.1586 0.644123 
451 0.158582 1.26652 0.787415 1.19712 0.50247 
452 1.78073 1.0696 -1.90389 -0.572626 1.3248 
453 2.39216 -0.131299 -2.53394 0.990418 1.13625 
454 0.72815 0.77247 -0.751231 0.199378 -0.0814734 
455 0.793664 -0.629752 0.293343 0.987681 -1.31127 
456 0.111636 1.29842 0.837345 1.23989 0.452904 
457 0.583997 -0.951338 1.33831 0.403434 1.35624 
458 0.584254 -0.156033 0.417818 -1.36645 -1.03815 
459 0.499681 -1.00349 1.33036 0.403027 1.3459 
460 1.74946 0.101064 -1.97062 0.351087 0.711548 
461 0.716412 -0.684469 0.285757 1.00608 -1.33661 
462 0.775881 -0.496188 0.378667 1.08755 -1.21076 
463 0.48772 0.847768 0.12441 -1.18675 0.664393 
464 0.645029 0.279705 1.00106 -1.42893 -0.741745 
465 0.649927 -0.733303 0.236897 1.02861 -1.35394 
466 1.84235 1.08879 -1.95682 -0.589884 1.3771 
467 1.17098 0.0264648 0.681427 -1.41635 -1.06626 
468 1.47568 -1.47297 0.797637 -0.497873 1.32918 
469 0.0771889 1.04068 0.367368 0.65416 0.945499 
470 0.654054 -0.790574 0.170152 1.07571 -1.3594 
471 0.63655 -0.788773 1.25086 0.221116 1.43926 
472 1.48861 -1.51734 0.828402 -0.571569 1.36774 
473 1.52641 -1.38946 0.793413 -0.509807 1.34629 
474 0.60021 -0.229272 0.382052 -1.41409 -1.06702 
475 2.38808 -0.176247 -2.39911 1.25327 1.47234 
476 2.36564 -0.118983 -2.37374 1.3263 1.45684 
477 0.447559 0.864297 0.192153 -1.22706 0.707978 
478 0.00761229 1.07064 0.371946 0.6068 0.990187 
479 1.58695 1.03627 -2.04257 -0.729635 1.23112 
480 1.22022 -0.0104562 0.737665 -1.43429 -1.11849 
481 0.0549332 1.12704 0.338836 0.627446 1.04549 
482 0.375168 0.876748 0.24094 -1.23362 0.754682 
483 0.434731 -1.03299 1.36789 0.458106 1.32424 
484 1.40482 -0.104767 0.338758 0.995872 -1.25265 
485 0.530839 0.286694 1.00915 -1.34412 -0.819878 
486 1.24438 -0.546305 -0.692214 0.682615 -0.429311 
487 1.3354 -0.927475 1.12573 0.731303 1.1855 
488 1.40789 -0.0628161 0.315353 1.08317 -1.24478 
489 0.572891 0.857765 -1.03331 0.232347 -0.260704 
490 1.49161 -1.5477 0.886686 -0.633558 1.41051 
491 0.562895 -0.788093 0.176211 1.11206 -1.37744 
492 1.53232 -1.55351 0.823771 -0.689881 1.44483 
493 1.12514 0.127645 0.553435 -1.33571 -0.885799 
494 0.105925 1.18465 0.311595 0.665675 1.08881 
495 2.24916 -0.499719 -2.53047 1.11401 1.40563 
496 1.5717 -1.58287 0.780875 -0.73343 1.38278 
497 0.631149 -0.797156 0.311036 1.0249 -1.36168 
498 0.366108 -1.04973 1.34528 0.391042 1.32573 
499 0.0400684 1.263 0.877125 1.28209 0.436782 
500 0.675413 -0.716399 1.28434 0.204701 1.4824 
501 0.0520878 1.05953 -1.15829 0.329529 0.925153 
502 0.42188 -1.08173 1.41196 0.517969 1.28026 
503 0.565638 -0.831437 0.373407 1.03704 -1.38394 
504 0.604693 -0.865871 1.36108 0.531579 1.50464 
505 0.701947 -0.790912 -0.149476 1.3653 0.806117 
506 0.00601905 1.25747 0.922229 1.3631 0.422152 
507 1.39138 -0.980201 1.16228 0.783291 1.17857 
508 0.321583 0.878285 0.277374 -1.27058 0.821262 
509 0.482086 -0.802011 0.140543 1.15682 -1.37836 
510 1.56753 -1.34077 0.802083 -0.513864 1.42275 
511 1.26649 -0.0636794 0.699306 -1.45252 -1.17526 
512 0.306794 0.946315 0.305599 -1.29717 0.881675 
513 0.586438 -0.906212 0.422233 1.00457 -1.40714 
514 1.82332 1.15887 -1.91964 -0.63941 1.40696 
515 2.26731 -0.528037 -2.52802 1.04902 1.47375 
516 0.300604 1.01324 0.349225 -1.35093 0.907925 
517 1.93858 1.09031 -1.93895 -0.570651 1.38392 
518 1.41824 -0.0907121 0.43649 0.991223 -1.24562 
519 0.678876 -0.843557 -0.212346 1.41165 0.830514 
520 1.78898 1.20937 -1.95892 -0.674392 1.46616 
521 0.534655 0.881501 -1.10987 0.200574 -0.293913 
522 0.212767 1.00639 0.365504 -1.39107 0.926923 
523 0.602923 -0.821836 -0.238698 1.46698 0.832363 
524 0.456011 0.283954 1.0294 -1.33577 -0.882436 
525 0.217616 1.03014 0.459532 -1.37105 0.939963 
526 1.61724 -1.52824 0.774883 -0.803279 1.38801 
527 1.22301 -0.367451 -0.172931 1.07037 -0.648791 
528 1.46468 -0.0629105 0.502922 1.01293 -1.29238 
529 1.17545 0.0742354 -1.24228 0.571041 0.645185 
530 1.34732 -0.0980039 0.666947 -1.46731 -1.20722 
531 0.16143 1.02405 0.47418 -1.433 0.992435 
532 1.439 -0.078881 0.688883 -1.45078 -1.22902 
533 1.88654 0.443317 -2.16192 -0.834872 0.333553 
534 0.376985 0.260116 1.06807 -1.29792 -0.866349 
535 1.36259 -0.0870359 -1.04742 0.0632509 1.01609 
536 0.200546 1.08831 0.483427 -1.42653 1.05735 
537 0.523216 0.889001 -1.14078 0.269421 -0.358083 
538 1.85635 0.405211 -2.17099 -0.921065 0.322374 
539 0.303895 0.311467 1.11235 -1.29232 -0.871767 
540 1.48634 -0.357271 -0.235469 1.15782 -0.668494 
541 0.790659 0.887901 0.144851 -1.08377 -0.538241 
542 1.47968 -0.0673474 0.599133 0.990645 -1.29391 
543 1.42657 -1.57633 0.942241 -0.670901 1.38883 
544 2.37211 -0.0692844 -2.3442 1.39549 1.49958 
545 1.35107 -0.0191937 0.301966 1.12349 -1.30013 
546 0.519083 0.928583 -1.17852 0.215826 -0.422263 
547 1.88739 0.356471 -2.12387 -0.987587 0.318314 
548 0.320049 0.277017 1.17715 -1.25856 -0.928454 
549 0.340255 0.241553 1.25237 -1.219 -0.895138 
550 1.57751 -1.53083 0.746837 -0.88894 1.37097 
551 0.11718 1.12548 0.484266 -1.42524 1.09816 
552 1.55596 -0.398273 -0.252519 1.19979 -0.706183 
553 0.501034 -0.949261 0.451008 1.00583 -1.41196 
554 1.53537 -0.042196 0.666928 0.985639 -1.25335 
555 1.44856 -1.03457 1.14926 0.83986 1.15846 
556 0.0526278 1.06786 0.495539 -1.46003 1.13246 
557 0.48703 0.118933 -1.28336 0.826874 0.200967 
558 0.15652 0.984675 0.495328 -1.48264 0.918178 
559 0.449254 -0.751063 0.149701 1.22093 -1.42454 
560 1.47724 -1.0743 1.1902 0.902429 1.20326 
561 0.441634 -1.13696 1.4759 0.536926 1.2343 
562 0.800717 0.834837 -0.735769 0.213796 -0.10141 
563 0.458106 -1.15878 1.52663 0.618473 1.23966 
564 1.54149 -1.01763 1.16997 0.940733 1.17526 
565 0.265834 1.12143 0.550817 -1.41839 1.05162 
566 1.57878 -0.973959 1.23203 0.994126 1.17637 
567 0.253881 1.1727 0.626055 -1.39054 1.02348 
568 1.739 1.24923 -2.00775 -0.710074 1.51365 
569 1.59938 -0.0910703 0.659747 0.954536 -1.30331 
570 0.282507 1.34245 0.622225 0.976864 0.614611 
571 0.135136 1.12625 0.848653 0.783115 0.63236 
572 0.400276 -0.691977 0.118098 1.26314 -1.461 
573 1.57416 -0.335134 -0.310478 1.19915 -0.754373 
574 0.550177 0.980069 -1.20536 0.280434 -0.460839 
575 0.470448 -0.980662 0.495613 1.08345 -1.41993 
576 0.663175 -0.853483 1.40578 0.559349 1.56511 
577 1.37289 0.00470642 0.244602 1.19131 -1.33273 
578 1.60747 -1.47637 0.757159 -0.959633 1.40311 
579 1.36389 0.0842237 0.264745 1.19041 -1.38921 
580 1.61646 -1.04332 1.21325 1.04733 1.15215 
581 0.0774994 1.25452 0.321595 0.683466 1.15122 
582 2.21403 -0.594926 -2.5323 1.07843 1.51623 
583 0.680625 0.926541 0.188031 -1.13986 0.676761 
584 0.52786 1.02682 -1.20903 0.329537 -0.530777 
585 0.529538 1.0343 -1.22116 0.288043 -0.620624 
586 1.56986 1.03726 -2.07945 -0.816263 1.26014 
587 0.0296949 1.32016 0.279807 0.710331 1.18184 
588 0.302713 0.174484 1.29599 -1.20986 -0.941033 
589 0.380447 -0.984247 0.522016 1.09602 -1.45205 
590 1.40899 -1.60473 0.979334 -0.714642 1.31403 
591 0.472924 1.07483 -1.21433 0.395099 -0.54951 
592 0.526962 -1.01639 0.522447 1.13709 -1.46389 
593 1.59696 1.04342 -2.05255 -0.905863 1.23833 
594 1.98317 1.12348 -1.85768 -0.583515 1.3958 
595 0.38586 -1.17549 1.57253 0.635804 1.28542 
596 0.315097 1.30146 0.841286 1.12806 0.659744 
597 0.094788 1.11223 0.9175 0.749506 0.680384 
598 1.39744 0.136526 0.204982 1.23984 -1.40031 
599 1.43154 -1.65756 1.05664 -0.712497 1.34087 
600 0.564942 -1.07332 0.558919 1.08267 -1.49589 
601 0.00445072 0.947113 0.0230791 -1.24421 -1.02418 
602 0.888401 -0.76859 -0.0871351 1.44635 0.983281 
603 0.219006 0.174078 1.32133 -1.25728 -0.951159 
604 0.14981 0.967171 0.577796 -1.53538 0.910009 
605 0.487309 1.04157 -1.26536 0.256165 -0.692696 
606 0.243177 1.164 0.72343 -1.40824 1.01969 
607 1.59293 -0.466344 -0.258237 1.26219 -0.714732 
608 0.168322 0.105187 1.34834 -1.28805 -0.919397 
609 0.26591 1.15739 0.81768 -1.38696 1.02986 
610 2.41623 -0.16894 -2.35218 1.1998 1.53632 
611 2.00962 1.18296 -1.87597 -0.509951 1.39162 
612 1.74332 1.23848 -2.07512 -0.64574 1.54811 
613 1.66089 -1.10841 1.27289 1.04513 1.13703 
614 2.14393 -0.561117 -2.48197 1.06879 1.55252 
615 2.32142 -0.0160579 -2.37151 1.44222 1.45875 
616 0.346408 -0.651347 0.148515 1.25329 -1.52753 
617 1.67855 0.591203 -2.12458 -0.806052 0.249815 
618 0.916775 -0.84738 -0.132441 1.46751 1.00535 
619 2.0938 -0.596559 -2.50503 1.13344 1.59152 
620 1.48923 -0.0511546 0.738798 -1.49018 -1.17741 
621 1.65514 -0.0875488 0.700569 0.969157 -1.37401 
622 1.4123 -1.56935 1.02547 -0.754993 1.24346 
623 0.795596 0.550778 0.960989 -1.37142 -0.861781 
624 1.50013 -0.0582205 0.632581 -1.45237 -1.28063 
625 0.028066 1.12176 0.473545 -1.53174 1.10303 
626 0.50186 1.13548 -1.21563 0.453616 -0.594881 
627 1.68157 1.26485 -2.03361 -0.612332 1.59961 
628 1.48345 -0.0384153 0.620991 -1.54177 -1.31532 
629 0.423674 1.22781 0.731337 1.03838 0.616584 
630 0.338275 1.1559 0.879137 -1.4175 1.02269 
631 1.42307 -1.53354 1.10181 -0.804429 1.26165 
632 0.0030465 1.11418 0.519051 -1.4201 1.18946 
633 1.51455 -0.0983425 0.564858 -1.58784 -1.3283 
634 1.48767 1.00169 -2.08633 -0.836386 1.29922 
635 2.24002 0.00135156 -2.39512 1.48112 1.49038 
636 1.52068 -1.57386 0.687375 -0.903538 1.40517 
637 1.44666 -0.150206 0.736909 -1.43311 -1.2763 
638 0.815125 0.586429 1.05016 -1.36555 -0.842784 
639 0.12323 0.0841679 1.39742 -1.33014 -0.977225 
640 0.443215 1.192 -1.23775 0.491104 -0.633239 
641 1.52729 -0.0697499 0.569321 -1.67169 -1.37267 
642 1.52928 -0.112459 0.567041 -1.6539 -1.46128 
643 1.77824 1.23746 -2.0984 -0.707569 1.61455 
644 1.55834 -0.140781 0.482394 -1.67803 -1.48589 
645 1.48424 -1.52726 1.16864 -0.829067 1.2278 
646 0.380275 1.23602 -1.23977 0.537578 -0.677248 
647 0.601444 -1.09532 0.595242 1.0319 -1.56137 
648 0.0786662 0.030304 1.45721 -1.31038 -1.01111 
649 1.64888 -1.4176 0.772921 -1.02346 1.42567 
650 1.62546 0.573232 -2.166 -0.814326 0.178583 
651 0.512005 1.22038 0.746171 0.998117 0.633948 
652 0.546738 -0.983257 0.565388 1.21203 -1.49632 
653 1.20471 -0.615131 -0.746999 0.678151 -0.455162 
654 0.194227 1.26443 0.73429 1.27198 0.51974 
655 1.3479 -1.6874 1.05933 -0.750479 1.36663 
656 1.6324 -1.11334 1.33889 1.06912 1.07198 
657 0.320722 1.29877 0.904564 1.18382 0.713108 
658 0.747901 0.880905 0.190472 -1.17422 0.723714 
659 2.32653 -0.522593 -2.49322 1.19546 1.32853 
660 1.48153 -1.60328 0.637084 -0.962003 1.36449 
661 1.57848 -0.0906902 0.639855 -1.68285 -1.49234 
662 1.36865 -0.152557 -1.04455 0.0429455 1.08854 
663 1.46186 -1.47349 0.727172 0.336132 0.802443 
664 0.408288 1.18736 0.906166 -1.38562 1.07129 
665 1.3651 0.176589 0.265621 1.28766 -1.43753 
666 1.62264 -1.12171 1.39202 1.13161 1.12771 
667 0.888013 0.618111 0.302923 -1.31032 -1.06602 
668 0.565095 -1.12918 0.681537 1.02302 -1.56388 
669 0.627011 -1.18363 0.721735 1.04947 -1.59366 
670 1.4261 0.206004 0.233256 1.35163 -1.45411 
671 1.58038 -0.123462 0.413986 -1.72837 -1.53062 
672 2.06513 -0.64369 -2.5293 1.08288 1.65325 
673 0.0289636 0.0626941 1.49766 -1.24185 -1.02326 
674 2.19787 0.0832269 -2.41003 1.49432 1.52389 
675 0.0535947 1.13528 0.986451 0.730248 0.628935 
676 0.838685 0.673119 1.09375 -1.36958 -0.839059 
677 0.00322801 1.18222 1.03839 0.747021 0.676687 
678 0.483297 1.21046 0.929176 -1.39638 1.12781 
679 1.35139 -1.75871 1.12131 -0.73699 1.33697 
680 0.0574684 -0.0552388 1.49238 -1.33577 -1.02986 
681 0.505597 0.999905 -1.27545 0.221599 -0.77414 
682 0.47731 0.111913 -1.30068 0.915414 0.159531 
683 0.595068 1.24321 0.763048 1.029 0.67057 
684 0.480996 0.0874692 -1.3271 0.997224 0.114831 
685 1.40076 -1.62165 0.633738 -0.998735 1.40666 
686 2.27171 -0.557324 -2.38711 0.403962 -0.0259939 
687 1.3686 0.261749 0.303594 1.25445 -1.45135 
688 0.130865 0.880049 0.590858 -1.53883 0.953234 
689 1.6651 1.31371 -2.00572 -0.542438 1.64058 
690 0.657916 -1.21565 0.781711 1.10262 -1.63363 
691 0.00855081 0.911497 -0.00907352 -1.30598 -1.08635 
692 1.66337 -1.04382 1.181 1.10732 1.20836 
693 1.66798 -1.1524 1.3688 1.20285 1.09046 
694 0.0528445 -0.123895 1.49582 -1.3413 -1.10213 
695 2.24037 0.0165976 -2.33458 1.54492 1.4453 
696 2.06141 -0.715697 -2.54183 1.15091 1.64927 
697 1.35933 -1.50232 1.1312 -0.86521 1.28177 
698 0.947198 -0.915823 -0.190865 1.49828 1.01081 
699 1.58592 1.00289 -2.0618 -0.995038 1.2524 
700 2.15943 0.077244 -2.339 1.50965 1.58053 
701 0.0266238 1.17012 0.428624 -1.57738 1.16267 
702 1.60995 -0.894055 1.25613 0.972645 1.21638 
703 0.931081 -1.0017 -0.234914 1.50857 0.992974 
704 1.18581 0.123629 -1.26218 0.626097 0.708632 
705 2.27714 -0.470444 -1.99858 0.113494 0.894362 
706 2.43123 -0.0474504 -2.52088 0.987557 1.1007 
707 1.99569 -0.774338 -2.55902 1.1415 1.69238 
708 1.52822 -0.133324 0.373486 -1.76268 -1.59669 
709 0.808061 -1.07359 -0.189587 0.443147 1.03093 
710 0.0743473 0.808175 0.564971 -1.56254 0.973416 
711 1.27735 -1.78783 1.15343 -0.781734 1.36221 
712 2.05789 1.25473 -1.88662 -0.545393 1.35773 
713 1.21088 -0.637246 -0.792417 0.624054 -0.522122 
714 0.6629 1.29936 0.787212 1.04572 0.707754 
715 1.64705 -1.6211 0.819536 -0.697442 1.3912 
716 0.512948 0.967037 -1.29732 0.236528 -0.864498 
717 0.293312 1.26402 -1.27552 0.518255 -0.67878 
718 1.54396 1.06422 -2.05583 -1.06163 1.25525 
719 0.587543 0.985432 -1.3125 0.287935 -0.899484 
720 0.840559 0.877347 0.181637 -1.19456 0.753885 
721 1.50978 1.08685 -2.03466 -1.12498 1.31736 
722 0.0461332 1.17039 0.460309 -1.64525 1.226 
723 1.651 -0.0438016 0.680602 -1.65849 -1.50936 
724 0.108596 -0.164241 1.55834 -1.36413 -1.13099 
725 0.0175146 1.02972 0.0695598 -1.22507 -1.04607 
726 1.52624 -1.5057 0.749995 0.319466 0.739048 
727 1.49176 0.166044 0.204589 1.39214 -1.49446 
728 1.43094 1.0509 -2.03998 -1.16032 1.35222 
729 1.69078 -0.026872 0.745436 -1.68025 -1.56813 
730 1.69033 -0.103402 0.753583 0.893804 -1.3694 
731 1.54504 0.198761 0.146863 1.38978 -1.54693 
732 2.25706 0.0817221 -2.33706 1.57699 1.37863 
733 1.00853 -1.02217 -0.252435 1.54226 1.03924 
734 1.66048 -1.21608 1.41215 1.25118 1.04954 
735 1.30228 0.309681 0.305651 1.2727 -1.50583 
736 1.71269 -1.62233 0.780844 -0.683638 1.45447 
737 0.643333 0.204775 0.98405 -1.43649 -0.678215 
738 1.50563 -0.223624 0.36506 -1.79806 -1.60026 
739 1.51476 -1.64023 0.565521 -0.985332 1.32132 
740 1.20746 -1.79134 1.19921 -0.809336 1.4096 
741 0.895317 0.847366 -0.737486 0.213986 -0.131258 
742 0.220524 1.28304 -1.32189 0.487934 -0.714426 
743 2.43971 -0.18698 -2.29421 1.19729 1.61219 
744 1.4817 -1.68855 0.569322 -1.01622 1.24646 
745 0.559754 1.17962 0.976867 -1.42673 1.13059 
746 1.34707 0.375755 0.302058 1.22323 -1.54002 
747 1.63588 -1.37251 0.784543 -1.08667 1.48623 
748 0.455534 1.24149 1.00368 -1.37524 1.17545 
749 0.897893 0.852928 0.141172 -1.23034 0.810444 
750 0.0190126 1.20439 -1.32982 0.558073 0.787598 
751 2.48145 -0.218141 -2.27081 1.24278 1.68052 
752 1.4821 -0.250604 0.276653 -1.79495 -1.63014 
753 1.05511 -1.01176 -0.254617 1.60786 1.09766 
754 0.341879 0.139815 1.34823 -1.17168 -0.885563 
755 0.401747 1.27947 1.05921 -1.42231 1.19454 
756 2.29007 -0.61711 -2.40403 0.46977 -0.064357 
757 1.28891 0.331045 0.353565 1.35588 -1.51803 
758 1.42115 -0.249607 0.291541 -1.85071 -1.68449 
759 0.392896 -1.23081 1.59614 0.692608 1.34115 
760 1.64214 -0.530451 -0.266679 1.29235 -0.764607 
761 0.114924 0.749406 0.538589 -1.62068 1.00211 
762 0.398201 1.22001 -1.20372 0.623443 -0.704629 
763 1.83164 1.3047 -2.12373 -0.687725 1.65445 
764 0.0014374 0.972158 -0.0284252 -1.34887 -1.15004 
765 0.857626 0.746809 1.12995 -1.41015 -0.87448 
766 0.583738 1.01964 -1.35437 0.324042 -0.97537 
767 1.66227 -1.14529 1.44016 1.0966 1.19351 
768 0.427554 1.31914 1.11622 -1.38795 1.25225 
769 0.483024 1.39062 1.0986 -1.35389 1.27077 
770 0.874548 0.806112 1.18242 -1.46848 -0.880901 
771 0.132696 0.697899 0.600001 -1.65907 1.04438 
772 1.70874 -1.0111 1.16304 1.18581 1.22805 
773 0.353732 1.31088 1.11611 -1.47394 1.16616 
774 1.4981 -1.73573 0.574981 -1.06847 1.1776 
775 0.446425 0.903697 -1.08875 0.168445 -0.278273 
776 1.12531 -1.80221 1.21316 -0.853479 1.44105 
777 0.212816 1.33839 -1.3782 0.486832 -0.775295 
778 0.731736 -0.667581 1.32051 0.162077 1.51872 
779 1.73986 0.0262625 0.706428 -1.68007 -1.6251 
780 0.751558 0.711504 -0.749966 0.274897 -0.0759489 
781 0.876026 0.875727 1.18684 -1.42665 -0.939059 
782 1.74896 0.0263283 0.776205 -1.65791 -1.69261 
783 0.444584 1.25646 1.12899 -1.36931 1.32485 
784 0.134558 1.33534 -1.42539 0.526339 -0.784152 
785 1.51841 1.13768 -2.05798 -1.18869 1.26502 
786 1.39986 0.43311 0.31207 1.16354 -1.55616 
787 0.01964 0.0537972 1.55127 -1.16427 -0.992585 
788 1.32977 -1.66455 0.600262 -1.04099 1.42131 
789 0.926272 0.796201 1.21718 -1.5252 -0.827978 
790 1.65743 -1.36845 0.843632 -1.13311 1.54844 
791 1.37806 0.484677 0.283834 1.14321 -1.63136 
792 0.978142 0.838859 1.29105 -1.52852 -0.823311 
793 0.415757 -1.12929 1.49079 0.53925 1.1392 
794 0.600764 1.08378 -1.33901 0.320317 -1.04849 
795 0.513225 1.4557 1.06642 -1.3066 1.31052 
796 0.35902 -0.634954 0.173606 1.31957 -1.59498 
797 0.116327 -0.204409 1.59071 -1.42626 -1.18947 
798 0.0990303 -0.237888 1.56546 -1.44706 -1.27613 
799 1.00561 0.900439 1.34799 -1.49982 -0.786061 
800 0.599669 1.09874 -1.41558 0.26693 -1.08108 
801 0.455268 0.130839 -1.30735 1.07899 0.0952931 
802 1.08887 -1.00892 -0.263247 1.66366 1.17292 
803 0.616083 1.14087 -1.45345 0.332699 -1.12794 
804 0.962548 -1.09362 -0.292276 1.53662 1.07332 
805 0.382136 -1.16979 1.51947 0.508334 1.06537 
806 0.450671 1.49917 1.06377 -1.28007 1.36957 
807 0.640213 -1.16389 0.536969 1.01466 -1.57144 
808 1.78595 0.100777 0.704711 -1.72789 -1.63088 
809 0.122878 -0.271606 1.62453 -1.50467 -1.3147 
810 0.625425 -1.22986 0.743691 0.9742 -1.55228 
811 0.693036 -1.21792 0.828866 1.17796 -1.66297 
812 0.631794 1.16256 -1.46711 0.261834 -1.19177 
813 2.32319 -0.57936 -2.51387 1.27269 1.30916 
814 1.0924 -1.84827 1.29286 -0.833102 1.43577 
815 0.448415 1.29154 -1.2395 0.654195 -0.692954 
816 0.0698194 0.629817 0.598212 -1.6958 1.05207 
817 0.0741655 1.19099 0.451221 -1.70505 1.29763 
818 0.453562 1.52607 1.13384 -1.21406 1.36925 
819 0.573452 1.0843 -1.51693 0.35614 -1.14803 
820 1.28594 0.317811 0.417039 1.42616 -1.54715 
821 1.09082 -0.655609 0.33941 1.10368 -1.17115 
822 1.71707 -0.983231 1.18346 1.22938 1.31074 
823 2.18551 0.119943 -2.25975 1.53539 1.60406 
824 0.625569 1.25036 -1.43955 0.240679 -1.22409 
825 0.499021 1.32712 -1.24464 0.713449 -0.744291 
826 0.0258283 0.600667 0.61999 -1.75096 1.11288 
827 1.13021 -1.0502 -0.284262 1.67424 1.2506 
828 0.119073 1.38464 -1.44128 0.583461 -0.845909 
829 0.0152032 1.25754 -1.33792 0.607292 0.855957 
830 1.82318 0.155379 0.732672 -1.7791 -1.67809 
831 0.32375 1.32248 1.14545 -1.53883 1.10375 
832 1.79335 -0.041514 0.796148 -1.63733 -1.74366 
833 0.0718979 1.34127 -1.47263 0.639215 -0.888367 
834 0.312123 -0.588559 0.226225 1.32568 -1.64829 
835 0.964904 0.910628 -0.714688 0.229672 -0.111514 
836 0.389789 1.2155 1.18664 -1.38385 1.3671 
837 1.79635 0.19218 0.769019 -1.82977 -1.74163 
838 0.515436 1.34287 -1.30085 0.789796 -0.766528 
839 1.59273 -1.53302 0.765854 0.351777 0.679574 
840 0.406687 1.57284 1.17426 -1.1678 1.41217 
841 1.58202 1.15036 -2.10747 -1.24651 1.2641 
842 0.698676 -1.25493 0.735399 0.931791 -1.59853 
843 2.32648 -0.514458 -1.92687 0.135342 0.891465 
844 0.631566 1.13848 -1.53478 0.199981 -1.22364 
845 0.022037 1.30763 -1.50838 0.708174 -0.907024 
846 1.8303 -0.103115 0.854726 -1.66133 -1.77251 
847 0.616335 1.11797 -1.58096 0.139078 -1.28285 
848 1.60508 1.15006 -2.14269 -1.32773 1.30449 
849 0.00760056 1.21894 0.398185 -1.70633 1.34205 
850 1.01429 0.961614 1.39016 -1.50172 -0.852394 
851 1.7554 0.199324 0.858954 -1.84007 -1.75044 
852 0.197506 -0.274767 1.67183 -1.49911 -1.36109 
853 0.00963458 1.34973 0.244169 0.783449 1.22774 
854 1.64074 1.21261 -2.10217 -1.38394 1.30835 
855 1.60491 -1.40758 0.817019 -0.469575 1.30978 
856 1.71315 -1.32836 0.803222 -1.19356 1.54874 
857 1.94389 -0.820437 -2.56303 1.20169 1.65296 
858 1.66585 -1.31508 0.817439 -1.26224 1.60038 
859 2.05338 1.33548 -1.88827 -0.511775 1.30949 
860 1.77484 -1.01147 1.16255 1.29254 1.34867 
861 1.99538 -0.822099 -2.49315 1.11959 1.74622 
862 1.65049 -1.31718 0.756253 -1.33505 1.62711 
863 0.591055 1.31727 -1.44061 0.181122 -1.25207 
864 0.0801503 0.560613 0.672003 -1.79035 1.07841 
865 1.89567 -0.808527 -2.47856 1.21894 1.64296 
866 0.472492 -0.826042 0.0734564 1.11127 -1.43085 
867 0.195174 -0.368111 1.69728 -1.52211 -1.35085 
868 0.621985 -1.20956 0.883273 1.21152 -1.69117 
869 1.05801 -1.8301 1.17091 -0.857968 1.4948 
870 1.39448 -0.122234 -1.05933 0.0883102 1.16688 
871 0.452782 1.62435 1.19434 -1.22316 1.45406 
872 0.0717142 0.497412 0.608337 -1.83365 1.07598 
873 0.274013 1.34896 1.22705 -1.54663 1.09346 
874 0.151537 -0.24791 1.7333 -1.49423 -1.41909 
875 1.55563 -1.72077 0.509865 -1.10849 1.15262 
876 1.50364 -0.264475 0.235905 -1.82557 -1.54801 
877 1.05249 0.998594 1.42874 -1.4308 -0.877989 
878 1.67043 -1.1964 1.48043 1.31389 1.07984 
879 1.49049 -0.29463 0.147938 -1.85489 -1.56589 
880 0.644779 1.06925 -1.65027 0.179311 -1.3027 
881 0.0344418 1.28522 -1.55505 0.768232 -0.966678 
882 0.600942 1.06085 -1.64366 0.214319 -1.38479 
883 0.995206 0.882751 1.43174 -1.53604 -0.750658 
884 0.111553 1.3816 -1.4533 0.455725 -0.74459 
885 1.04406 1.03271 1.35309 -1.55331 -0.856995 
886 0.251651 -0.541395 0.275893 1.34857 -1.68188 
887 1.06748 1.09458 1.37056 -1.59895 -0.913885 
888 0.510747 0.144518 -1.3381 1.14399 0.0557374 
889 0.324365 1.38133 1.11298 -1.58707 1.04758 
890 0.544728 0.0243415 -1.19416 0.841451 0.558595 
891 1.86018 -0.17279 0.908537 -1.69093 -1.79444 
892 0.466362 1.63114 1.19051 -1.16446 1.53349 
893 1.33598 -0.123702 -1.02602 0.072568 1.23912 
894 0.00390649 1.04271 -1.17929 0.293742 1.00048 
895 0.0348214 1.30799 -1.40988 0.650782 0.855541 
896 0.917048 -1.15215 -0.325121 1.59398 1.08491 
897 1.65731 -1.50396 0.784603 0.365045 0.612814 
898 1.53969 0.164112 0.141479 1.47108 -1.59311 
899 0.499853 0.490385 -0.109282 -0.95429 0.369495 
900 1.60773 1.28673 -2.0718 -1.43111 1.32474 
901 0.574326 -1.252 0.924528 1.24452 -1.74718 
902 0.712652 -0.627466 1.29915 0.177304 1.60439 
903 1.1839 -0.723415 -0.833146 0.612038 -0.528732 
904 1.65356 -1.28268 0.815978 -1.38663 1.67784 
905 0.200631 -0.480188 0.313395 1.38976 -1.70527 
906 0.231965 -0.395116 1.75373 -1.54538 -1.28612 
907 1.03085 -1.85807 1.1982 -0.931005 1.5438 
908 0.524469 -1.3253 0.938931 1.24816 -1.70336 
909 0.139682 1.16408 0.440633 -1.73438 1.36096 
910 2.21086 0.206121 -2.22247 1.55855 1.60618 
911 1.7024 -0.900937 1.16987 1.24074 1.36269 
912 0.92039 -1.20525 -0.362718 1.64362 1.02753 
913 1.70637 -1.21267 0.829475 -1.41052 1.7173 
914 0.518313 1.0338 -1.66014 0.182556 -1.41885 
915 0.247459 -0.433975 1.81222 -1.6044 -1.24946 
916 0.0873354 1.37233 -1.44198 0.68567 0.884791 
917 0.457555 1.05324 -1.71163 0.135286 -1.45118 
918 1.71879 -1.57339 0.781832 0.348622 0.579307 
919 0.469297 1.19789 1.23132 -1.39333 1.40291 
920 1.70745 -1.24814 1.52383 1.3753 1.06259 
921 1.21297 -0.755521 -0.840561 0.580115 -0.612694 
922 0.995298 1.12789 1.40085 -1.63249 -0.954353 
923 0.988489 1.21546 1.39963 -1.67613 -0.934855 
924 0.0637813 1.46904 -1.45669 0.448655 -0.747774 
925 1.44954 -0.379841 0.122719 -1.87507 -1.56149 
926 0.608065 1.44114 1.07181 -1.30198 1.33777 
927 0.628487 1.09269 -1.68848 0.285337 -1.41907 
928 0.713552 1.08847 -1.71403 0.274323 -1.46348 
929 0.580949 1.37023 -1.4414 0.109254 -1.20816 
930 0.324169 -0.447814 1.77421 -1.64924 -1.27111 
931 0.0107512 1.32325 0.894313 1.42843 0.397607 
932 2.13125 0.139566 -2.44888 1.48719 1.49512 
933 1.18214 -0.838259 -0.880784 0.60164 -0.623767 
934 0.999835 0.996856 -0.726659 0.19994 -0.129322 
935 1.56005 -0.0185839 -0.957111 0.0296287 0.932103 
936 0.172509 -0.421808 0.386102 1.40631 -1.72079 
937 1.87244 0.352454 -2.06105 -0.650174 0.230927 
938 0.0134416 1.22531 -1.59219 0.825432 -1.003 
939 1.24788 -0.866364 -0.910982 0.553126 -0.664057 
940 0.0150943 1.23044 -1.63691 0.890833 -1.06377 
941 2.06752 1.39002 -1.81996 -0.487657 1.26979 
942 0.0516224 1.38949 0.288221 0.802697 1.29366 
943 0.0699046 1.42048 -1.45251 0.747022 0.943975 
944 0.463749 -1.28366 1.00614 1.24267 -1.70908 
945 0.0275259 0.442396 0.60891 -1.83189 1.14682 
946 0.0804672 1.49266 -1.5166 0.770653 0.940468 
947 1.58389 -1.75976 0.438835 -1.12526 1.20115 
948 1.54045 -1.48069 1.23441 -0.827504 1.24631 
949 0.425889 1.64171 1.25181 -1.13582 1.59409 
950 1.37338 -0.319725 0.293701 -1.86652 -1.73496 
951 0.926899 0.86781 0.157536 -1.322 0.826763 
952 0.0218934 1.09244 0.102541 -1.18671 -1.10513 
953 0.541233 1.67362 1.23492 -1.14584 1.51705 
954 0.927349 1.27001 1.4277 -1.63795 -0.967119 
955 1.63581 0.638957 -2.19911 -0.764792 0.133609 
956 1.32912 -0.190994 -1.02604 0.00292639 1.26309 
957 0.340157 1.66866 1.28066 -1.15333 1.62209 
958 1.46449 -0.235081 0.0745731 -1.83606 -1.55953 
959 1.4297 -0.408449 0.0387817 -1.87848 -1.60309 
960 1.56694 0.155712 0.0566922 1.49805 -1.62876 
961 1.78648 0.227921 0.929963 -1.88435 -1.7156 
962 0.516575 -1.40706 0.969024 1.25082 -1.75175 
963 1.82991 0.234801 1.01542 -1.89912 -1.73895 
964 1.72581 -1.25862 1.60074 1.43508 1.05448 
965 0.0127197 1.54085 -1.48953 0.816049 0.957611 
966 1.22858 -0.830826 0.898358 0.324298 1.08833 
967 0.671459 -1.3039 0.703836 0.865279 -1.63649 
968 1.52488 0.582396 -1.97699 -0.537424 0.897914 
969 0.0455693 1.02325 -0.0639895 -1.40019 -1.18932 
970 0.0245266 1.03403 -0.139357 -1.44135 -1.23478 
971 1.3631 0.477972 0.258274 1.08233 -1.70465 
972 0.423818 -1.28836 1.00271 1.32461 -1.66835 
973 0.0723864 -0.215081 1.72868 -1.51603 -1.46557 
974 1.09189 -1.92656 1.27186 -0.84613 1.37868 
975 0.667378 -1.36141 0.716631 0.789046 -1.61002 
976 1.27055 -0.878122 -0.962779 0.519929 -0.738639 
977 1.55883 -1.51259 1.31456 -0.831236 1.19933 
978 0.0128064 1.34838 0.317871 0.875871 1.31753 
979 1.09723 1.05614 1.45851 -1.37563 -0.905519 
980 0.174051 0.76179 -0.473455 -1.04748 0.309448 
981 1.712 -1.43092 0.801249 0.336178 0.589086 
982 0.496831 -1.45388 1.03855 1.20958 -1.78145 
983 0.0585619 1.17634 -1.41049 0.543551 0.757098 
984 2.2728 0.164508 -2.33003 1.60869 1.33568 
985 0.158129 -0.413727 0.387107 1.47699 -1.652 
986 1.53636 -1.28027 0.754755 -0.502027 1.47742 
987 1.69073 0.660427 -2.05998 -0.829477 0.23144 
988 1.80601 -0.823594 -2.46446 1.22703 1.68131 
989 0.00620583 1.28677 0.936856 1.50146 0.436415 
990 1.90723 1.27936 -2.15607 -0.655895 1.69425 
991 0.755393 0.101248 0.42686 -1.40926 -0.860309 
992 1.83176 0.317345 1.02487 -1.88734 -1.79331 
993 1.60456 -1.45796 1.37804 -0.820593 1.17138 
994 1.72775 0.728887 -2.02056 -0.850156 0.187154 
995 0.846851 1.30682 1.46049 -1.67096 -0.966908 
996 1.12343 -0.607696 -0.87644 0.708121 0.728818 
997 2.18379 0.269522 -2.25425 1.61036 1.6456 
998 1.21597 -1.00125 -0.282182 1.67887 1.23562 
999 0.407347 -1.27339 1.08236 1.36885 -1.63367 
1000 1.687 -0.838716 1.2175 1.29226 1.3938 
1001 0.0930247 -0.158979 1.78302 -1.54934 -1.51419 
1002 1.37928 -1.52538 0.805697 0.342427 0.863611 
1003 1.35288 -0.072291 0.219894 1.22337 -1.37782 
1004 2.0518 1.43008 -1.84941 -0.403923 1.25338 
1005 2.31081 -0.545557 -1.90981 0.067145 0.953476 
1006 0.646732 1.41766 -1.48178 0.0738909 -1.23144 
1007 0.0424585 -0.126404 1.79344 -1.5936 -1.57988 
1008 1.84619 -0.229605 0.969232 -1.69301 -1.84818 
1009 1.58883 0.17245 0.0228585 1.55939 -1.69459 
1010 1.37525 -0.432621 -0.0393433 -1.88582 -1.62023 
