1 4 1 20 4 0 0.00104794 0 14 0 0 14 0 
2 7 1 20 7 3 0.0018339 0 28 0 0 28 1 
3 54 1 20 54 7.28892 0.0141472 9 42 0 0 51 3 
4 64 1 20 64 10.2889 0.0167671 14 56 0 0 70 6 
5 66 1 20 66 13.2889 0.0172911 15 70 0 0 85 10 
6 77 1 20 77 16.2889 0.0201729 20 84 0 0 104 15 
7 77 1 20 77 16.2889 0.0201729 20 98 0 0 118 21 
8 93 1 20 93 20.6207 0.0243647 32 112 0 0 144 28 
9 103 1 20 103 33.338 0.0269845 40 126 0 0 166 36 
10 112 1 20 112 39.338 0.0293424 48 140 0 0 188 44 
11 134 1 20 134 42.7487 0.0351061 55 154 0 0 209 52 
12 140 1 20 140 60.0994 0.036678 56 168 0 0 224 61 
13 141 1 20 141 65.635 0.03694 57 182 0 0 239 70 
14 141 1 20 141 65.635 0.03694 64 196 0 0 260 79 
15 149 1 20 149 67.5955 0.0390359 72 210 0 0 282 88 
16 161 1 20 161 57.4898 0.0421797 82 224 0 0 306 98 
17 161 1 20 161 57.4898 0.0421797 83 238 0 0 321 108 
18 163 1 20 163 60.4898 0.0427037 84 257 0 0 341 118 
19 226 1 20 226 72.6583 0.0592088 99 276 0 1 376 128 
20 230 1 20 230 70.8139 0.0602567 103 295 0 2 400 138 
21 230 1 20 230 70.8139 0.0602567 111 314 0 3 428 148 
22 231 1 20 231 76.7967 0.0605187 111 333 0 4 448 159 
23 253 1 20 253 90.6429 0.0662824 124 352 0 5 481 170 
24 267 1 20 267 93.6429 0.0699502 127 371 0 6 504 181 
25 270 1 20 270 90.0793 0.0707362 127 390 0 7 524 192 
26 279 1 20 279 93.0793 0.0730941 129 409 0 8 546 203 
27 279 1 20 279 93.0793 0.0730941 129 428 0 9 566 214 
28 308 1 20 308 129.423 0.0806916 142 447 0 12 601 225 
29 308 1 20 308 129.423 0.0806916 146 466 0 14 626 236 
30 330 1 20 330 103.153 0.0864553 153 485 0 16 654 248 
31 361 1 20 361 112.434 0.0945769 164 504 0 18 686 260 
32 377 1 20 377 133.974 0.0987687 167 523 0 22 712 272 
33 381 1 20 381 140.787 0.0998166 168 542 0 28 738 284 
34 381 1 20 381 140.787 0.0998166 170 561 0 34 765 296 
35 381 1 20 381 140.787 0.0998166 179 580 0 40 799 308 
36 382 1 20 382 168.772 0.100079 181 599 0 47 827 320 
37 387 1 20 387 147.228 0.101389 189 618 0 55 862 332 
38 389 1 20 389 189.716 0.101912 189 632 0 61 882 344 
39 400 1 20 400 212.219 0.104794 191 646 0 68 905 356 
40 410 1 20 410 207.39 0.107414 194 660 0 76 930 369 
41 448 1 20 448 210.39 0.11737 203 674 0 85 962 382 
42 449 1 20 449 213.39 0.117632 209 688 0 95 992 395 
43 449 1 20 449 213.39 0.117632 212 702 0 108 1022 408 
44 449 1 20 449 212.391 0.117632 212 716 0 118 1046 421 
45 459 1 20 459 260.742 0.120252 214 730 0 128 1072 434 
46 463 1 20 463 262.354 0.121299 216 744 0 139 1099 447 
47 467 1 20 467 225.102 0.122347 217 758 0 152 1127 460 
48 480 1 20 480 293.832 0.125753 220 772 0 181 1173 473 
49 482 1 20 482 251.947 0.126277 235 786 0 206 1227 486 
50 482 1 20 482 251.947 0.126277 242 800 0 228 1270 499 
51 489 1 20 489 281.964 0.128111 253 814 0 253 1320 512 
52 489 1 20 489 250.689 0.128111 255 828 0 304 1387 525 
53 491 1 20 491 290.601 0.128635 266 842 0 356 1464 538 
54 509 1 20 509 304.867 0.133351 271 856 0 376 1503 552 
55 529 1 20 529 312.627 0.138591 278 870 0 438 1586 566 
56 541 1 20 541 325.584 0.141734 281 884 0 518 1683 580 
57 544 1 20 544 323.827 0.14252 282 898 0 626 1806 594 
58 550 1 20 550 349.215 0.144092 283 912 0 726 1921 608 
59 552 1 20 552 359.305 0.144616 288 926 0 836 2050 622 
60 552 1 20 552 359.305 0.144616 290 940 0 947 2177 636 
61 552 1 20 552 358.603 0.144616 290 954 0 1060 2304 650 
62 568 1 20 568 341.494 0.148808 304 968 0 1197 2469 664 
63 593 1 20 593 392.201 0.155358 311 982 0 1343 2636 678 
64 602 1 20 602 389.936 0.157715 316 996 0 1534 2846 692 
65 607 1 20 607 300.021 0.159025 318 1010 0 1658 2986 706 
66 607 1 20 607 300.021 0.159025 318 1024 0 1774 3116 720 
67 607 1 20 607 300.021 0.159025 319 1038 0 1877 3234 734 
68 634 1 20 634 334.783 0.166099 324 1052 0 1978 3354 748 
69 634 1 20 634 334.783 0.166099 330 1066 0 2096 3492 762 
70 646 1 20 646 356.712 0.169243 341 1088 0 2220 3649 776 
71 656 1 20 656 334.686 0.171863 350 1110 0 2299 3759 790 
72 657 1 20 657 346.144 0.172125 357 1132 0 2467 3956 804 
73 700 1 20 700 423.14 0.18339 371 1154 0 2609 4134 818 
74 700 1 20 700 421.909 0.18339 376 1176 0 2746 4298 833 
75 709 1 20 709 417.206 0.185748 386 1198 0 2960 4544 848 
76 709 1 20 709 332.813 0.185748 391 1220 0 3110 4721 863 
77 709 1 20 709 332.813 0.185748 394 1242 0 3270 4906 878 
78 710 1 20 710 356.705 0.18601 395 1264 0 3503 5162 893 
79 746 1 20 746 400.903 0.195441 412 1286 0 3594 5292 908 
80 746 1 20 746 372.297 0.195441 428 1308 0 3786 5522 923 
81 784 1 20 784 394.388 0.205397 439 1330 0 3951 5720 938 
82 787 1 20 787 377.577 0.206183 443 1352 0 4060 5855 953 
83 788 1 20 788 412.167 0.206445 443 1374 0 4138 5955 968 
84 788 1 20 788 378.749 0.206445 446 1396 0 4240 6082 983 
85 790 1 20 790 368.13 0.206969 447 1418 0 4507 6372 998 
86 791 1 20 791 409.986 0.207231 450 1440 0 4755 6645 1013 
87 791 1 20 791 409.986 0.207231 461 1462 0 4849 6772 1028 
88 794 1 20 794 434.984 0.208017 466 1484 0 4885 6835 1043 
89 797 1 20 797 413.964 0.208803 470 1506 0 4923 6899 1058 
90 797 1 20 797 413.964 0.208803 472 1528 0 4962 6962 1073 
91 797 1 20 797 413.964 0.208803 485 1550 0 4990 7025 1088 
92 842 1 20 842 526.011 0.220592 491 1572 0 5105 7168 1103 
93 922 1 20 922 468.346 0.241551 509 1594 0 5151 7254 1118 
94 922 1 20 922 434.82 0.241551 513 1616 0 5195 7324 1133 
95 931 1 20 931 515.838 0.243909 519 1638 0 5443 7600 1148 
96 949 1 20 949 434.109 0.248625 534 1660 0 5527 7721 1163 
97 949 1 20 949 434.109 0.248625 549 1682 0 5579 7810 1178 
98 949 1 20 949 434.109 0.248625 560 1704 0 5717 7981 1193 
99 971 1 20 971 490.662 0.254388 565 1726 0 5966 8257 1208 
100 971 1 20 971 490.662 0.254388 565 1748 0 6536 8849 1224 
101 971 1 20 971 490.662 0.254388 574 1770 0 7212 9556 1240 
102 1070 1 20 1070 523.046 0.280325 599 1792 0 8182 10573 1256 
103 1128 1 20 1128 478.625 0.29552 611 1814 0 8454 10879 1272 
104 1151 1 20 1151 524.409 0.301546 617 1836 0 9051 11504 1288 
105 1151 1 20 1151 477.115 0.301546 628 1858 0 9277 11763 1304 
106 1151 1 20 1151 477.115 0.301546 628 1880 0 9530 12038 1320 
107 1151 1 20 1151 477.115 0.301546 637 1897 0 9810 12344 1336 
108 1151 1 20 1151 477.115 0.301546 639 1914 0 11142 13695 1352 
109 1155 1 20 1155 518.222 0.302594 640 1931 0 12132 14703 1368 
110 1159 1 20 1159 610.5 0.303642 641 1948 0 12387 14976 1384 
111 1232 1 20 1232 528.994 0.322767 663 1965 0 13380 16008 1400 
112 1232 1 20 1232 528.994 0.322767 663 1982 0 13729 16374 1416 
113 1242 1 20 1242 545.425 0.325386 665 1999 0 14308 16972 1432 
114 1251 1 20 1251 496.805 0.327744 668 2016 0 15007 17691 1448 
115 1254 1 20 1254 552.48 0.32853 689 2033 0 17567 20289 1464 
116 1255 1 20 1255 599.026 0.328792 690 2050 0 18073 20813 1480 
117 1265 1 20 1265 586.921 0.331412 696 2067 0 19472 22235 1496 
118 1272 1 20 1272 581.302 0.333246 699 2084 0 21417 24200 1512 
119 1278 1 20 1278 620.054 0.334818 703 2101 0 23907 26711 1528 
120 1296 1 20 1296 658.463 0.339534 709 2118 0 25743 28570 1544 
121 1296 1 20 1296 575.249 0.339534 715 2135 0 26528 29378 1560 
122 1300 1 20 1300 590.353 0.340582 724 2152 0 31221 34097 1576 
123 1305 1 20 1305 658.336 0.341892 726 2169 0 33967 36862 1592 
124 1306 1 20 1306 707.489 0.342154 729 2186 0 36490 39405 1608 
125 1307 1 20 1307 768.079 0.342416 756 2203 0 39524 42483 1624 
126 1307 1 20 1307 669.209 0.342416 759 2220 0 40260 43239 1640 
127 1307 1 20 1307 619.533 0.342416 761 2237 0 41388 44386 1656 
128 1322 1 20 1322 678.736 0.346345 764 2254 0 43301 46319 1672 
129 1322 1 20 1322 678.736 0.346345 777 2271 0 44251 47299 1688 
130 1333 1 20 1333 680.412 0.349227 788 2288 0 49361 52437 1704 
131 1335 1 20 1335 566.577 0.349751 798 2305 0 50001 53104 1720 
132 1342 1 20 1342 635.697 0.351585 802 2322 0 50669 53793 1736 
133 1350 1 20 1350 643.345 0.353681 806 2339 0 51258 54403 1752 
134 1352 1 20 1352 682.208 0.354205 810 2356 0 52682 55848 1768 
135 1352 1 20 1352 601.026 0.354205 810 2373 0 53736 56919 1785 
136 1362 1 20 1362 603.286 0.356825 812 2390 0 55943 59145 1802 
137 1377 1 20 1377 652.915 0.360755 815 2407 0 56926 60148 1819 
138 1384 1 20 1384 769.937 0.362588 825 2424 0 61509 64758 1836 
139 1385 1 20 1385 590.807 0.36285 833 2441 0 64451 67725 1853 
140 1385 1 20 1385 590.807 0.36285 834 2466 0 70892 74192 1870 
141 1386 1 20 1386 808.028 0.363112 839 2491 0 77382 80712 1887 
142 1386 1 20 1386 644.473 0.363112 842 2516 0 81055 84413 1904 
143 1386 1 20 1386 635.353 0.363112 842 2541 0 84600 87983 1921 
144 1416 1 20 1416 695.752 0.370972 852 2566 0 88007 91425 1938 
145 1416 1 20 1416 695.752 0.370972 852 2591 0 92142 95585 1955 
146 1496 1 20 1496 726.581 0.391931 876 2616 0 94264 97756 1972 
147 1529 1 20 1529 606.711 0.400576 907 2641 0 95599 99147 1989 
148 1546 1 20 1546 790.54 0.40503 911 2666 0 101743 105320 2006 
149 1556 1 20 1556 651.026 0.40765 917 2691 0 103129 106737 2023 
150 1563 1 20 1563 710.422 0.409484 923 2716 0 106223 109862 2040 
151 1566 1 20 1566 712.615 0.41027 927 2741 0 108258 111926 2057 
152 1567 1 20 1567 781.558 0.410532 932 2766 0 122730 126428 2074 
153 1567 1 20 1567 750.944 0.410532 934 2791 0 133432 137157 2091 
154 1567 1 20 1567 714.148 0.410532 966 2816 0 152071 155853 2108 
155 1567 1 20 1567 714.148 0.410532 967 2841 0 154904 158712 2125 
156 1574 1 20 1574 697.662 0.412366 973 2866 0 157703 161542 2142 
157 1585 1 20 1585 733.614 0.415248 979 2891 0 161803 165673 2159 
158 1589 1 20 1589 708.395 0.416296 981 2916 0 166048 169945 2176 
159 1590 1 20 1590 786.556 0.416558 992 2941 0 168792 172725 2193 
160 1591 1 20 1591 804.337 0.416819 993 2966 0 191513 195472 2210 
161 1595 1 20 1595 774.573 0.417867 997 2991 0 192600 196588 2227 
162 1596 1 20 1596 760.393 0.418129 997 3016 0 200351 204364 2244 
163 1599 1 20 1599 763.312 0.418915 998 3041 0 204047 208086 2261 
164 1599 1 20 1599 763.312 0.418915 998 3066 0 210530 214594 2278 
165 1620 1 20 1620 780.797 0.424417 1007 3091 0 215256 219354 2295 
166 1687 1 20 1687 768.914 0.44197 1023 3116 0 218118 222257 2312 
167 1687 1 20 1687 756.092 0.44197 1024 3141 0 234870 239035 2329 
168 1687 1 20 1687 756.092 0.44197 1025 3166 0 245192 249383 2346 
169 1687 1 20 1687 756.092 0.44197 1026 3191 0 258291 262508 2363 
170 1731 1 20 1731 733.572 0.453497 1040 3216 0 265982 270238 2380 
171 1768 1 20 1768 700.574 0.463191 1060 3241 0 275770 280071 2397 
172 1768 1 20 1768 700.574 0.463191 1074 3266 0 280037 284377 2414 
173 1768 1 20 1768 700.574 0.463191 1075 3291 0 291883 296249 2431 
174 1768 1 20 1768 654.696 0.463191 1075 3315 0 306664 311054 2448 
175 1770 1 20 1770 819.447 0.463715 1078 3339 0 320173 324590 2465 
176 1771 1 20 1771 743.931 0.463977 1082 3363 0 322705 327150 2482 
177 1774 1 20 1774 841.43 0.464763 1091 3387 0 326153 330631 2499 
178 1784 1 20 1784 742.274 0.467383 1106 3411 0 333456 337973 2516 
179 1788 1 20 1788 926.83 0.468431 1116 3435 0 339985 344536 2533 
180 1791 1 20 1791 895.057 0.469217 1121 3459 0 352714 357294 2550 
181 1808 1 20 1808 808.927 0.47367 1129 3483 0 358524 363136 2567 
182 1808 1 20 1808 808.927 0.47367 1133 3507 0 370812 375452 2584 
183 1814 1 20 1814 880.573 0.475242 1142 3531 0 386709 391382 2601 
184 1816 1 20 1816 752.158 0.475766 1145 3555 0 390607 395307 2619 
185 1823 1 20 1823 726.97 0.4776 1151 3579 0 429030 433760 2637 
186 1823 1 20 1823 726.97 0.4776 1160 3603 0 445909 450672 2655 
187 1823 1 20 1823 726.97 0.4776 1164 3627 0 466585 471376 2673 
188 1823 1 20 1823 721.716 0.4776 1167 3651 0 485528 490346 2691 
189 1823 1 20 1823 721.716 0.4776 1170 3675 0 493874 498719 2709 
190 1823 1 20 1823 721.716 0.4776 1177 3699 0 557339 562215 2727 
191 1823 1 20 1823 721.716 0.4776 1179 3723 0 571749 576651 2745 
192 1836 1 20 1836 871.317 0.481006 1211 3747 0 634532 639490 2763 
193 1836 1 20 1836 864.295 0.481006 1245 3771 0 656428 661444 2781 
194 1839 1 20 1839 868.91 0.481792 1257 3795 0 677553 682605 2799 
195 1839 1 20 1839 868.91 0.481792 1259 3819 0 685261 690339 2817 
196 1850 1 20 1850 857.333 0.484674 1268 3843 0 692054 697165 2835 
197 1850 1 20 1850 800.84 0.484674 1278 3867 0 706313 711458 2853 
198 1851 1 20 1851 781.759 0.484936 1287 3891 0 711474 716652 2871 
199 1851 1 20 1851 781.759 0.484936 1287 3915 0 733008 738210 2889 
200 1854 1 20 1854 832.647 0.485722 1290 3939 0 761986 767215 2907 
201 1855 1 20 1855 925.9 0.485984 1303 3963 0 771770 777036 2925 
202 1855 1 20 1855 837.094 0.485984 1307 3987 0 829681 834975 2943 
203 1855 1 20 1855 836.734 0.485984 1310 4011 0 858859 864180 2961 
204 1855 1 20 1855 836.734 0.485984 1310 4035 0 872291 877636 2979 
205 1855 1 20 1855 836.734 0.485984 1318 4059 0 893479 898856 2997 
206 1855 1 20 1855 836.734 0.485984 1330 4083 0 917911 923324 3015 
207 1855 1 20 1855 836.734 0.485984 1330 4107 0 1055934 1061371 3033 
208 1856 1 20 1856 1035.37 0.486246 1339 4126 0 1105079 1110544 3051 
209 1856 1 20 1856 923.484 0.486246 1340 4145 0 1191304 1196789 3069 
210 1857 1 20 1857 836.454 0.486508 1344 4164 0 1207894 1213402 3087 
211 1857 1 20 1857 836.454 0.486508 1346 4183 0 1223420 1228949 3105 
212 1857 1 20 1857 836.454 0.486508 1358 4202 0 1250937 1256497 3123 
213 1867 1 20 1867 927.386 0.489128 1365 4221 0 1268270 1273856 3141 
214 1871 1 20 1871 856.802 0.490176 1369 4240 0 1294565 1300174 3159 
215 1902 1 20 1902 896.852 0.498297 1383 4259 0 1316070 1321712 3177 
216 1902 1 20 1902 896.852 0.498297 1397 4278 0 1352538 1358213 3195 
217 1948 1 20 1948 992.646 0.510348 1414 4297 0 1410993 1416704 3213 
218 1948 1 20 1948 852.967 0.510348 1428 4316 0 1439612 1445356 3231 
219 1950 1 20 1950 811.113 0.510872 1460 4335 0 1465859 1471654 3249 
220 1950 1 20 1950 811.113 0.510872 1468 4354 0 1558316 1564138 3267 
221 1950 1 20 1950 811.113 0.510872 1469 4373 0 1592889 1598731 3285 
222 1950 1 20 1950 811.113 0.510872 1469 4392 0 1633514 1639375 3303 
223 1953 1 20 1953 979.378 0.511658 1470 4411 0 1705576 1711457 3321 
224 1953 1 20 1953 914.737 0.511658 1470 4430 0 1715656 1721556 3339 
225 1960 1 20 1960 1001.1 0.513492 1475 4449 0 1732221 1738145 3357 
