1 4 0.01 8.91 4 0 0.00104794 0 14 0 0 14 0 
6 77 0.0585198 8.47332 61 8.53038 0.0159811 20 84 0 0 104 15 
26 279 0.229957 6.93039 168 31.58 0.0440136 129 409 0 2 540 203 
46 463 0.370176 5.66841 229 36.5838 0.0599948 216 744 0 9 969 447 
56 541 0.430399 5.12641 268 68.7107 0.0702122 281 884 0 16 1181 580 
63 593 0.469094 4.77815 326 123.44 0.0854074 311 982 0 26 1319 678 
70 646 0.505161 4.45355 383 133.701 0.100341 341 1088 0 37 1466 776 
78 710 0.54339 4.10949 451 138.776 0.118156 395 1264 0 47 1706 893 
85 790 0.57441 3.83031 569 186.601 0.14907 447 1418 0 64 1929 998 
95 931 0.615104 3.46406 605 181.18 0.158501 519 1638 0 80 2237 1148 
99 971 0.63027 3.32757 677 185.376 0.177364 565 1726 0 97 2388 1208 
102 1070 0.641252 3.22873 705 133.308 0.1847 599 1792 0 116 2507 1256 
103 1128 0.644839 3.19645 783 142.563 0.205135 611 1814 0 136 2561 1272 
111 1232 0.672277 2.9495 862 182.714 0.225832 663 1965 0 159 2787 1400 
116 1255 0.688339 2.80495 869 164.943 0.227666 690 2050 0 184 2924 1480 
117 1265 0.691455 2.7769 925 170.02 0.242337 696 2067 0 222 2985 1496 
123 1305 0.709511 2.6144 960 169.751 0.251506 726 2169 0 262 3157 1592 
129 1322 0.726511 2.4614 966 155.184 0.253078 777 2271 0 303 3351 1688 
130 1333 0.729246 2.43679 996 161.069 0.260938 788 2288 0 352 3428 1704 
134 1352 0.739914 2.34077 1008 173.164 0.264082 810 2356 0 442 3608 1768 
136 1362 0.74509 2.29419 1022 163.08 0.26775 812 2390 0 565 3767 1802 
137 1377 0.747639 2.27125 1041 165.736 0.272727 815 2407 0 686 3908 1819 
139 1385 0.752661 2.22605 1043 174.301 0.273251 833 2441 0 1015 4289 1853 
140 1385 0.755135 2.20379 1057 181.089 0.276919 834 2466 0 1288 4588 1870 
144 1416 0.764783 2.11695 1091 173.917 0.285827 852 2566 0 1601 5019 1938 
146 1496 0.769464 2.07482 1153 171.76 0.30207 876 2616 0 2085 5577 1972 
147 1529 0.77177 2.05407 1184 171.238 0.310191 907 2641 0 2412 5960 1989 
148 1546 0.774052 2.03353 1199 169.348 0.314121 911 2666 0 2851 6428 2006 
149 1556 0.776311 2.0132 1213 172.433 0.317789 917 2691 0 3932 7540 2023 
150 1563 0.778548 1.99307 1218 172.382 0.319099 923 2716 0 4799 8438 2040 
151 1566 0.780763 1.97314 1223 170.364 0.320409 927 2741 0 5361 9029 2057 
152 1567 0.782955 1.9534 1242 167.991 0.325386 932 2766 0 6150 9848 2074 
156 1574 0.791508 1.87643 1248 176.547 0.326958 973 2866 0 15174 19013 2142 
157 1585 0.793592 1.85767 1258 175.897 0.329578 979 2891 0 21547 25417 2159 
158 1589 0.795657 1.83909 1269 173.932 0.33246 981 2916 0 31986 35883 2176 
160 1591 0.799723 1.80249 1273 176.311 0.333508 993 2966 0 62132 66091 2210 
161 1595 0.801726 1.78447 1291 178.676 0.338224 997 2991 0 130247 134235 2227 
164 1599 0.807615 1.73147 1295 173.574 0.339272 998 3066 0 148614 152678 2278 
165 1620 0.809538 1.71415 1320 177.655 0.345821 1007 3091 0 219764 223862 2295 
166 1687 0.811443 1.69701 1377 177.101 0.360755 1023 3116 0 437206 441345 2312 
169 1687 0.817043 1.64661 1394 179.993 0.365208 1026 3191 0 544644 548861 2363 
170 1731 0.818873 1.63014 1427 173.854 0.373854 1040 3216 0 773992 778248 2380 
171 1768 0.820684 1.61384 1451 175.397 0.380141 1060 3241 0 1021608 1025909 2397 
