1 4 1 13 4 0 0.00104794 0 14 0 0 14 0 
2 7 1 13 7 3 0.0018339 0 28 0 0 28 1 
3 54 1 13 54 7.28892 0.0141472 9 42 0 0 51 3 
4 64 1 13 64 10.2889 0.0167671 14 56 0 0 70 6 
5 66 1 13 66 13.2889 0.0172911 15 70 0 0 85 10 
6 77 1 13 77 16.2889 0.0201729 20 84 0 0 104 15 
7 77 1 13 77 16.2889 0.0201729 20 98 0 0 118 21 
8 93 1 13 93 20.6207 0.0243647 32 112 0 0 144 28 
9 103 1 13 103 33.338 0.0269845 40 126 0 0 166 36 
10 112 1 13 112 39.338 0.0293424 48 140 0 0 188 44 
11 134 1 13 134 42.7487 0.0351061 55 154 0 0 209 52 
12 140 1 13 140 60.0994 0.036678 56 168 0 0 224 61 
13 141 1 13 141 65.635 0.03694 57 182 0 0 239 70 
14 141 1 13 141 65.635 0.03694 64 196 0 0 260 79 
15 149 1 13 149 67.5955 0.0390359 72 210 0 0 282 88 
16 161 1 13 161 57.4898 0.0421797 82 224 0 0 306 98 
17 161 1 13 161 57.4898 0.0421797 83 238 0 0 321 108 
18 163 1 13 163 60.4898 0.0427037 84 257 0 0 341 118 
19 226 1 13 226 72.6583 0.0592088 99 276 0 0 375 128 
20 230 1 13 230 70.8139 0.0602567 103 295 0 1 399 138 
21 230 1 13 230 70.8139 0.0602567 111 314 0 2 427 148 
22 231 1 13 231 76.7967 0.0605187 111 333 0 3 447 159 
23 253 1 13 253 90.6429 0.0662824 124 352 0 4 480 170 
24 267 1 13 267 93.6429 0.0699502 127 371 0 5 503 181 
25 270 1 13 270 90.0793 0.0707362 127 390 0 6 523 192 
26 279 1 13 279 93.0793 0.0730941 129 409 0 8 546 203 
27 279 1 13 279 93.0793 0.0730941 129 428 0 10 567 214 
28 308 1 13 308 129.423 0.0806916 142 447 0 12 601 225 
29 308 1 13 308 129.423 0.0806916 146 466 0 14 626 236 
30 330 1 13 330 103.153 0.0864553 153 485 0 16 654 248 
31 361 1 13 361 112.434 0.0945769 164 504 0 19 687 260 
32 377 1 13 377 133.974 0.0987687 167 523 0 23 713 272 
33 381 1 13 381 140.787 0.0998166 168 542 0 29 739 284 
34 381 1 13 381 140.787 0.0998166 170 561 0 35 766 296 
35 381 1 13 381 140.787 0.0998166 179 580 0 41 800 308 
36 382 1 13 382 168.772 0.100079 181 599 0 49 829 320 
37 387 1 13 387 147.228 0.101389 189 618 0 57 864 332 
38 389 1 13 389 189.716 0.101912 189 632 0 64 885 344 
39 400 1 13 400 212.219 0.104794 191 646 0 71 908 356 
40 410 1 13 410 207.39 0.107414 194 660 0 79 933 369 
41 448 1 13 448 210.39 0.11737 203 674 0 87 964 382 
42 449 1 13 449 213.39 0.117632 209 688 0 97 994 395 
43 449 1 13 449 213.39 0.117632 212 702 0 110 1024 408 
44 449 1 13 449 212.391 0.117632 212 716 0 120 1048 421 
45 459 1 13 459 260.742 0.120252 214 730 0 130 1074 434 
46 463 1 13 463 262.354 0.121299 216 744 0 141 1101 447 
47 467 1 13 467 225.102 0.122347 217 758 0 154 1129 460 
48 480 1 13 480 293.832 0.125753 220 772 0 182 1174 473 
49 482 1 13 482 251.947 0.126277 235 786 0 207 1228 486 
50 482 1 13 482 251.947 0.126277 242 800 0 229 1271 499 
51 489 1 13 489 281.964 0.128111 253 814 0 254 1321 512 
52 489 1 13 489 250.689 0.128111 255 828 0 305 1388 525 
53 491 1 13 491 290.601 0.128635 266 842 0 357 1465 538 
54 509 1 13 509 304.867 0.133351 271 856 0 376 1503 552 
55 529 1 13 529 312.627 0.138591 278 870 0 436 1584 566 
56 541 1 13 541 325.584 0.141734 281 884 0 515 1680 580 
57 544 1 13 544 323.827 0.14252 282 898 0 622 1802 594 
58 550 1 13 550 349.215 0.144092 283 912 0 721 1916 608 
59 552 1 13 552 359.305 0.144616 288 926 0 831 2045 622 
60 552 1 13 552 359.305 0.144616 290 940 0 940 2170 636 
61 552 1 13 552 358.603 0.144616 290 954 0 1052 2296 650 
62 568 1 13 568 341.494 0.148808 304 968 0 1186 2458 664 
63 593 1 13 593 392.201 0.155358 311 982 0 1331 2624 678 
64 602 1 13 602 389.936 0.157715 316 996 0 1520 2832 692 
65 607 1 13 607 300.021 0.159025 318 1010 0 1643 2971 706 
66 607 1 13 607 300.021 0.159025 318 1024 0 1758 3100 720 
67 607 1 13 607 300.021 0.159025 319 1038 0 1861 3218 734 
68 634 1 13 634 334.783 0.166099 324 1052 0 1962 3338 748 
69 634 1 13 634 334.783 0.166099 330 1066 0 2080 3476 762 
70 646 1 13 646 356.712 0.169243 341 1088 0 2203 3632 776 
71 656 1 13 656 334.686 0.171863 350 1110 0 2281 3741 790 
72 657 1 13 657 346.144 0.172125 357 1132 0 2442 3931 804 
73 700 1 13 700 423.14 0.18339 371 1154 0 2583 4108 818 
74 700 1 13 700 421.909 0.18339 376 1176 0 2719 4271 833 
75 709 1 13 709 417.206 0.185748 386 1198 0 2935 4519 848 
76 709 1 13 709 332.813 0.185748 391 1220 0 3086 4697 863 
77 709 1 13 709 332.813 0.185748 394 1242 0 3245 4881 878 
78 710 1 13 710 356.705 0.18601 395 1264 0 3472 5131 893 
79 746 1 13 746 400.903 0.195441 412 1286 0 3565 5263 908 
80 746 1 13 746 372.297 0.195441 428 1308 0 3757 5493 923 
81 784 1 13 784 394.388 0.205397 439 1330 0 3925 5694 938 
82 787 1 13 787 377.577 0.206183 443 1352 0 4034 5829 953 
83 788 1 13 788 412.167 0.206445 443 1374 0 4111 5928 968 
84 788 1 13 788 378.749 0.206445 446 1396 0 4213 6055 983 
85 790 1 13 790 368.13 0.206969 447 1418 0 4473 6338 998 
86 791 1 13 791 409.986 0.207231 450 1440 0 4721 6611 1013 
87 791 1 13 791 409.986 0.207231 461 1462 0 4814 6737 1028 
88 794 1 13 794 434.984 0.208017 466 1484 0 4849 6799 1043 
89 797 1 13 797 413.964 0.208803 470 1506 0 4887 6863 1058 
90 797 1 13 797 413.964 0.208803 472 1528 0 4925 6925 1073 
91 797 1 13 797 413.964 0.208803 485 1550 0 4953 6988 1088 
92 842 1 13 842 526.011 0.220592 491 1572 0 5068 7131 1103 
93 922 1 13 922 468.346 0.241551 509 1594 0 5114 7217 1118 
94 922 1 13 922 434.82 0.241551 513 1616 0 5157 7286 1133 
95 931 1 13 931 515.838 0.243909 519 1638 0 5404 7561 1148 
96 949 1 13 949 434.109 0.248625 534 1660 0 5487 7681 1163 
97 949 1 13 949 434.109 0.248625 549 1682 0 5538 7769 1178 
98 949 1 13 949 434.109 0.248625 560 1704 0 5673 7937 1193 
99 971 1 13 971 490.662 0.254388 565 1726 0 5921 8212 1208 
100 971 1 13 971 490.662 0.254388 565 1748 0 6493 8806 1224 
101 971 1 13 971 490.662 0.254388 574 1770 0 7167 9511 1240 
102 1070 1 13 1070 523.046 0.280325 599 1792 0 8127 10518 1256 
103 1128 1 13 1128 478.625 0.29552 611 1814 0 8392 10817 1272 
104 1151 1 13 1151 524.409 0.301546 617 1836 0 8993 11446 1288 
105 1151 1 13 1151 477.115 0.301546 628 1858 0 9217 11703 1304 
106 1151 1 13 1151 477.115 0.301546 628 1880 0 9465 11973 1320 
107 1151 1 13 1151 477.115 0.301546 637 1897 0 9742 12276 1336 
108 1151 1 13 1151 477.115 0.301546 639 1914 0 11085 13638 1352 
109 1155 1 13 1155 518.222 0.302594 640 1931 0 12072 14643 1368 
110 1159 1 13 1159 610.5 0.303642 641 1948 0 12330 14919 1384 
111 1232 1 13 1232 528.994 0.322767 663 1965 0 13315 15943 1400 
112 1232 1 13 1232 528.994 0.322767 663 1982 0 13662 16307 1416 
113 1242 1 13 1242 545.425 0.325386 665 1999 0 14246 16910 1432 
114 1251 1 13 1251 496.805 0.327744 668 2016 0 14942 17626 1448 
115 1254 1 13 1254 552.48 0.32853 689 2033 0 17498 20220 1464 
116 1255 1 13 1255 599.026 0.328792 690 2050 0 17991 20731 1480 
117 1265 1 13 1265 586.921 0.331412 696 2067 0 19380 22143 1496 
118 1272 1 13 1272 581.302 0.333246 699 2084 0 21304 24087 1512 
119 1278 1 13 1278 620.054 0.334818 703 2101 0 23659 26463 1528 
120 1296 1 13 1296 658.463 0.339534 709 2118 0 25466 28293 1544 
121 1296 1 13 1296 575.249 0.339534 715 2135 0 26243 29093 1560 
122 1300 1 13 1300 590.353 0.340582 724 2152 0 30892 33768 1576 
123 1305 1 13 1305 658.336 0.341892 726 2169 0 33733 36628 1592 
124 1306 1 13 1306 707.489 0.342154 729 2186 0 36251 39166 1608 
125 1307 1 13 1307 768.079 0.342416 756 2203 0 39260 42219 1624 
126 1307 1 13 1307 669.209 0.342416 759 2220 0 39986 42965 1640 
127 1307 1 13 1307 619.533 0.342416 761 2237 0 41113 44111 1656 
128 1322 1 13 1322 678.736 0.346345 764 2254 0 43011 46029 1672 
129 1322 1 13 1322 678.736 0.346345 777 2271 0 43941 46989 1688 
130 1333 1 13 1333 680.412 0.349227 788 2288 0 49018 52094 1704 
131 1335 1 13 1335 566.577 0.349751 798 2305 0 49647 52750 1720 
132 1342 1 13 1342 635.697 0.351585 802 2322 0 50308 53432 1736 
133 1350 1 13 1350 643.345 0.353681 806 2339 0 50888 54033 1752 
134 1352 1 13 1352 682.208 0.354205 810 2356 0 52308 55474 1768 
135 1352 1 13 1352 601.026 0.354205 810 2373 0 53353 56536 1785 
136 1362 1 13 1362 603.286 0.356825 812 2390 0 55541 58743 1802 
137 1377 1 13 1377 652.915 0.360755 815 2407 0 56519 59741 1819 
138 1384 1 13 1384 769.937 0.362588 825 2424 0 61094 64343 1836 
139 1385 1 13 1385 590.807 0.36285 833 2441 0 64030 67304 1853 
140 1385 1 13 1385 590.807 0.36285 834 2466 0 70277 73577 1870 
141 1386 1 13 1386 808.028 0.363112 839 2491 0 76747 80077 1887 
142 1386 1 13 1386 686.32 0.363112 842 2516 0 80108 83466 1904 
143 1386 1 13 1386 682.565 0.363112 842 2541 0 84426 87809 1921 
144 1416 1 13 1416 662.279 0.370972 852 2566 0 88284 91702 1938 
145 1416 1 13 1416 662.279 0.370972 852 2591 0 89804 93247 1955 
146 1496 1 13 1496 746.816 0.391931 876 2616 0 91967 95459 1972 
147 1529 1 13 1529 632.927 0.400576 907 2641 0 93260 96808 1989 
148 1546 1 13 1546 694.253 0.40503 911 2666 0 94607 98184 2006 
149 1556 1 13 1556 773.625 0.40765 917 2691 0 97629 101237 2023 
150 1563 1 13 1563 759.134 0.409484 923 2716 0 107257 110896 2040 
151 1566 1 13 1566 717.68 0.41027 927 2741 0 109619 113287 2057 
152 1567 1 13 1567 776.147 0.410532 932 2766 0 126059 129757 2074 
153 1567 1 13 1567 767.786 0.410532 934 2791 0 133650 137375 2091 
154 1567 1 13 1567 646.926 0.410532 966 2816 0 159578 163360 2108 
155 1567 1 13 1567 646.926 0.410532 967 2841 0 165176 168984 2125 
156 1574 1 13 1574 736.29 0.412366 973 2866 0 169728 173567 2142 
157 1585 1 13 1585 725.49 0.415248 979 2891 0 175778 179648 2159 
158 1589 1 13 1589 753.14 0.416296 981 2916 0 191505 195402 2176 
159 1590 1 13 1590 821.627 0.416558 992 2941 0 197556 201489 2193 
160 1591 1 13 1591 790.814 0.416819 993 2966 0 201040 204999 2210 
161 1595 1 13 1595 708.297 0.417867 997 2991 0 203989 207977 2227 
162 1596 1 13 1596 697.17 0.418129 997 3016 0 205617 209630 2244 
163 1599 1 13 1599 783.662 0.418915 998 3041 0 210365 214404 2261 
164 1599 1 13 1599 783.662 0.418915 998 3066 0 217594 221658 2278 
165 1620 1 13 1620 780.299 0.424417 1007 3091 0 221064 225162 2295 
166 1687 1 13 1687 769.595 0.44197 1023 3116 0 224940 229079 2312 
167 1687 1 13 1687 769.595 0.44197 1024 3141 0 243172 247337 2329 
168 1687 1 13 1687 769.595 0.44197 1025 3166 0 245491 249682 2346 
169 1687 1 13 1687 767.263 0.44197 1026 3191 0 248284 252501 2363 
170 1731 1 13 1731 851.145 0.453497 1040 3216 0 255422 259678 2380 
171 1768 1 13 1768 734.333 0.463191 1060 3241 0 269804 274105 2397 
172 1768 1 13 1768 734.333 0.463191 1074 3266 0 278606 282946 2414 
173 1768 1 13 1768 734.333 0.463191 1075 3291 0 287455 291821 2431 
174 1768 1 13 1768 731.424 0.463191 1075 3315 0 290729 295119 2448 
175 1770 1 13 1770 756.719 0.463715 1078 3339 0 295426 299843 2465 
176 1771 1 13 1771 754.147 0.463977 1082 3363 0 301348 305793 2482 
177 1774 1 13 1774 823.893 0.464763 1091 3387 0 323082 327560 2499 
178 1784 1 13 1784 728.198 0.467383 1106 3411 0 331518 336035 2516 
179 1788 1 13 1788 798.529 0.468431 1116 3435 0 339065 343616 2533 
180 1791 1 13 1791 800.258 0.469217 1121 3459 0 346106 350686 2550 
181 1808 1 13 1808 776.126 0.47367 1129 3483 0 364286 368898 2567 
182 1808 1 13 1808 764.267 0.47367 1133 3507 0 387849 392489 2584 
183 1814 1 13 1814 830.933 0.475242 1142 3531 0 408823 413496 2601 
184 1816 1 13 1816 856.567 0.475766 1145 3555 0 466096 470796 2619 
185 1823 1 13 1823 772.399 0.4776 1151 3579 0 470607 475337 2637 
186 1823 1 13 1823 772.399 0.4776 1160 3603 0 487247 492010 2655 
187 1823 1 13 1823 772.399 0.4776 1164 3627 0 507841 512632 2673 
188 1823 1 13 1823 772.399 0.4776 1167 3651 0 516694 521512 2691 
189 1823 1 13 1823 772.399 0.4776 1170 3675 0 530865 535710 2709 
190 1823 1 13 1823 772.399 0.4776 1177 3699 0 536640 541516 2727 
191 1823 1 13 1823 772.399 0.4776 1179 3723 0 554949 559851 2745 
192 1836 1 13 1836 812.022 0.481006 1211 3747 0 584754 589712 2763 
193 1836 1 13 1836 802.51 0.481006 1245 3771 0 656048 661064 2781 
194 1839 1 13 1839 818.589 0.481792 1257 3795 0 691253 696305 2799 
195 1839 1 13 1839 808.255 0.481792 1259 3819 0 707827 712905 2817 
196 1850 1 13 1850 830.644 0.484674 1268 3843 0 722864 727975 2835 
197 1850 1 13 1850 827.645 0.484674 1278 3867 0 745427 750572 2853 
198 1851 1 13 1851 816.296 0.484936 1287 3891 0 840587 845765 2871 
199 1851 1 13 1851 804.621 0.484936 1287 3915 0 925698 930900 2889 
200 1854 1 13 1854 771.553 0.485722 1290 3939 0 935100 940329 2907 
201 1855 1 13 1855 800.417 0.485984 1303 3963 0 949838 955104 2925 
202 1855 1 13 1855 800.417 0.485984 1307 3987 0 962643 967937 2943 
203 1855 1 13 1855 800.417 0.485984 1310 4011 0 1045794 1051115 2961 
204 1855 1 13 1855 800.417 0.485984 1310 4035 0 1061319 1066664 2979 
205 1855 1 13 1855 800.417 0.485984 1318 4059 0 1081222 1086599 2997 
206 1855 1 13 1855 791.379 0.485984 1330 4083 0 1104775 1110188 3015 
207 1855 1 13 1855 791.379 0.485984 1330 4107 0 1257487 1262924 3033 
208 1856 1 13 1856 798.631 0.486246 1339 4126 0 1296878 1302343 3051 
209 1856 1 13 1856 795.479 0.486246 1340 4145 0 1320556 1326041 3069 
210 1857 1 13 1857 829.006 0.486508 1344 4164 0 1360769 1366277 3087 
211 1857 1 13 1857 808.863 0.486508 1346 4183 0 1429417 1434946 3105 
212 1857 1 13 1857 790.739 0.486508 1358 4202 0 1454677 1460237 3123 
213 1867 1 13 1867 829.122 0.489128 1365 4221 0 1728193 1733779 3141 
214 1871 1 13 1871 832.077 0.490176 1369 4240 0 1749757 1755366 3159 
215 1902 1 13 1902 823.385 0.498297 1383 4259 0 1785342 1790984 3177 
