1 4 1 10 4 0 0.00104794 0 14 0 0 14 0 
2 7 1 10 7 3 0.0018339 0 28 0 0 28 1 
3 54 1 10 54 7.28892 0.0141472 9 42 0 0 51 3 
4 64 1 10 64 10.2889 0.0167671 14 56 0 0 70 6 
5 66 1 10 66 13.2889 0.0172911 15 70 0 0 85 10 
6 77 1 10 77 16.2889 0.0201729 20 84 0 0 104 15 
7 77 1 10 77 16.2889 0.0201729 20 98 0 0 118 21 
8 93 1 10 93 20.6207 0.0243647 32 112 0 0 144 28 
9 103 1 10 103 33.338 0.0269845 40 126 0 0 166 36 
10 112 1 10 112 39.338 0.0293424 48 140 0 0 188 44 
11 134 1 10 134 42.7487 0.0351061 55 154 0 0 209 52 
12 140 1 10 140 60.0994 0.036678 56 168 0 0 224 61 
13 141 1 10 141 65.635 0.03694 57 182 0 0 239 70 
14 141 1 10 141 65.635 0.03694 64 196 0 0 260 79 
15 149 1 10 149 67.5955 0.0390359 72 210 0 0 282 88 
16 161 1 10 161 57.4898 0.0421797 82 224 0 0 306 98 
17 161 1 10 161 57.4898 0.0421797 83 238 0 0 321 108 
18 163 1 10 163 60.4898 0.0427037 84 257 0 0 341 118 
19 226 1 10 226 72.6583 0.0592088 99 276 0 0 375 128 
20 230 1 10 230 70.8139 0.0602567 103 295 0 1 399 138 
21 230 1 10 230 70.8139 0.0602567 111 314 0 2 427 148 
22 231 1 10 231 76.7967 0.0605187 111 333 0 3 447 159 
23 253 1 10 253 90.6429 0.0662824 124 352 0 4 480 170 
24 267 1 10 267 93.6429 0.0699502 127 371 0 5 503 181 
25 270 1 10 270 90.0793 0.0707362 127 390 0 6 523 192 
26 279 1 10 279 93.0793 0.0730941 129 409 0 7 545 203 
27 279 1 10 279 93.0793 0.0730941 129 428 0 8 565 214 
28 308 1 10 308 129.423 0.0806916 142 447 0 10 599 225 
29 308 1 10 308 129.423 0.0806916 146 466 0 13 625 236 
30 330 1 10 330 103.153 0.0864553 153 485 0 15 653 248 
31 361 1 10 361 112.434 0.0945769 164 504 0 18 686 260 
32 377 1 10 377 133.974 0.0987687 167 523 0 22 712 272 
33 381 1 10 381 140.787 0.0998166 168 542 0 28 738 284 
34 381 1 10 381 140.787 0.0998166 170 561 0 34 765 296 
35 381 1 10 381 140.787 0.0998166 179 580 0 41 800 308 
36 382 1 10 382 168.772 0.100079 181 599 0 48 828 320 
37 387 1 10 387 147.228 0.101389 189 618 0 57 864 332 
38 389 1 10 389 189.716 0.101912 189 632 0 63 884 344 
39 400 1 10 400 212.219 0.104794 191 646 0 71 908 356 
40 410 1 10 410 207.39 0.107414 194 660 0 78 932 369 
41 448 1 10 448 210.39 0.11737 203 674 0 87 964 382 
42 449 1 10 449 213.39 0.117632 209 688 0 97 994 395 
43 449 1 10 449 213.39 0.117632 212 702 0 110 1024 408 
44 449 1 10 449 212.391 0.117632 212 716 0 120 1048 421 
45 459 1 10 459 260.742 0.120252 214 730 0 131 1075 434 
46 463 1 10 463 262.354 0.121299 216 744 0 142 1102 447 
47 467 1 10 467 225.102 0.122347 217 758 0 155 1130 460 
48 480 1 10 480 293.832 0.125753 220 772 0 183 1175 473 
49 482 1 10 482 251.947 0.126277 235 786 0 208 1229 486 
50 482 1 10 482 251.947 0.126277 242 800 0 230 1272 499 
51 489 1 10 489 281.964 0.128111 253 814 0 255 1322 512 
52 489 1 10 489 250.689 0.128111 255 828 0 306 1389 525 
53 491 1 10 491 290.601 0.128635 266 842 0 358 1466 538 
54 509 1 10 509 304.867 0.133351 271 856 0 377 1504 552 
55 529 1 10 529 312.627 0.138591 278 870 0 437 1585 566 
56 541 1 10 541 325.584 0.141734 281 884 0 516 1681 580 
57 544 1 10 544 323.827 0.14252 282 898 0 646 1826 594 
58 550 1 10 550 349.215 0.144092 283 912 0 751 1946 608 
59 552 1 10 552 359.305 0.144616 288 926 0 903 2117 622 
60 552 1 10 552 359.305 0.144616 290 940 0 1027 2257 636 
61 552 1 10 552 358.603 0.144616 290 954 0 1139 2383 650 
62 568 1 10 568 341.494 0.148808 304 968 0 1274 2546 664 
63 593 1 10 593 392.201 0.155358 311 982 0 1421 2714 678 
64 602 1 10 602 389.936 0.157715 316 996 0 1613 2925 692 
65 607 1 10 607 300.021 0.159025 318 1010 0 1737 3065 706 
66 607 1 10 607 300.021 0.159025 318 1024 0 1851 3193 720 
67 607 1 10 607 300.021 0.159025 319 1038 0 1954 3311 734 
68 634 1 10 634 334.783 0.166099 324 1052 0 2055 3431 748 
69 634 1 10 634 334.783 0.166099 330 1066 0 2174 3570 762 
70 646 1 10 646 356.712 0.169243 341 1088 0 2297 3726 776 
71 656 1 10 656 334.686 0.171863 350 1110 0 2376 3836 790 
72 657 1 10 657 346.144 0.172125 357 1132 0 2537 4026 804 
73 700 1 10 700 423.14 0.18339 371 1154 0 2706 4231 818 
74 700 1 10 700 421.909 0.18339 376 1176 0 2846 4398 833 
75 709 1 10 709 417.206 0.185748 386 1198 0 3059 4643 848 
76 709 1 10 709 332.813 0.185748 391 1220 0 3208 4819 863 
77 709 1 10 709 332.813 0.185748 394 1242 0 3367 5003 878 
78 710 1 10 710 356.705 0.18601 395 1264 0 3593 5252 893 
79 746 1 10 746 400.903 0.195441 412 1286 0 3684 5382 908 
80 746 1 10 746 372.297 0.195441 428 1308 0 3874 5610 923 
81 784 1 10 784 394.388 0.205397 439 1330 0 4038 5807 938 
82 787 1 10 787 377.577 0.206183 443 1352 0 4147 5942 953 
83 788 1 10 788 412.167 0.206445 443 1374 0 4224 6041 968 
84 788 1 10 788 378.749 0.206445 446 1396 0 4325 6167 983 
85 790 1 10 790 368.13 0.206969 447 1418 0 4587 6452 998 
86 791 1 10 791 409.986 0.207231 450 1440 0 4832 6722 1013 
87 791 1 10 791 409.986 0.207231 461 1462 0 4926 6849 1028 
88 794 1 10 794 434.984 0.208017 466 1484 0 4962 6912 1043 
89 797 1 10 797 413.964 0.208803 470 1506 0 5000 6976 1058 
90 797 1 10 797 413.964 0.208803 472 1528 0 5038 7038 1073 
91 797 1 10 797 413.964 0.208803 485 1550 0 5066 7101 1088 
92 842 1 10 842 526.011 0.220592 491 1572 0 5180 7243 1103 
93 922 1 10 922 468.346 0.241551 509 1594 0 5226 7329 1118 
94 922 1 10 922 434.82 0.241551 513 1616 0 5269 7398 1133 
95 931 1 10 931 515.838 0.243909 519 1638 0 5515 7672 1148 
96 949 1 10 949 434.109 0.248625 534 1660 0 5599 7793 1163 
97 949 1 10 949 434.109 0.248625 549 1682 0 5651 7882 1178 
98 949 1 10 949 434.109 0.248625 560 1704 0 5799 8063 1193 
99 971 1 10 971 498.061 0.254388 565 1726 0 6122 8413 1208 
100 971 1 10 971 460.114 0.254388 565 1748 0 6425 8738 1224 
101 971 1 10 971 460.114 0.254388 574 1770 0 6718 9062 1240 
102 1070 1 10 1070 492.987 0.280325 599 1792 0 7575 9966 1256 
103 1128 1 10 1128 555.823 0.29552 611 1814 0 8184 10609 1272 
104 1151 1 10 1151 528.933 0.301546 617 1836 0 8786 11239 1288 
105 1151 1 10 1151 474.406 0.301546 628 1858 0 9007 11493 1304 
106 1151 1 10 1151 474.406 0.301546 628 1880 0 9269 11777 1320 
107 1151 1 10 1151 474.406 0.301546 637 1897 0 9564 12098 1336 
108 1151 1 10 1151 474.406 0.301546 639 1914 0 10957 13510 1352 
109 1155 1 10 1155 630.174 0.302594 640 1931 0 11721 14292 1368 
110 1159 1 10 1159 515.007 0.303642 641 1948 0 12126 14715 1384 
111 1232 1 10 1232 595.037 0.322767 663 1965 0 12497 15125 1400 
112 1232 1 10 1232 575.371 0.322767 663 1982 0 12914 15559 1416 
113 1242 1 10 1242 592.125 0.325386 665 1999 0 13313 15977 1432 
114 1251 1 10 1251 581.853 0.327744 668 2016 0 13955 16639 1448 
115 1254 1 10 1254 592.553 0.32853 689 2033 0 14432 17154 1464 
116 1255 1 10 1255 556.395 0.328792 690 2050 0 15134 17874 1480 
117 1265 1 10 1265 515.483 0.331412 696 2067 0 19814 22577 1496 
118 1272 1 10 1272 583.142 0.333246 699 2084 0 22179 24962 1512 
119 1278 1 10 1278 619.602 0.334818 703 2101 0 22883 25687 1528 
120 1296 1 10 1296 628.418 0.339534 709 2118 0 24012 26839 1544 
121 1296 1 10 1296 559.22 0.339534 715 2135 0 24782 27632 1560 
122 1300 1 10 1300 578.608 0.340582 724 2152 0 25256 28132 1576 
123 1305 1 10 1305 509.833 0.341892 726 2169 0 25962 28857 1592 
124 1306 1 10 1306 644.545 0.342154 729 2186 0 27119 30034 1608 
125 1307 1 10 1307 679.153 0.342416 756 2203 0 28067 31026 1624 
126 1307 1 10 1307 679.153 0.342416 759 2220 0 29255 32234 1640 
127 1307 1 10 1307 657.579 0.342416 761 2237 0 31005 34003 1656 
128 1322 1 10 1322 648.724 0.346345 764 2254 0 32510 35528 1672 
129 1322 1 10 1322 648.724 0.346345 777 2271 0 34141 37189 1688 
130 1333 1 10 1333 655.888 0.349227 788 2288 0 38253 41329 1704 
131 1335 1 10 1335 608.049 0.349751 798 2305 0 38713 41816 1720 
132 1342 1 10 1342 695.361 0.351585 802 2322 0 39704 42828 1736 
133 1350 1 10 1350 669.204 0.353681 806 2339 0 40536 43681 1752 
134 1352 1 10 1352 642.612 0.354205 810 2356 0 42298 45464 1768 
135 1352 1 10 1352 635.401 0.354205 810 2373 0 47053 50236 1785 
136 1362 1 10 1362 629.308 0.356825 812 2390 0 48517 51719 1802 
137 1377 1 10 1377 642.623 0.360755 815 2407 0 50220 53442 1819 
138 1384 1 10 1384 718.23 0.362588 825 2424 0 60660 63909 1836 
139 1385 1 10 1385 658.473 0.36285 833 2441 0 63842 67116 1853 
140 1385 1 10 1385 658.473 0.36285 834 2466 0 71178 74478 1870 
141 1386 1 10 1386 690.042 0.363112 839 2491 0 79968 83298 1887 
142 1386 1 10 1386 626.513 0.363112 842 2516 0 83423 86781 1904 
143 1386 1 10 1386 626.513 0.363112 842 2541 0 87343 90726 1921 
144 1416 1 10 1416 637.32 0.370972 852 2566 0 98350 101768 1938 
145 1416 1 10 1416 637.32 0.370972 852 2591 0 106301 109744 1955 
146 1496 1 10 1496 658.755 0.391931 876 2616 0 109002 112494 1972 
147 1529 1 10 1529 619.283 0.400576 907 2641 0 110983 114531 1989 
148 1546 1 10 1546 642.423 0.40503 911 2666 0 113632 117209 2006 
149 1556 1 10 1556 631.439 0.40765 917 2691 0 120764 124372 2023 
150 1563 1 10 1563 641.64 0.409484 923 2716 0 124586 128225 2040 
151 1566 1 10 1566 646.701 0.41027 927 2741 0 138457 142125 2057 
152 1567 1 10 1567 648.289 0.410532 932 2766 0 170875 174573 2074 
153 1567 1 10 1567 648.289 0.410532 934 2791 0 176817 180542 2091 
154 1567 1 10 1567 648.289 0.410532 966 2816 0 188041 191823 2108 
155 1567 1 10 1567 608.974 0.410532 967 2841 0 195608 199416 2125 
156 1574 1 10 1574 653.658 0.412366 973 2866 0 206818 210657 2142 
157 1585 1 10 1585 653.822 0.415248 979 2891 0 215631 219501 2159 
158 1589 1 10 1589 640.265 0.416296 981 2916 0 230308 234205 2176 
159 1590 1 10 1590 656.677 0.416558 992 2941 0 243521 247454 2193 
160 1591 1 10 1591 703.673 0.416819 993 2966 0 269386 273345 2210 
161 1595 1 10 1595 661.09 0.417867 997 2991 0 288304 292292 2227 
162 1596 1 10 1596 677.394 0.418129 997 3016 0 301617 305630 2244 
163 1599 1 10 1599 692.137 0.418915 998 3041 0 319863 323902 2261 
164 1599 1 10 1599 692.137 0.418915 998 3066 0 360348 364412 2278 
165 1620 1 10 1620 662.585 0.424417 1007 3091 0 395269 399367 2295 
166 1687 1 10 1687 684.781 0.44197 1023 3116 0 448684 452823 2312 
167 1687 1 10 1687 663.986 0.44197 1024 3141 0 467948 472113 2329 
168 1687 1 10 1687 663.986 0.44197 1025 3166 0 489807 493998 2346 
169 1687 1 10 1687 663.986 0.44197 1026 3191 0 513250 517467 2363 
170 1731 1 10 1731 718.402 0.453497 1040 3216 0 583180 587436 2380 
171 1768 1 10 1768 678.284 0.463191 1060 3241 0 605408 609709 2397 
172 1768 1 10 1768 678.284 0.463191 1074 3266 0 623525 627865 2414 
173 1768 1 10 1768 666.956 0.463191 1075 3291 0 647335 651701 2431 
174 1768 1 10 1768 666.956 0.463191 1075 3315 0 665456 669846 2448 
175 1770 1 10 1770 664.787 0.463715 1078 3339 0 695316 699733 2465 
176 1771 1 10 1771 688.609 0.463977 1082 3363 0 712325 716770 2482 
177 1774 1 10 1774 687.104 0.464763 1091 3387 0 856240 860718 2499 
178 1784 1 10 1784 699.188 0.467383 1106 3411 0 880250 884767 2516 
179 1788 1 10 1788 684.913 0.468431 1116 3435 0 923218 927769 2533 
180 1791 1 10 1791 664.054 0.469217 1121 3459 0 980219 984799 2550 
181 1808 1 10 1808 679.55 0.47367 1129 3483 0 1027078 1031690 2567 
182 1808 1 10 1808 679.55 0.47367 1133 3507 0 1046934 1051574 2584 
183 1814 1 10 1814 709.556 0.475242 1142 3531 0 1077040 1081713 2601 
184 1816 1 10 1816 711.965 0.475766 1145 3555 0 1114415 1119115 2619 
185 1823 1 10 1823 690.47 0.4776 1151 3579 0 1126011 1130741 2637 
186 1823 1 10 1823 682.586 0.4776 1160 3603 0 1201281 1206044 2655 
187 1823 1 10 1823 682.586 0.4776 1164 3627 0 1246493 1251284 2673 
188 1823 1 10 1823 682.586 0.4776 1167 3651 0 1309638 1314456 2691 
189 1823 1 10 1823 682.586 0.4776 1170 3675 0 1378898 1383743 2709 
190 1823 1 10 1823 682.586 0.4776 1177 3699 0 1440487 1445363 2727 
191 1823 1 10 1823 682.586 0.4776 1179 3723 0 1563352 1568254 2745 
192 1836 1 10 1836 669.483 0.481006 1211 3747 0 1680280 1685238 2763 
193 1836 1 10 1836 669.483 0.481006 1245 3771 0 1761783 1766799 2781 
