1 4 1 7 4 0 0.00104794 0 14 0 0 14 0 
2 7 1 7 7 3 0.0018339 0 28 0 0 28 1 
3 54 1 7 54 7.28892 0.0141472 9 42 0 0 51 3 
4 64 1 7 64 10.2889 0.0167671 14 56 0 0 70 6 
5 66 1 7 66 13.2889 0.0172911 15 70 0 0 85 10 
6 77 1 7 77 16.2889 0.0201729 20 84 0 0 104 15 
7 77 1 7 77 16.2889 0.0201729 20 98 0 0 118 21 
8 93 1 7 93 20.6207 0.0243647 32 112 0 0 144 28 
9 103 1 7 103 33.338 0.0269845 40 126 0 0 166 36 
10 112 1 7 112 39.338 0.0293424 48 140 0 0 188 44 
11 134 1 7 134 42.7487 0.0351061 55 154 0 0 209 52 
12 140 1 7 140 60.0994 0.036678 56 168 0 0 224 61 
13 141 1 7 141 65.635 0.03694 57 182 0 0 239 70 
14 141 1 7 141 65.635 0.03694 64 196 0 0 260 79 
15 149 1 7 149 67.5955 0.0390359 72 210 0 0 282 88 
16 161 1 7 161 57.4898 0.0421797 82 224 0 0 306 98 
17 161 1 7 161 57.4898 0.0421797 83 238 0 0 321 108 
18 163 1 7 163 60.4898 0.0427037 84 257 0 0 341 118 
19 226 1 7 226 72.6583 0.0592088 99 276 0 0 375 128 
20 230 1 7 230 70.8139 0.0602567 103 295 0 1 399 138 
21 230 1 7 230 70.8139 0.0602567 111 314 0 2 427 148 
22 231 1 7 231 76.7967 0.0605187 111 333 0 3 447 159 
23 253 1 7 253 90.6429 0.0662824 124 352 0 4 480 170 
24 267 1 7 267 93.6429 0.0699502 127 371 0 5 503 181 
25 270 1 7 270 90.0793 0.0707362 127 390 0 6 523 192 
26 279 1 7 279 93.0793 0.0730941 129 409 0 7 545 203 
27 279 1 7 279 93.0793 0.0730941 129 428 0 8 565 214 
28 308 1 7 308 129.423 0.0806916 142 447 0 10 599 225 
29 308 1 7 308 129.423 0.0806916 146 466 0 12 624 236 
30 330 1 7 330 103.153 0.0864553 153 485 0 14 652 248 
31 361 1 7 361 112.434 0.0945769 164 504 0 17 685 260 
32 377 1 7 377 133.974 0.0987687 167 523 0 21 711 272 
33 381 1 7 381 140.787 0.0998166 168 542 0 27 737 284 
34 381 1 7 381 140.787 0.0998166 170 561 0 33 764 296 
35 381 1 7 381 140.787 0.0998166 179 580 0 39 798 308 
36 382 1 7 382 168.772 0.100079 181 599 0 46 826 320 
37 387 1 7 387 147.228 0.101389 189 618 0 54 861 332 
38 389 1 7 389 189.716 0.101912 189 632 0 60 881 344 
39 400 1 7 400 212.219 0.104794 191 646 0 68 905 356 
40 410 1 7 410 207.39 0.107414 194 660 0 75 929 369 
41 448 1 7 448 210.39 0.11737 203 674 0 84 961 382 
42 449 1 7 449 213.39 0.117632 209 688 0 94 991 395 
43 449 1 7 449 213.39 0.117632 212 702 0 107 1021 408 
44 449 1 7 449 212.391 0.117632 212 716 0 117 1045 421 
45 459 1 7 459 260.742 0.120252 214 730 0 128 1072 434 
46 463 1 7 463 262.354 0.121299 216 744 0 139 1099 447 
47 467 1 7 467 225.102 0.122347 217 758 0 152 1127 460 
48 480 1 7 480 293.832 0.125753 220 772 0 180 1172 473 
49 482 1 7 482 251.947 0.126277 235 786 0 205 1226 486 
50 482 1 7 482 251.947 0.126277 242 800 0 227 1269 499 
51 489 1 7 489 281.964 0.128111 253 814 0 252 1319 512 
52 489 1 7 489 250.689 0.128111 255 828 0 304 1387 525 
53 491 1 7 491 290.601 0.128635 266 842 0 356 1464 538 
54 509 1 7 509 304.867 0.133351 271 856 0 375 1502 552 
55 529 1 7 529 312.627 0.138591 278 870 0 435 1583 566 
56 541 1 7 541 325.584 0.141734 281 884 0 513 1678 580 
57 544 1 7 544 323.827 0.14252 282 898 0 620 1800 594 
58 550 1 7 550 349.215 0.144092 283 912 0 719 1914 608 
59 552 1 7 552 359.305 0.144616 288 926 0 829 2043 622 
60 552 1 7 552 359.305 0.144616 290 940 0 938 2168 636 
61 552 1 7 552 358.603 0.144616 290 954 0 1050 2294 650 
62 568 1 7 568 341.494 0.148808 304 968 0 1185 2457 664 
63 593 1 7 593 392.201 0.155358 311 982 0 1332 2625 678 
64 602 1 7 602 389.936 0.157715 316 996 0 1520 2832 692 
65 607 1 7 607 300.021 0.159025 318 1010 0 1642 2970 706 
66 607 1 7 607 300.021 0.159025 318 1024 0 1757 3099 720 
67 607 1 7 607 300.021 0.159025 319 1038 0 1860 3217 734 
68 634 1 7 634 401.67 0.166099 324 1052 0 1978 3354 748 
69 634 1 7 634 336.953 0.166099 330 1066 0 2085 3481 762 
70 646 1 7 646 384.864 0.169243 341 1088 0 2155 3584 776 
71 656 1 7 656 367.832 0.171863 350 1110 0 2229 3689 790 
72 657 1 7 657 335.614 0.172125 357 1132 0 2394 3883 804 
73 700 1 7 700 332.133 0.18339 371 1154 0 2553 4078 818 
74 700 1 7 700 332.133 0.18339 376 1176 0 2704 4256 833 
75 709 1 7 709 395.939 0.185748 386 1198 0 2863 4447 848 
76 709 1 7 709 395.939 0.185748 391 1220 0 2995 4606 863 
77 709 1 7 709 336.821 0.185748 394 1242 0 3091 4727 878 
78 710 1 7 710 391.327 0.18601 395 1264 0 3296 4955 893 
79 746 1 7 746 444.229 0.195441 412 1286 0 3464 5162 908 
80 746 1 7 746 364.855 0.195441 428 1308 0 3713 5449 923 
81 784 1 7 784 389.224 0.205397 439 1330 0 3940 5709 938 
82 787 1 7 787 354.675 0.206183 443 1352 0 4039 5834 953 
83 788 1 7 788 356.646 0.206445 443 1374 0 4141 5958 968 
84 788 1 7 788 356.646 0.206445 446 1396 0 4240 6082 983 
85 790 1 7 790 442.331 0.206969 447 1418 0 4396 6261 998 
86 791 1 7 791 378.182 0.207231 450 1440 0 4566 6456 1013 
87 791 1 7 791 378.182 0.207231 461 1462 0 4782 6705 1028 
88 794 1 7 794 397.774 0.208017 466 1484 0 5024 6974 1043 
89 797 1 7 797 409.901 0.208803 470 1506 0 5285 7261 1058 
90 797 1 7 797 379.428 0.208803 472 1528 0 5593 7593 1073 
91 797 1 7 797 379.428 0.208803 485 1550 0 5927 7962 1088 
92 842 1 7 842 403.951 0.220592 491 1572 0 6238 8301 1103 
93 922 1 7 922 426.465 0.241551 509 1594 0 6750 8853 1118 
94 922 1 7 922 398.707 0.241551 513 1616 0 7013 9142 1133 
95 931 1 7 931 430.676 0.243909 519 1638 0 7488 9645 1148 
96 949 1 7 949 421.57 0.248625 534 1660 0 8436 10630 1163 
97 949 1 7 949 421.57 0.248625 549 1682 0 8715 10946 1178 
98 949 1 7 949 421.57 0.248625 560 1704 0 9207 11471 1193 
99 971 1 7 971 434.379 0.254388 565 1726 0 9695 11986 1208 
100 971 1 7 971 422.886 0.254388 565 1748 0 10106 12419 1224 
101 971 1 7 971 422.886 0.254388 574 1770 0 10714 13058 1240 
102 1070 1 7 1070 462.258 0.280325 599 1792 0 13361 15752 1256 
103 1128 1 7 1128 510.355 0.29552 611 1814 0 16480 18905 1272 
104 1151 1 7 1151 482.825 0.301546 617 1836 0 18157 20610 1288 
105 1151 1 7 1151 451.457 0.301546 628 1858 0 19215 21701 1304 
106 1151 1 7 1151 451.457 0.301546 628 1880 0 20889 23397 1320 
107 1151 1 7 1151 451.457 0.301546 637 1897 0 21885 24419 1336 
108 1151 1 7 1151 448.408 0.301546 639 1914 0 22815 25368 1352 
109 1155 1 7 1155 453.11 0.302594 640 1931 0 23751 26322 1368 
110 1159 1 7 1159 455.952 0.303642 641 1948 0 25081 27670 1384 
111 1232 1 7 1232 479.338 0.322767 663 1965 0 26048 28676 1400 
112 1232 1 7 1232 463.034 0.322767 663 1982 0 28128 30773 1416 
113 1242 1 7 1242 524.536 0.325386 665 1999 0 32682 35346 1432 
114 1251 1 7 1251 452.22 0.327744 668 2016 0 33125 35809 1448 
115 1254 1 7 1254 501.676 0.32853 689 2033 0 33701 36423 1464 
116 1255 1 7 1255 481.826 0.328792 690 2050 0 34616 37356 1480 
117 1265 1 7 1265 458.661 0.331412 696 2067 0 36010 38773 1496 
118 1272 1 7 1272 539.237 0.333246 699 2084 0 38972 41755 1512 
119 1278 1 7 1278 497.991 0.334818 703 2101 0 40500 43304 1528 
120 1296 1 7 1296 488.943 0.339534 709 2118 0 43519 46346 1544 
121 1296 1 7 1296 488.943 0.339534 715 2135 0 47977 50827 1560 
122 1300 1 7 1300 535.736 0.340582 724 2152 0 51829 54705 1576 
123 1305 1 7 1305 504.743 0.341892 726 2169 0 56166 59061 1592 
124 1306 1 7 1306 549.654 0.342154 729 2186 0 67428 70343 1608 
125 1307 1 7 1307 563.876 0.342416 756 2203 0 75583 78542 1624 
126 1307 1 7 1307 563.876 0.342416 759 2220 0 86922 89901 1640 
127 1307 1 7 1307 563.876 0.342416 761 2237 0 105029 108027 1656 
128 1322 1 7 1322 548.483 0.346345 764 2254 0 112047 115065 1672 
129 1322 1 7 1322 548.483 0.346345 777 2271 0 128044 131092 1688 
130 1333 1 7 1333 544.536 0.349227 788 2288 0 146755 149831 1704 
131 1335 1 7 1335 526.305 0.349751 798 2305 0 158480 161583 1720 
132 1342 1 7 1342 551.811 0.351585 802 2322 0 173306 176430 1736 
133 1350 1 7 1350 543.207 0.353681 806 2339 0 185872 189017 1752 
134 1352 1 7 1352 526.928 0.354205 810 2356 0 225458 228624 1768 
135 1352 1 7 1352 526.928 0.354205 810 2373 0 243469 246652 1785 
136 1362 1 7 1362 558.709 0.356825 812 2390 0 277424 280626 1802 
137 1377 1 7 1377 517.182 0.360755 815 2407 0 292963 296185 1819 
138 1384 1 7 1384 549.041 0.362588 825 2424 0 317513 320762 1836 
139 1385 1 7 1385 556.284 0.36285 833 2441 0 361171 364445 1853 
140 1385 1 7 1385 556.284 0.36285 834 2466 0 393349 396649 1870 
141 1386 1 7 1386 584.318 0.363112 839 2491 0 452016 455346 1887 
142 1386 1 7 1386 565.266 0.363112 842 2516 0 502940 506298 1904 
143 1386 1 7 1386 565.266 0.363112 842 2541 0 575613 578996 1921 
144 1416 1 7 1416 556.136 0.370972 852 2566 0 638886 642304 1938 
145 1416 1 7 1416 556.136 0.370972 852 2591 0 742724 746167 1955 
146 1496 1 7 1496 552.53 0.391931 876 2616 0 891645 895137 1972 
147 1529 1 7 1529 545.524 0.400576 907 2641 0 1010572 1014120 1989 
148 1546 1 7 1546 547.149 0.40503 911 2666 0 1152151 1155728 2006 
149 1556 1 7 1556 574.562 0.40765 917 2691 0 1574196 1577804 2023 
