1 4 1 0 4 0 0.00104794 0 14 0 0 14 0 
2 7 1 0 7 3 0.0018339 0 28 0 0 28 1 
3 54 1 0 54 7.28892 0.0141472 9 42 0 0 51 3 
4 64 1 0 64 10.2889 0.0167671 14 56 0 0 70 6 
5 66 1 0 66 13.2889 0.0172911 15 70 0 0 85 10 
6 77 1 0 77 16.2889 0.0201729 20 84 0 0 104 15 
7 77 1 0 77 16.2889 0.0201729 20 98 0 0 118 21 
8 93 1 0 93 20.6207 0.0243647 32 112 0 2 146 28 
9 103 1 0 103 23.7485 0.0269845 40 126 0 14 180 36 
10 112 1 0 112 29.7485 0.0293424 48 140 0 34 222 44 
11 134 1 0 134 32.7485 0.0351061 55 154 0 96 305 52 
12 140 1 0 140 35.7485 0.036678 56 168 0 292 516 61 
13 141 1 0 141 37.8732 0.03694 57 182 0 1228 1467 70 
14 141 1 0 141 37.8732 0.03694 64 196 0 2092 2352 79 
15 149 1 0 149 40.2652 0.0390359 72 210 0 6130 6412 88 
16 161 1 0 161 44.4481 0.0421797 82 224 0 27956 28262 98 
17 161 1 0 161 44.4481 0.0421797 83 238 0 63484 63805 108 
18 163 1 0 163 47.4481 0.0427037 84 257 0 156189 156530 118 
19 226 1 0 226 51.7311 0.0592088 99 276 0 639470 639845 128 
