1 4 1 18.81 4 0 0.00104794 0 14 0 0 14 0 
2 7 1 18.6219 7 3 0.0018339 0 28 0 0 28 1 
3 54 1 18.4357 54 7.28892 0.0141472 9 42 0 0 51 3 
4 64 1 18.2513 64 10.2889 0.0167671 14 56 0 0 70 6 
5 66 1 18.0688 66 13.2889 0.0172911 15 70 0 0 85 10 
6 77 1 17.8881 77 16.2889 0.0201729 20 84 0 0 104 15 
7 77 1 17.7092 77 16.2889 0.0201729 20 98 0 0 118 21 
8 93 1 17.5321 93 20.6207 0.0243647 32 112 0 0 144 28 
9 103 1 17.3568 103 33.338 0.0269845 40 126 0 0 166 36 
10 112 1 17.1833 112 39.338 0.0293424 48 140 0 0 188 44 
11 134 1 17.0114 134 42.7487 0.0351061 55 154 0 0 209 52 
12 140 1 16.8413 140 60.0994 0.036678 56 168 0 0 224 61 
13 141 1 16.6729 141 65.635 0.03694 57 182 0 0 239 70 
14 141 1 16.5062 141 65.635 0.03694 64 196 0 0 260 79 
15 149 1 16.3411 149 67.5955 0.0390359 72 210 0 0 282 88 
16 161 1 16.1777 161 57.4898 0.0421797 82 224 0 0 306 98 
17 161 1 16.0159 161 57.4898 0.0421797 83 238 0 0 321 108 
18 163 1 15.8558 163 60.4898 0.0427037 84 257 0 0 341 118 
19 226 1 15.6972 226 72.6583 0.0592088 99 276 0 0 375 128 
20 230 1 15.5402 230 70.8139 0.0602567 103 295 0 1 399 138 
21 230 1 15.3848 230 70.8139 0.0602567 111 314 0 2 427 148 
22 231 1 15.231 231 76.7967 0.0605187 111 333 0 3 447 159 
23 253 1 15.0787 253 90.6429 0.0662824 124 352 0 4 480 170 
24 267 1 14.9279 267 93.6429 0.0699502 127 371 0 5 503 181 
25 270 1 14.7786 270 90.0793 0.0707362 127 390 0 6 523 192 
26 279 1 14.6308 279 93.0793 0.0730941 129 409 0 7 545 203 
27 279 1 14.4845 279 93.0793 0.0730941 129 428 0 8 565 214 
28 308 1 14.3397 308 129.423 0.0806916 142 447 0 11 600 225 
29 308 1 14.1963 308 129.423 0.0806916 146 466 0 14 626 236 
30 330 1 14.0543 330 103.153 0.0864553 153 485 0 18 656 248 
31 361 1 13.9138 361 112.434 0.0945769 164 504 0 21 689 260 
32 377 1 13.7746 377 133.974 0.0987687 167 523 0 27 717 272 
33 381 1 13.6369 381 140.787 0.0998166 168 542 0 35 745 284 
34 381 1 13.5005 381 140.787 0.0998166 170 561 0 41 772 296 
35 381 1 13.3655 381 140.787 0.0998166 179 580 0 48 807 308 
36 382 1 13.2319 382 168.772 0.100079 181 599 0 57 837 320 
37 387 1 13.0995 387 147.228 0.101389 189 618 0 66 873 332 
38 389 1 12.9685 389 189.716 0.101912 189 632 0 72 893 344 
39 400 1 12.8389 400 212.219 0.104794 191 646 0 81 918 356 
40 410 1 12.7105 410 207.39 0.107414 194 660 0 90 944 369 
41 448 1 12.5834 448 210.39 0.11737 203 674 0 101 978 382 
42 449 1 12.4575 449 213.39 0.117632 209 688 0 115 1012 395 
43 449 1 12.3329 449 213.39 0.117632 212 702 0 131 1045 408 
44 449 1 12.2096 449 212.391 0.117632 212 716 0 144 1072 421 
45 459 1 12.0875 459 260.742 0.120252 214 730 0 155 1099 434 
46 463 1 11.9666 463 262.354 0.121299 216 744 0 169 1129 447 
47 467 1 11.847 467 225.102 0.122347 217 758 0 185 1160 460 
48 480 1 11.7285 480 293.832 0.125753 220 772 0 222 1214 473 
49 482 1 11.6112 482 251.947 0.126277 235 786 0 251 1272 486 
50 482 1 11.4951 482 251.947 0.126277 242 800 0 276 1318 499 
51 489 1 11.3802 489 281.964 0.128111 253 814 0 305 1372 512 
52 489 1 11.2664 489 250.689 0.128111 255 828 0 368 1451 525 
53 491 1 11.1537 491 290.601 0.128635 266 842 0 456 1564 538 
54 509 1 11.0422 509 304.867 0.133351 271 856 0 481 1608 552 
55 529 1 10.9317 529 312.627 0.138591 278 870 0 576 1724 566 
56 541 1 10.8224 541 325.584 0.141734 281 884 0 732 1897 580 
57 544 1 10.7142 544 323.827 0.14252 282 898 0 914 2094 594 
58 550 1 10.6071 550 349.215 0.144092 283 912 0 1078 2273 608 
59 552 1 10.501 552 359.305 0.144616 288 926 0 1228 2442 622 
60 552 1 10.396 552 359.305 0.144616 290 940 0 1368 2598 636 
61 552 1 10.292 552 358.603 0.144616 290 954 0 1509 2753 650 
62 568 1 10.1891 568 341.494 0.148808 304 968 0 1687 2959 664 
63 593 1 10.0872 593 392.201 0.155358 311 982 0 1877 3170 678 
64 602 1 9.98633 602 389.936 0.157715 316 996 0 2130 3442 692 
65 607 1 9.88647 607 300.021 0.159025 318 1010 0 2291 3619 706 
66 607 1 9.78761 607 300.021 0.159025 318 1024 0 2443 3785 720 
67 607 1 9.68973 607 300.021 0.159025 319 1038 0 2573 3930 734 
68 634 1 9.59283 634 334.783 0.166099 324 1052 0 2703 4079 748 
69 634 1 9.4969 634 334.783 0.166099 330 1066 0 2851 4247 762 
70 646 1 9.40194 646 356.712 0.169243 341 1088 0 3001 4430 776 
71 656 1 9.30792 656 334.686 0.171863 350 1110 0 3102 4562 790 
72 657 1 9.21484 657 346.144 0.172125 357 1132 0 3320 4809 804 
73 700 1 9.12269 700 423.14 0.18339 371 1154 0 3510 5035 818 
74 700 1 9.03146 700 421.909 0.18339 376 1176 0 3720 5272 833 
75 709 1 8.94115 709 417.206 0.185748 386 1198 0 4061 5645 848 
76 709 1 8.85174 709 332.813 0.185748 391 1220 0 4239 5850 863 
77 709 1 8.76322 709 332.813 0.185748 394 1242 0 4427 6063 878 
78 710 1 8.67559 710 356.705 0.18601 395 1264 0 4750 6409 893 
79 746 1 8.58883 746 400.903 0.195441 412 1286 0 4920 6618 908 
80 746 1 8.50294 746 372.297 0.195441 428 1308 0 5277 7013 923 
81 784 1 8.41791 784 405.047 0.205397 439 1330 0 5415 7184 938 
82 787 1 8.33373 787 393.17 0.206183 443 1352 0 5730 7525 953 
83 788 1 8.2504 788 414.489 0.206445 443 1374 0 6050 7867 968 
84 788 1 8.16789 788 349.465 0.206445 446 1396 0 6332 8174 983 
85 790 1 8.08621 790 365.257 0.206969 447 1418 0 6665 8530 998 
86 791 1 8.00535 791 427.524 0.207231 450 1440 0 6908 8798 1013 
87 791 1 7.9253 791 427.524 0.207231 461 1462 0 7299 9222 1028 
88 794 1 7.84604 794 385.742 0.208017 466 1484 0 7457 9407 1043 
89 797 1 7.76758 797 482.465 0.208803 470 1506 0 8261 10237 1058 
90 797 1 7.68991 797 417.19 0.208803 472 1528 0 8358 10358 1073 
91 797 1 7.61301 797 417.19 0.208803 485 1550 0 8458 10493 1088 
92 842 1 7.53688 842 449.186 0.220592 491 1572 0 8682 10745 1103 
93 922 1 7.46151 922 421.318 0.241551 509 1594 0 9376 11479 1118 
94 922 1 7.38689 922 421.318 0.241551 513 1616 0 9778 11907 1133 
95 931 1 7.31303 931 438.957 0.243909 519 1638 0 10085 12242 1148 
96 949 1 7.2399 949 458.114 0.248625 534 1660 0 10589 12783 1163 
97 949 1 7.1675 949 458.114 0.248625 549 1682 0 12133 14364 1178 
98 949 1 7.09582 949 422.819 0.248625 560 1704 0 12863 15127 1193 
99 971 1 7.02486 971 424.22 0.254388 565 1726 0 13646 15937 1208 
100 971 1 6.95462 971 422.886 0.254388 565 1748 0 14335 16648 1224 
101 971 1 6.88507 971 411.252 0.254388 574 1770 0 15440 17784 1240 
102 1070 1 6.81622 1070 434.175 0.280325 599 1792 0 16709 19100 1256 
103 1128 1 6.74806 1128 459.656 0.29552 611 1814 0 17773 20198 1272 
104 1151 1 6.68058 1151 473.035 0.301546 617 1836 0 19454 21907 1288 
105 1151 1 6.61377 1151 467.06 0.301546 628 1858 0 23543 26029 1304 
106 1151 1 6.54763 1151 443.703 0.301546 628 1880 0 25138 27646 1320 
107 1151 1 6.48216 1151 443.703 0.301546 637 1897 0 27499 30033 1336 
108 1151 1 6.41733 1151 443.703 0.301546 639 1914 0 30769 33322 1352 
109 1155 1 6.35316 1155 438.485 0.302594 640 1931 0 33533 36104 1368 
110 1159 1 6.28963 1159 445.086 0.303642 641 1948 0 37600 40189 1384 
111 1232 1 6.22673 1232 443.919 0.322767 663 1965 0 41657 44285 1400 
112 1232 1 6.16447 1232 443.919 0.322767 663 1982 0 43213 45858 1416 
113 1242 1 6.10282 1242 434.813 0.325386 665 1999 0 45657 48321 1432 
114 1251 1 6.04179 1251 432.702 0.327744 668 2016 0 46416 49100 1448 
115 1254 1 5.98138 1254 465.297 0.32853 689 2033 0 51403 54125 1464 
116 1255 1 5.92156 1255 487.123 0.328792 690 2050 0 72105 74845 1480 
117 1265 1 5.86235 1265 442.3 0.331412 696 2067 0 92739 95502 1496 
118 1272 1 5.80372 1272 469.623 0.333246 699 2084 0 172568 175351 1512 
119 1278 1 5.74569 1278 493.205 0.334818 703 2101 0 267385 270189 1528 
120 1296 1 5.68823 1296 449.85 0.339534 709 2118 0 307023 309850 1544 
121 1296 1 5.63135 1296 449.85 0.339534 715 2135 0 405763 408613 1560 
122 1300 1 5.57503 1300 428.145 0.340582 724 2152 0 425472 428348 1576 
123 1305 1 5.51928 1305 441.079 0.341892 726 2169 0 525308 528203 1592 
124 1306 1 5.46409 1306 477.03 0.342154 729 2186 0 1050421 1053336 1608 
125 1307 1 5.40945 1307 478.8 0.342416 756 2203 0 1197541 1200500 1624 
126 1307 1 5.35535 1307 467.611 0.342416 759 2220 0 1584930 1587909 1640 
