1 4 1 11.88 4 0 0.00104794 0 14 0 0 14 0 
2 7 1 11.7612 7 3 0.0018339 0 28 0 0 28 1 
3 54 1 11.6436 54 7.28892 0.0141472 9 42 0 0 51 3 
4 64 1 11.5272 64 10.2889 0.0167671 14 56 0 0 70 6 
5 66 1 11.4119 66 13.2889 0.0172911 15 70 0 0 85 10 
6 77 1 11.2978 77 16.2889 0.0201729 20 84 0 0 104 15 
7 77 1 11.1848 77 16.2889 0.0201729 20 98 0 0 118 21 
8 93 1 11.0729 93 20.6207 0.0243647 32 112 0 0 144 28 
9 103 1 10.9622 103 33.338 0.0269845 40 126 0 0 166 36 
10 112 1 10.8526 112 39.338 0.0293424 48 140 0 0 188 44 
11 134 1 10.7441 134 42.7487 0.0351061 55 154 0 0 209 52 
12 140 1 10.6366 140 60.0994 0.036678 56 168 0 0 224 61 
13 141 1 10.5303 141 65.635 0.03694 57 182 0 0 239 70 
14 141 1 10.4249 141 65.635 0.03694 64 196 0 0 260 79 
15 149 1 10.3207 149 67.5955 0.0390359 72 210 0 0 282 88 
16 161 1 10.2175 161 57.4898 0.0421797 82 224 0 0 306 98 
17 161 1 10.1153 161 57.4898 0.0421797 83 238 0 0 321 108 
18 163 1 10.0142 163 60.4898 0.0427037 84 257 0 0 341 118 
19 226 1 9.91402 226 72.6583 0.0592088 99 276 0 0 375 128 
20 230 1 9.81488 230 70.8139 0.0602567 103 295 0 1 399 138 
21 230 1 9.71673 230 70.8139 0.0602567 111 314 0 2 427 148 
22 231 1 9.61957 231 76.7967 0.0605187 111 333 0 3 447 159 
23 253 1 9.52337 253 90.6429 0.0662824 124 352 0 4 480 170 
24 267 1 9.42814 267 93.6429 0.0699502 127 371 0 5 503 181 
25 270 1 9.33386 270 90.0793 0.0707362 127 390 0 6 523 192 
26 279 1 9.24052 279 93.0793 0.0730941 129 409 0 7 545 203 
27 279 1 9.14811 279 93.0793 0.0730941 129 428 0 8 565 214 
28 308 1 9.05663 308 129.423 0.0806916 142 447 0 10 599 225 
29 308 1 8.96606 308 129.423 0.0806916 146 466 0 12 624 236 
30 330 1 8.8764 330 103.153 0.0864553 153 485 0 14 652 248 
31 361 1 8.78764 361 112.434 0.0945769 164 504 0 17 685 260 
32 377 1 8.69976 377 133.974 0.0987687 167 523 0 21 711 272 
33 381 1 8.61277 381 140.787 0.0998166 168 542 0 27 737 284 
34 381 1 8.52664 381 140.787 0.0998166 170 561 0 33 764 296 
35 381 1 8.44137 381 140.787 0.0998166 179 580 0 39 798 308 
36 382 1 8.35696 382 168.772 0.100079 181 599 0 46 826 320 
37 387 1 8.27339 387 147.228 0.101389 189 618 0 54 861 332 
38 389 1 8.19065 389 189.716 0.101912 189 632 0 60 881 344 
39 400 1 8.10875 400 212.219 0.104794 191 646 0 67 904 356 
40 410 1 8.02766 410 207.39 0.107414 194 660 0 75 929 369 
41 448 1 7.94738 448 210.39 0.11737 203 674 0 83 960 382 
42 449 1 7.86791 449 213.39 0.117632 209 688 0 93 990 395 
43 449 1 7.78923 449 213.39 0.117632 212 702 0 106 1020 408 
44 449 1 7.71134 449 212.391 0.117632 212 716 0 115 1043 421 
45 459 1 7.63423 459 260.742 0.120252 214 730 0 125 1069 434 
46 463 1 7.55788 463 262.354 0.121299 216 744 0 136 1096 447 
47 467 1 7.48231 467 225.102 0.122347 217 758 0 149 1124 460 
48 480 1 7.40748 480 293.832 0.125753 220 772 0 177 1169 473 
49 482 1 7.33341 482 251.947 0.126277 235 786 0 201 1222 486 
50 482 1 7.26007 482 251.947 0.126277 242 800 0 223 1265 499 
51 489 1 7.18747 489 281.964 0.128111 253 814 0 247 1314 512 
52 489 1 7.1156 489 250.689 0.128111 255 828 0 298 1381 525 
53 491 1 7.04444 491 290.601 0.128635 266 842 0 351 1459 538 
54 509 1 6.974 509 304.867 0.133351 271 856 0 370 1497 552 
55 529 1 6.90426 529 312.627 0.138591 278 870 0 430 1578 566 
56 541 1 6.83521 541 325.584 0.141734 281 884 0 509 1674 580 
57 544 1 6.76686 544 323.827 0.14252 282 898 0 616 1796 594 
58 550 1 6.69919 550 349.215 0.144092 283 912 0 714 1909 608 
59 552 1 6.6322 552 359.305 0.144616 288 926 0 824 2038 622 
60 552 1 6.56588 552 359.305 0.144616 290 940 0 933 2163 636 
61 552 1 6.50022 552 358.603 0.144616 290 954 0 1046 2290 650 
62 568 1 6.43522 568 341.494 0.148808 304 968 0 1180 2452 664 
63 593 1 6.37087 593 392.201 0.155358 311 982 0 1373 2666 678 
64 602 1 6.30716 602 389.936 0.157715 316 996 0 1625 2937 692 
65 607 1 6.24409 607 300.021 0.159025 318 1010 0 1773 3101 706 
66 607 1 6.18165 607 300.021 0.159025 318 1024 0 1922 3264 720 
67 607 1 6.11983 607 300.021 0.159025 319 1038 0 2024 3381 734 
68 634 1 6.05863 634 380.085 0.166099 324 1052 0 2132 3508 748 
69 634 1 5.99804 634 352.802 0.166099 330 1066 0 2225 3621 762 
70 646 1 5.93806 646 319.209 0.169243 341 1088 0 2306 3735 776 
71 656 1 5.87868 656 396.377 0.171863 350 1110 0 2453 3913 790 
72 657 1 5.8199 657 336.435 0.172125 357 1132 0 2533 4022 804 
73 700 1 5.7617 700 370.219 0.18339 371 1154 0 2725 4250 818 
74 700 1 5.70408 700 335.03 0.18339 376 1176 0 2884 4436 833 
75 709 1 5.64704 709 292.737 0.185748 386 1198 0 3050 4634 848 
76 709 1 5.59057 709 292.737 0.185748 391 1220 0 3404 5015 863 
77 709 1 5.53466 709 292.737 0.185748 394 1242 0 3529 5165 878 
78 710 1 5.47932 710 372.052 0.18601 395 1264 0 3928 5587 893 
79 746 1 5.42452 746 334.034 0.195441 412 1286 0 4243 5941 908 
80 746 1 5.37028 746 328.814 0.195441 428 1308 0 4393 6129 923 
81 784 1 5.31658 784 313.076 0.205397 439 1330 0 4570 6339 938 
82 787 1 5.26341 787 369.668 0.206183 443 1352 0 4937 6732 953 
83 788 1 5.21078 788 368.819 0.206445 443 1374 0 5223 7040 968 
84 788 1 5.15867 788 366.44 0.206445 446 1396 0 5531 7373 983 
85 790 1 5.10708 790 367.044 0.206969 447 1418 0 5961 7826 998 
86 791 1 5.05601 791 335.856 0.207231 450 1440 0 6340 8230 1013 
87 791 1 5.00545 791 335.856 0.207231 461 1462 0 6690 8613 1028 
88 794 1 4.9554 794 380.864 0.208017 466 1484 0 7765 9715 1043 
89 797 1 4.90584 797 329.073 0.208803 470 1506 0 8329 10305 1058 
90 797 1 4.85678 797 329.073 0.208803 472 1528 0 10508 12508 1073 
91 797 1 4.80822 797 302.793 0.208803 485 1550 0 11140 13175 1088 
92 842 1 4.76013 842 334.461 0.220592 491 1572 0 11684 13747 1103 
93 922 1 4.71253 922 362.386 0.241551 509 1594 0 15318 17421 1118 
94 922 1 4.66541 922 362.094 0.241551 513 1616 0 18430 20559 1133 
95 931 1 4.61875 931 359.831 0.243909 519 1638 0 33584 35741 1148 
96 949 1 4.57257 949 365.36 0.248625 534 1660 0 42983 45177 1163 
97 949 1 4.52684 949 362.655 0.248625 549 1682 0 55009 57240 1178 
98 949 1 4.48157 949 362.655 0.248625 560 1704 0 64075 66339 1193 
99 971 1 4.43676 971 375.182 0.254388 565 1726 0 76724 79015 1208 
100 971 1 4.39239 971 364.238 0.254388 565 1748 0 82933 85246 1224 
101 971 1 4.34846 971 330.834 0.254388 574 1770 0 92072 94416 1240 
102 1070 1 4.30498 1070 340.61 0.280325 599 1792 0 107025 109416 1256 
103 1128 1 4.26193 1128 358.395 0.29552 611 1814 0 164884 167309 1272 
104 1151 1 4.21931 1151 369.436 0.301546 617 1836 0 247002 249455 1288 
105 1151 1 4.17712 1151 369.436 0.301546 628 1858 0 320818 323304 1304 
106 1151 1 4.13535 1151 358.902 0.301546 628 1880 0 372566 375074 1320 
107 1151 1 4.09399 1151 354.741 0.301546 637 1897 0 422088 424622 1336 
108 1151 1 4.05305 1151 348.894 0.301546 639 1914 0 458598 461151 1352 
109 1155 1 4.01252 1155 368.29 0.302594 640 1931 0 607744 610315 1368 
110 1159 1 3.9724 1159 347.953 0.303642 641 1948 0 682883 685472 1384 
111 1232 1 3.93267 1232 359.57 0.322767 663 1965 0 773032 775660 1400 
112 1232 1 3.89335 1232 359.57 0.322767 663 1982 0 1029031 1031676 1416 
113 1242 1 3.85441 1242 346.977 0.325386 665 1999 0 1293602 1296266 1432 
114 1251 1 3.81587 1251 329.134 0.327744 668 2016 0 1563525 1566209 1448 
