1 4 1 12 4 0 0.00104794 0 14 0 0 14 0 
2 7 1 12 7 3 0.0018339 0 28 0 0 28 1 
3 54 1 12 54 7.28892 0.0141472 9 42 0 0 51 3 
4 64 1 12 64 10.2889 0.0167671 14 56 0 0 70 6 
5 66 1 12 66 13.2889 0.0172911 15 70 0 0 85 10 
6 77 1 12 77 16.2889 0.0201729 20 84 0 0 104 15 
7 77 1 12 77 16.2889 0.0201729 20 98 0 0 118 21 
8 93 1 12 93 20.6207 0.0243647 32 112 0 0 144 28 
9 103 1 12 103 33.338 0.0269845 40 126 0 0 166 36 
10 112 1 12 112 39.338 0.0293424 48 140 0 0 188 44 
11 134 1 12 134 42.7487 0.0351061 55 154 0 0 209 52 
12 140 1 12 140 60.0994 0.036678 56 168 0 0 224 61 
13 141 1 12 141 65.635 0.03694 57 182 0 0 239 70 
14 141 1 12 141 65.635 0.03694 64 196 0 0 260 79 
15 149 1 12 149 67.5955 0.0390359 72 210 0 0 282 88 
16 161 1 12 161 57.4898 0.0421797 82 224 0 0 306 98 
17 161 1 12 161 57.4898 0.0421797 83 238 0 0 321 108 
18 163 1 12 163 60.4898 0.0427037 84 257 0 0 341 118 
19 226 1 12 226 72.6583 0.0592088 99 276 0 0 375 128 
20 230 1 12 230 70.8139 0.0602567 103 295 0 1 399 138 
21 230 1 12 230 70.8139 0.0602567 111 314 0 2 427 148 
22 231 1 12 231 76.7967 0.0605187 111 333 0 3 447 159 
23 253 1 12 253 90.6429 0.0662824 124 352 0 4 480 170 
24 267 1 12 267 93.6429 0.0699502 127 371 0 5 503 181 
25 270 1 12 270 90.0793 0.0707362 127 390 0 6 523 192 
26 279 1 12 279 93.0793 0.0730941 129 409 0 7 545 203 
27 279 1 12 279 93.0793 0.0730941 129 428 0 8 565 214 
28 308 1 12 308 129.423 0.0806916 142 447 0 10 599 225 
29 308 1 12 308 129.423 0.0806916 146 466 0 13 625 236 
30 330 1 12 330 103.153 0.0864553 153 485 0 15 653 248 
31 361 1 12 361 112.434 0.0945769 164 504 0 18 686 260 
32 377 1 12 377 133.974 0.0987687 167 523 0 22 712 272 
33 381 1 12 381 140.787 0.0998166 168 542 0 28 738 284 
34 381 1 12 381 140.787 0.0998166 170 561 0 34 765 296 
35 381 1 12 381 140.787 0.0998166 179 580 0 40 799 308 
36 382 1 12 382 168.772 0.100079 181 599 0 47 827 320 
37 387 1 12 387 147.228 0.101389 189 618 0 56 863 332 
38 389 1 12 389 189.716 0.101912 189 632 0 62 883 344 
39 400 1 12 400 212.219 0.104794 191 646 0 70 907 356 
40 410 1 12 410 207.39 0.107414 194 660 0 78 932 369 
41 448 1 12 448 210.39 0.11737 203 674 0 87 964 382 
42 449 1 12 449 213.39 0.117632 209 688 0 97 994 395 
43 449 1 12 449 213.39 0.117632 212 702 0 110 1024 408 
44 449 1 12 449 212.391 0.117632 212 716 0 120 1048 421 
45 459 1 12 459 260.742 0.120252 214 730 0 131 1075 434 
46 463 1 12 463 262.354 0.121299 216 744 0 142 1102 447 
47 467 1 12 467 225.102 0.122347 217 758 0 155 1130 460 
48 480 1 12 480 293.832 0.125753 220 772 0 183 1175 473 
49 482 1 12 482 251.947 0.126277 235 786 0 208 1229 486 
50 482 1 12 482 251.947 0.126277 242 800 0 230 1272 499 
51 489 1 12 489 281.964 0.128111 253 814 0 255 1322 512 
52 489 1 12 489 250.689 0.128111 255 828 0 307 1390 525 
53 491 1 12 491 290.601 0.128635 266 842 0 359 1467 538 
54 509 1 12 509 304.867 0.133351 271 856 0 378 1505 552 
55 529 1 12 529 312.627 0.138591 278 870 0 438 1586 566 
56 541 1 12 541 325.584 0.141734 281 884 0 518 1683 580 
57 544 1 12 544 323.827 0.14252 282 898 0 625 1805 594 
58 550 1 12 550 349.215 0.144092 283 912 0 724 1919 608 
59 552 1 12 552 359.305 0.144616 288 926 0 833 2047 622 
60 552 1 12 552 359.305 0.144616 290 940 0 943 2173 636 
61 552 1 12 552 358.603 0.144616 290 954 0 1055 2299 650 
62 568 1 12 568 341.494 0.148808 304 968 0 1189 2461 664 
63 593 1 12 593 392.201 0.155358 311 982 0 1334 2627 678 
64 602 1 12 602 389.936 0.157715 316 996 0 1523 2835 692 
65 607 1 12 607 300.021 0.159025 318 1010 0 1647 2975 706 
66 607 1 12 607 300.021 0.159025 318 1024 0 1761 3103 720 
67 607 1 12 607 300.021 0.159025 319 1038 0 1863 3220 734 
68 634 1 12 634 334.783 0.166099 324 1052 0 1963 3339 748 
69 634 1 12 634 334.783 0.166099 330 1066 0 2080 3476 762 
70 646 1 12 646 356.712 0.169243 341 1088 0 2202 3631 776 
71 656 1 12 656 334.686 0.171863 350 1110 0 2280 3740 790 
72 657 1 12 657 346.144 0.172125 357 1132 0 2440 3929 804 
73 700 1 12 700 423.14 0.18339 371 1154 0 2583 4108 818 
74 700 1 12 700 421.909 0.18339 376 1176 0 2719 4271 833 
75 709 1 12 709 417.206 0.185748 386 1198 0 2933 4517 848 
76 709 1 12 709 332.813 0.185748 391 1220 0 3083 4694 863 
77 709 1 12 709 332.813 0.185748 394 1242 0 3241 4877 878 
78 710 1 12 710 356.705 0.18601 395 1264 0 3468 5127 893 
79 746 1 12 746 400.903 0.195441 412 1286 0 3560 5258 908 
80 746 1 12 746 372.297 0.195441 428 1308 0 3752 5488 923 
81 784 1 12 784 394.388 0.205397 439 1330 0 3915 5684 938 
82 787 1 12 787 377.577 0.206183 443 1352 0 4025 5820 953 
83 788 1 12 788 412.167 0.206445 443 1374 0 4102 5919 968 
84 788 1 12 788 378.749 0.206445 446 1396 0 4204 6046 983 
85 790 1 12 790 368.13 0.206969 447 1418 0 4466 6331 998 
86 791 1 12 791 409.986 0.207231 450 1440 0 4712 6602 1013 
87 791 1 12 791 409.986 0.207231 461 1462 0 4805 6728 1028 
88 794 1 12 794 434.984 0.208017 466 1484 0 4840 6790 1043 
89 797 1 12 797 413.964 0.208803 470 1506 0 4878 6854 1058 
90 797 1 12 797 413.964 0.208803 472 1528 0 4917 6917 1073 
91 797 1 12 797 413.964 0.208803 485 1550 0 4946 6981 1088 
92 842 1 12 842 526.011 0.220592 491 1572 0 5060 7123 1103 
93 922 1 12 922 468.346 0.241551 509 1594 0 5106 7209 1118 
94 922 1 12 922 434.82 0.241551 513 1616 0 5149 7278 1133 
95 931 1 12 931 515.838 0.243909 519 1638 0 5394 7551 1148 
96 949 1 12 949 434.109 0.248625 534 1660 0 5476 7670 1163 
97 949 1 12 949 434.109 0.248625 549 1682 0 5527 7758 1178 
98 949 1 12 949 434.109 0.248625 560 1704 0 5663 7927 1193 
99 971 1 12 971 490.662 0.254388 565 1726 0 5910 8201 1208 
100 971 1 12 971 490.662 0.254388 565 1748 0 6474 8787 1224 
101 971 1 12 971 490.662 0.254388 574 1770 0 7137 9481 1240 
102 1070 1 12 1070 523.046 0.280325 599 1792 0 8087 10478 1256 
103 1128 1 12 1128 478.625 0.29552 611 1814 0 8350 10775 1272 
104 1151 1 12 1151 524.409 0.301546 617 1836 0 8950 11403 1288 
105 1151 1 12 1151 477.115 0.301546 628 1858 0 9172 11658 1304 
106 1151 1 12 1151 477.115 0.301546 628 1880 0 9420 11928 1320 
107 1151 1 12 1151 477.115 0.301546 637 1897 0 9696 12230 1336 
108 1151 1 12 1151 477.115 0.301546 639 1914 0 11038 13591 1352 
109 1155 1 12 1155 518.222 0.302594 640 1931 0 12019 14590 1368 
110 1159 1 12 1159 666.375 0.303642 641 1948 0 12371 14960 1384 
111 1232 1 12 1232 571.919 0.322767 663 1965 0 12660 15288 1400 
112 1232 1 12 1232 571.919 0.322767 663 1982 0 13234 15879 1416 
113 1242 1 12 1242 549.403 0.325386 665 1999 0 13981 16645 1432 
114 1251 1 12 1251 599.415 0.327744 668 2016 0 14674 17358 1448 
115 1254 1 12 1254 591.117 0.32853 689 2033 0 15227 17949 1464 
116 1255 1 12 1255 582.505 0.328792 690 2050 0 16347 19087 1480 
117 1265 1 12 1265 585.339 0.331412 696 2067 0 17574 20337 1496 
118 1272 1 12 1272 644.436 0.333246 699 2084 0 19594 22377 1512 
119 1278 1 12 1278 673.059 0.334818 703 2101 0 22379 25183 1528 
120 1296 1 12 1296 658.189 0.339534 709 2118 0 22816 25643 1544 
121 1296 1 12 1296 546.403 0.339534 715 2135 0 24180 27030 1560 
122 1300 1 12 1300 577.653 0.340582 724 2152 0 26770 29646 1576 
123 1305 1 12 1305 594.416 0.341892 726 2169 0 29111 32006 1592 
124 1306 1 12 1306 694.995 0.342154 729 2186 0 31204 34119 1608 
125 1307 1 12 1307 746.077 0.342416 756 2203 0 31869 34828 1624 
126 1307 1 12 1307 658.639 0.342416 759 2220 0 33701 36680 1640 
127 1307 1 12 1307 658.639 0.342416 761 2237 0 34542 37540 1656 
128 1322 1 12 1322 762.775 0.346345 764 2254 0 35587 38605 1672 
129 1322 1 12 1322 651.156 0.346345 777 2271 0 37044 40092 1688 
130 1333 1 12 1333 670.212 0.349227 788 2288 0 41797 44873 1704 
131 1335 1 12 1335 650.512 0.349751 798 2305 0 42200 45303 1720 
132 1342 1 12 1342 676.81 0.351585 802 2322 0 42728 45852 1736 
133 1350 1 12 1350 580.04 0.353681 806 2339 0 43654 46799 1752 
134 1352 1 12 1352 616.128 0.354205 810 2356 0 45484 48650 1768 
135 1352 1 12 1352 579.885 0.354205 810 2373 0 46475 49658 1785 
136 1362 1 12 1362 618.745 0.356825 812 2390 0 47516 50718 1802 
137 1377 1 12 1377 671.497 0.360755 815 2407 0 49047 52269 1819 
138 1384 1 12 1384 796.472 0.362588 825 2424 0 53363 56612 1836 
139 1385 1 12 1385 784.804 0.36285 833 2441 0 56389 59663 1853 
140 1385 1 12 1385 784.804 0.36285 834 2466 0 60442 63742 1870 
141 1386 1 12 1386 755.744 0.363112 839 2491 0 64755 68085 1887 
142 1386 1 12 1386 720.355 0.363112 842 2516 0 74725 78083 1904 
143 1386 1 12 1386 622.74 0.363112 842 2541 0 80433 83816 1921 
144 1416 1 12 1416 727.453 0.370972 852 2566 0 83942 87360 1938 
145 1416 1 12 1416 687.484 0.370972 852 2591 0 92494 95937 1955 
146 1496 1 12 1496 740.064 0.391931 876 2616 0 96312 99804 1972 
147 1529 1 12 1529 717.84 0.400576 907 2641 0 101894 105442 1989 
148 1546 1 12 1546 638.595 0.40503 911 2666 0 104920 108497 2006 
149 1556 1 12 1556 592.518 0.40765 917 2691 0 106671 110279 2023 
150 1563 1 12 1563 675.397 0.409484 923 2716 0 108970 112609 2040 
151 1566 1 12 1566 700.354 0.41027 927 2741 0 122851 126519 2057 
152 1567 1 12 1567 671.08 0.410532 932 2766 0 130932 134630 2074 
153 1567 1 12 1567 671.08 0.410532 934 2791 0 138081 141806 2091 
154 1567 1 12 1567 671.08 0.410532 966 2816 0 139951 143733 2108 
155 1567 1 12 1567 666.079 0.410532 967 2841 0 143454 147262 2125 
156 1574 1 12 1574 699.441 0.412366 973 2866 0 146155 149994 2142 
157 1585 1 12 1585 690.139 0.415248 979 2891 0 150024 153894 2159 
158 1589 1 12 1589 743.079 0.416296 981 2916 0 157435 161332 2176 
159 1590 1 12 1590 746.763 0.416558 992 2941 0 167731 171664 2193 
160 1591 1 12 1591 726.613 0.416819 993 2966 0 178935 182894 2210 
161 1595 1 12 1595 779.291 0.417867 997 2991 0 182071 186059 2227 
162 1596 1 12 1596 754.957 0.418129 997 3016 0 188124 192137 2244 
163 1599 1 12 1599 764.849 0.418915 998 3041 0 203926 207965 2261 
164 1599 1 12 1599 764.849 0.418915 998 3066 0 208386 212450 2278 
165 1620 1 12 1620 699.962 0.424417 1007 3091 0 211358 215456 2295 
166 1687 1 12 1687 759.522 0.44197 1023 3116 0 218159 222298 2312 
167 1687 1 12 1687 742.538 0.44197 1024 3141 0 236054 240219 2329 
168 1687 1 12 1687 742.538 0.44197 1025 3166 0 246660 250851 2346 
169 1687 1 12 1687 742.538 0.44197 1026 3191 0 257502 261719 2363 
170 1731 1 12 1731 753.964 0.453497 1040 3216 0 264637 268893 2380 
171 1768 1 12 1768 743.688 0.463191 1060 3241 0 269650 273951 2397 
172 1768 1 12 1768 743.688 0.463191 1074 3266 0 286481 290821 2414 
173 1768 1 12 1768 733.686 0.463191 1075 3291 0 302353 306719 2431 
174 1768 1 12 1768 733.686 0.463191 1075 3315 0 312512 316902 2448 
175 1770 1 12 1770 750.5 0.463715 1078 3339 0 318684 323101 2465 
176 1771 1 12 1771 707.396 0.463977 1082 3363 0 327018 331463 2482 
177 1774 1 12 1774 764.009 0.464763 1091 3387 0 330039 334517 2499 
178 1784 1 12 1784 763.722 0.467383 1106 3411 0 338194 342711 2516 
179 1788 1 12 1788 639.457 0.468431 1116 3435 0 343457 348008 2533 
180 1791 1 12 1791 774.488 0.469217 1121 3459 0 354468 359048 2550 
181 1808 1 12 1808 754.19 0.47367 1129 3483 0 364235 368847 2567 
182 1808 1 12 1808 736.654 0.47367 1133 3507 0 382792 387432 2584 
183 1814 1 12 1814 823.388 0.475242 1142 3531 0 413662 418335 2601 
184 1816 1 12 1816 800.948 0.475766 1145 3555 0 441077 445777 2619 
185 1823 1 12 1823 752.907 0.4776 1151 3579 0 448317 453047 2637 
186 1823 1 12 1823 750.74 0.4776 1160 3603 0 459521 464284 2655 
187 1823 1 12 1823 750.74 0.4776 1164 3627 0 471431 476222 2673 
188 1823 1 12 1823 750.74 0.4776 1167 3651 0 489517 494335 2691 
189 1823 1 12 1823 750.74 0.4776 1170 3675 0 496874 501719 2709 
190 1823 1 12 1823 750.74 0.4776 1177 3699 0 553515 558391 2727 
191 1823 1 12 1823 750.74 0.4776 1179 3723 0 570094 574996 2745 
192 1836 1 12 1836 734.437 0.481006 1211 3747 0 574267 579225 2763 
193 1836 1 12 1836 734.437 0.481006 1245 3771 0 618556 623572 2781 
194 1839 1 12 1839 813 0.481792 1257 3795 0 685166 690218 2799 
195 1839 1 12 1839 789.757 0.481792 1259 3819 0 720571 725649 2817 
196 1850 1 12 1850 770.522 0.484674 1268 3843 0 751516 756627 2835 
197 1850 1 12 1850 761.997 0.484674 1278 3867 0 771928 777073 2853 
198 1851 1 12 1851 780.394 0.484936 1287 3891 0 795070 800248 2871 
199 1851 1 12 1851 757.948 0.484936 1287 3915 0 810204 815406 2889 
200 1854 1 12 1854 750.873 0.485722 1290 3939 0 842930 848159 2907 
201 1855 1 12 1855 784.13 0.485984 1303 3963 0 909388 914654 2925 
202 1855 1 12 1855 736.867 0.485984 1307 3987 0 942944 948238 2943 
203 1855 1 12 1855 736.867 0.485984 1310 4011 0 1041843 1047164 2961 
204 1855 1 12 1855 736.867 0.485984 1310 4035 0 1111966 1117311 2979 
205 1855 1 12 1855 736.867 0.485984 1318 4059 0 1162198 1167575 2997 
206 1855 1 12 1855 736.867 0.485984 1330 4083 0 1237372 1242785 3015 
207 1855 1 12 1855 736.867 0.485984 1330 4107 0 1301564 1307001 3033 
208 1856 1 12 1856 757.807 0.486246 1339 4126 0 1335296 1340761 3051 
209 1856 1 12 1856 732.808 0.486246 1340 4145 0 1379555 1385040 3069 
210 1857 1 12 1857 818.142 0.486508 1344 4164 0 1593877 1599385 3087 
211 1857 1 12 1857 799.535 0.486508 1346 4183 0 1631255 1636784 3105 
212 1857 1 12 1857 754.172 0.486508 1358 4202 0 1692039 1697599 3123 
