1 4 0.01 0.99 4 0 0.00104794 0 14 0 0 14 0 
6 77 0.0585198 0.94148 61 8.53038 0.0159811 20 84 0 0 104 15 
26 279 0.229957 0.770043 145 17.4329 0.0379879 129 409 0 2 540 203 
41 448 0.337718 0.662282 205 52.1968 0.0537071 203 674 0 6 883 382 
54 509 0.418834 0.581167 263 57.3354 0.0689023 271 856 0 14 1141 552 
62 568 0.463732 0.536268 294 62.2538 0.0770238 304 968 0 23 1295 664 
66 607 0.484863 0.515137 314 68.3224 0.0822636 318 1024 0 36 1378 720 
69 634 0.500163 0.499837 332 67.1936 0.0869793 330 1066 0 57 1453 762 
71 656 0.51011 0.48989 339 67.5861 0.0888132 350 1110 0 90 1550 790 
73 700 0.519858 0.480141 368 68.3998 0.0964108 371 1154 0 128 1653 818 
75 709 0.529413 0.470587 381 63.7548 0.0998166 386 1198 0 173 1757 848 
77 709 0.538778 0.461222 384 69.9396 0.100603 394 1242 0 224 1860 878 
78 710 0.54339 0.45661 386 69.798 0.101127 395 1264 0 336 1995 893 
79 746 0.547956 0.452044 416 66.3775 0.108986 412 1286 0 465 2163 908 
81 784 0.556952 0.443048 450 71.1878 0.117894 439 1330 0 664 2433 938 
85 790 0.57441 0.42559 467 75.2571 0.122347 447 1418 0 1354 3219 998 
89 797 0.59118 0.40882 489 76.3001 0.128111 470 1506 0 2233 4209 1058 
92 842 0.603322 0.396678 513 79.7278 0.134399 491 1572 0 4229 6292 1103 
93 922 0.607289 0.392711 564 76.2664 0.14776 509 1594 0 7082 9185 1118 
95 931 0.615104 0.384896 573 84.5173 0.150118 519 1638 0 19098 21255 1148 
96 949 0.618953 0.381047 607 82.3882 0.159025 534 1660 0 30328 32522 1163 
99 971 0.63027 0.36973 632 87.275 0.165575 565 1726 0 41476 43767 1208 
102 1070 0.641252 0.358748 696 87.2526 0.182342 599 1792 0 78850 81241 1256 
103 1128 0.644839 0.355161 736 89.5762 0.192822 611 1814 0 161492 163917 1272 
104 1151 0.648391 0.351609 752 92.8381 0.197013 617 1836 0 287802 290255 1288 
106 1151 0.655388 0.344612 762 95.7197 0.199633 628 1880 0 427390 429898 1320 
108 1151 0.662245 0.337754 767 96.8894 0.200943 639 1914 0 575700 578253 1352 
109 1155 0.665623 0.334377 777 99.0334 0.203563 640 1931 0 802064 804635 1368 
111 1232 0.672277 0.327723 832 93.762 0.217972 663 1965 0 1217949 1220577 1400 
112 1232 0.675554 0.324445 839 95.6531 0.219806 663 1982 0 1638724 1641369 1416 
