1 4 0.01 10.89 4 0 0.00104794 0 14 0 0 14 0 
6 77 0.0585198 10.3563 61 8.53038 0.0159811 20 84 0 0 104 15 
26 279 0.229957 8.47048 168 31.58 0.0440136 129 409 0 2 540 203 
46 463 0.370176 6.92806 229 36.5838 0.0599948 216 744 0 8 968 447 
56 541 0.430399 6.26561 268 68.7107 0.0702122 281 884 0 15 1180 580 
63 593 0.469094 5.83996 326 123.44 0.0854074 311 982 0 24 1317 678 
70 646 0.505161 5.44323 383 133.701 0.100341 341 1088 0 35 1464 776 
78 710 0.54339 5.02271 451 138.776 0.118156 395 1264 0 45 1704 893 
85 790 0.57441 4.68149 543 173.307 0.142258 447 1418 0 58 1923 998 
93 922 0.607289 4.31982 602 145.319 0.157715 509 1594 0 73 2176 1118 
99 971 0.63027 4.06703 680 167.506 0.17815 565 1726 0 90 2381 1208 
102 1070 0.641252 3.94623 767 165.614 0.200943 599 1792 0 106 2497 1256 
109 1155 0.665623 3.67815 780 166.414 0.204349 640 1931 0 125 2696 1368 
111 1232 0.672277 3.60495 862 167.66 0.225832 663 1965 0 144 2772 1400 
116 1255 0.688339 3.42827 924 198.683 0.242075 690 2050 0 166 2906 1480 
123 1305 0.709511 3.19537 949 184.923 0.248625 726 2169 0 194 3089 1592 
128 1322 0.723748 3.03877 973 190.667 0.254912 764 2254 0 227 3245 1672 
131 1335 0.731953 2.94851 987 193.044 0.25858 798 2305 0 265 3368 1720 
133 1350 0.737287 2.88984 998 179.999 0.261462 806 2339 0 298 3443 1752 
134 1352 0.739914 2.86094 1017 180.779 0.26644 810 2356 0 341 3507 1768 
137 1377 0.747639 2.77597 1033 193.64 0.270631 815 2407 0 394 3616 1819 
138 1384 0.750163 2.74821 1047 197.761 0.274299 825 2424 0 511 3760 1836 
141 1386 0.757583 2.66658 1052 197.38 0.275609 839 2491 0 592 3922 1887 
142 1386 0.760008 2.63992 1054 184.49 0.276133 842 2516 0 708 4066 1904 
143 1386 0.762407 2.61352 1061 190.074 0.277967 842 2541 0 833 4216 1921 
144 1416 0.764783 2.58738 1086 191.144 0.284517 852 2566 0 982 4400 1938 
145 1416 0.767136 2.56151 1097 189.346 0.287398 852 2591 0 1139 4582 1955 
146 1496 0.769464 2.53589 1155 179.661 0.302594 876 2616 0 1220 4712 1972 
147 1529 0.77177 2.51053 1181 190.73 0.309405 907 2641 0 1396 4944 1989 
148 1546 0.774052 2.48543 1200 179.962 0.314383 911 2666 0 1564 5141 2006 
149 1556 0.776311 2.46058 1219 186.725 0.319361 917 2691 0 1777 5385 2023 
151 1566 0.780763 2.41161 1224 184.65 0.320671 927 2741 0 2016 5684 2057 
152 1567 0.782955 2.38749 1237 196.485 0.324077 932 2766 0 3361 7059 2074 
156 1574 0.791508 2.29342 1247 184.026 0.326696 973 2866 0 3725 7564 2142 
157 1585 0.793592 2.27048 1274 186.324 0.33377 979 2891 0 5008 8878 2159 
161 1595 0.801726 2.18102 1279 178.233 0.33508 997 2991 0 6053 10041 2227 
162 1596 0.803708 2.15921 1284 189.565 0.33639 997 3016 0 10237 14250 2244 
163 1599 0.805671 2.13761 1296 190.677 0.339534 998 3041 0 20919 24958 2261 
165 1620 0.809538 2.09508 1321 189.419 0.346083 1007 3091 0 33779 37877 2295 
166 1687 0.811443 2.07413 1369 185.972 0.358659 1023 3116 0 61761 65900 2312 
167 1687 0.813329 2.05338 1374 187.866 0.359969 1024 3141 0 84403 88568 2329 
168 1687 0.815195 2.03285 1384 177.318 0.362588 1025 3166 0 94828 99019 2346 
170 1731 0.818873 1.9924 1419 188.451 0.371758 1040 3216 0 117301 121557 2380 
171 1768 0.820684 1.97247 1452 175.78 0.380403 1060 3241 0 136963 141264 2397 
172 1768 0.822477 1.95275 1456 185.956 0.381451 1074 3266 0 147706 152046 2414 
173 1768 0.824253 1.93322 1461 179.035 0.382761 1075 3291 0 174928 179294 2431 
175 1770 0.82775 1.89475 1467 192.386 0.384333 1078 3339 0 325371 329788 2465 
176 1771 0.829473 1.8758 1469 188.693 0.384857 1082 3363 0 493333 497778 2482 
177 1774 0.831178 1.85704 1481 194.256 0.388001 1091 3387 0 614017 618495 2499 
178 1784 0.832866 1.83847 1496 188.482 0.391931 1106 3411 0 687557 692074 2516 
180 1791 0.836192 1.80189 1508 190.006 0.395075 1121 3459 0 1200861 1205441 2550 
