1 4 1 5 4 0 0.00104794 0 14 0 0 14 0 
2 7 1 5 7 3 0.0018339 0 28 0 0 28 1 
3 54 1 5 54 7.28892 0.0141472 9 42 0 0 51 3 
4 64 1 5 64 10.2889 0.0167671 14 56 0 0 70 6 
5 66 1 5 66 13.2889 0.0172911 15 70 0 0 85 10 
6 77 1 5 77 16.2889 0.0201729 20 84 0 0 104 15 
7 77 1 5 77 16.2889 0.0201729 20 98 0 0 118 21 
8 93 1 5 93 20.6207 0.0243647 32 112 0 0 144 28 
9 103 1 5 103 33.338 0.0269845 40 126 0 0 166 36 
10 112 1 5 112 39.338 0.0293424 48 140 0 0 188 44 
11 134 1 5 134 42.7487 0.0351061 55 154 0 0 209 52 
12 140 1 5 140 60.0994 0.036678 56 168 0 0 224 61 
13 141 1 5 141 65.635 0.03694 57 182 0 0 239 70 
14 141 1 5 141 65.635 0.03694 64 196 0 0 260 79 
15 149 1 5 149 67.5955 0.0390359 72 210 0 0 282 88 
16 161 1 5 161 57.4898 0.0421797 82 224 0 0 306 98 
17 161 1 5 161 57.4898 0.0421797 83 238 0 0 321 108 
18 163 1 5 163 60.4898 0.0427037 84 257 0 0 341 118 
19 226 1 5 226 72.6583 0.0592088 99 276 0 0 375 128 
20 230 1 5 230 70.8139 0.0602567 103 295 0 1 399 138 
21 230 1 5 230 70.8139 0.0602567 111 314 0 2 427 148 
22 231 1 5 231 76.7967 0.0605187 111 333 0 3 447 159 
23 253 1 5 253 90.6429 0.0662824 124 352 0 4 480 170 
24 267 1 5 267 93.6429 0.0699502 127 371 0 5 503 181 
25 270 1 5 270 90.0793 0.0707362 127 390 0 6 523 192 
26 279 1 5 279 93.0793 0.0730941 129 409 0 8 546 203 
27 279 1 5 279 93.0793 0.0730941 129 428 0 9 566 214 
28 308 1 5 308 98.54 0.0806916 142 447 0 11 600 225 
29 308 1 5 308 98.54 0.0806916 146 466 0 13 625 236 
30 330 1 5 330 103.153 0.0864553 153 485 0 15 653 248 
31 361 1 5 361 130.974 0.0945769 164 504 0 17 685 260 
32 377 1 5 377 133.974 0.0987687 167 523 0 21 711 272 
33 381 1 5 381 163.389 0.0998166 168 542 0 24 734 284 
34 381 1 5 381 163.389 0.0998166 170 561 0 27 758 296 
35 381 1 5 381 163.389 0.0998166 179 580 0 31 790 308 
36 382 1 5 382 166.389 0.100079 181 599 0 35 815 320 
37 387 1 5 387 183.631 0.101389 189 618 0 39 846 332 
38 389 1 5 389 186.555 0.101912 189 632 0 48 869 344 
39 400 1 5 400 192.119 0.104794 191 646 0 54 891 356 
40 410 1 5 410 225.888 0.107414 194 660 0 60 914 369 
41 448 1 5 448 233.033 0.11737 203 674 0 66 943 382 
42 449 1 5 449 206.306 0.117632 209 688 0 74 971 395 
43 449 1 5 449 206.306 0.117632 212 702 0 81 995 408 
44 449 1 5 449 206.306 0.117632 212 716 0 88 1016 421 
45 459 1 5 459 248.293 0.120252 214 730 0 95 1039 434 
46 463 1 5 463 252.306 0.121299 216 744 0 103 1063 447 
47 467 1 5 467 256.644 0.122347 217 758 0 110 1085 460 
48 480 1 5 480 216.505 0.125753 220 772 0 131 1123 473 
49 482 1 5 482 242.682 0.126277 235 786 0 158 1179 486 
50 482 1 5 482 224.485 0.126277 242 800 0 179 1221 499 
51 489 1 5 489 227.485 0.128111 253 814 0 202 1269 512 
52 489 1 5 489 227.485 0.128111 255 828 0 225 1308 525 
53 491 1 5 491 235.341 0.128635 266 842 0 249 1357 538 
54 509 1 5 509 330.254 0.133351 271 856 0 316 1443 552 
55 529 1 5 529 311.323 0.138591 278 870 0 409 1557 566 
56 541 1 5 541 333.404 0.141734 281 884 0 499 1664 580 
57 544 1 5 544 291.398 0.14252 282 898 0 563 1743 594 
58 550 1 5 550 289.961 0.144092 283 912 0 610 1805 608 
59 552 1 5 552 289.368 0.144616 288 926 0 661 1875 622 
60 552 1 5 552 289.368 0.144616 290 940 0 720 1950 636 
61 552 1 5 552 289.368 0.144616 290 954 0 789 2033 650 
62 568 1 5 568 324.282 0.148808 304 968 0 909 2181 664 
63 593 1 5 593 363.715 0.155358 311 982 0 1082 2375 678 
64 602 1 5 602 363.016 0.157715 316 996 0 1291 2603 692 
65 607 1 5 607 367.446 0.159025 318 1010 0 1556 2884 706 
66 607 1 5 607 312.532 0.159025 318 1024 0 1624 2966 720 
67 607 1 5 607 312.532 0.159025 319 1038 0 1714 3071 734 
68 634 1 5 634 326.162 0.166099 324 1052 0 1841 3217 748 
69 634 1 5 634 326.162 0.166099 330 1066 0 1980 3376 762 
70 646 1 5 646 332.816 0.169243 341 1088 0 2108 3537 776 
71 656 1 5 656 315.812 0.171863 350 1110 0 2302 3762 790 
72 657 1 5 657 348.353 0.172125 357 1132 0 2492 3981 804 
73 700 1 5 700 369.994 0.18339 371 1154 0 2635 4160 818 
74 700 1 5 700 364.25 0.18339 376 1176 0 2802 4354 833 
75 709 1 5 709 373.743 0.185748 386 1198 0 3066 4650 848 
76 709 1 5 709 371.915 0.185748 391 1220 0 3278 4889 863 
77 709 1 5 709 371.915 0.185748 394 1242 0 3507 5143 878 
78 710 1 5 710 368.81 0.18601 395 1264 0 3728 5387 893 
79 746 1 5 746 387.544 0.195441 412 1286 0 3969 5667 908 
80 746 1 5 746 362.533 0.195441 428 1308 0 4187 5923 923 
81 784 1 5 784 348.688 0.205397 439 1330 0 4482 6251 938 
82 787 1 5 787 348.155 0.206183 443 1352 0 4699 6494 953 
83 788 1 5 788 339.448 0.206445 443 1374 0 4925 6742 968 
84 788 1 5 788 339.448 0.206445 446 1396 0 5177 7019 983 
85 790 1 5 790 344.117 0.206969 447 1418 0 5443 7308 998 
86 791 1 5 791 339.848 0.207231 450 1440 0 5860 7750 1013 
87 791 1 5 791 339.848 0.207231 461 1462 0 6350 8273 1028 
88 794 1 5 794 366.636 0.208017 466 1484 0 7321 9271 1043 
89 797 1 5 797 353.799 0.208803 470 1506 0 7912 9888 1058 
90 797 1 5 797 353.799 0.208803 472 1528 0 8367 10367 1073 
91 797 1 5 797 351.267 0.208803 485 1550 0 9947 11982 1088 
92 842 1 5 842 384.736 0.220592 491 1572 0 10797 12860 1103 
93 922 1 5 922 396.314 0.241551 509 1594 0 12625 14728 1118 
94 922 1 5 922 392.633 0.241551 513 1616 0 14119 16248 1133 
95 931 1 5 931 406.956 0.243909 519 1638 0 15490 17647 1148 
96 949 1 5 949 373.602 0.248625 534 1660 0 17507 19701 1163 
97 949 1 5 949 373.602 0.248625 549 1682 0 24678 26909 1178 
98 949 1 5 949 373.602 0.248625 560 1704 0 29978 32242 1193 
99 971 1 5 971 376.545 0.254388 565 1726 0 34029 36320 1208 
100 971 1 5 971 370.81 0.254388 565 1748 0 37048 39361 1224 
101 971 1 5 971 370.81 0.254388 574 1770 0 40092 42436 1240 
102 1070 1 5 1070 379.311 0.280325 599 1792 0 43808 46199 1256 
103 1128 1 5 1128 394.34 0.29552 611 1814 0 54538 56963 1272 
104 1151 1 5 1151 376.131 0.301546 617 1836 0 59049 61502 1288 
105 1151 1 5 1151 376.131 0.301546 628 1858 0 64442 66928 1304 
106 1151 1 5 1151 376.131 0.301546 628 1880 0 75807 78315 1320 
107 1151 1 5 1151 376.131 0.301546 637 1897 0 82998 85532 1336 
108 1151 1 5 1151 376.131 0.301546 639 1914 0 99212 101765 1352 
109 1155 1 5 1155 376.961 0.302594 640 1931 0 111092 113663 1368 
110 1159 1 5 1159 386.599 0.303642 641 1948 0 134021 136610 1384 
111 1232 1 5 1232 394.692 0.322767 663 1965 0 151958 154586 1400 
112 1232 1 5 1232 394.692 0.322767 663 1982 0 174341 176986 1416 
113 1242 1 5 1242 434.066 0.325386 665 1999 0 186199 188863 1432 
114 1251 1 5 1251 437.548 0.327744 668 2016 0 221410 224094 1448 
115 1254 1 5 1254 417.399 0.32853 689 2033 0 254765 257487 1464 
116 1255 1 5 1255 409.418 0.328792 690 2050 0 305229 307969 1480 
117 1265 1 5 1265 399.816 0.331412 696 2067 0 365285 368048 1496 
118 1272 1 5 1272 404.407 0.333246 699 2084 0 394473 397256 1512 
119 1278 1 5 1278 415.195 0.334818 703 2101 0 442997 445801 1528 
120 1296 1 5 1296 420.54 0.339534 709 2118 0 520574 523401 1544 
121 1296 1 5 1296 420.54 0.339534 715 2135 0 595532 598382 1560 
122 1300 1 5 1300 404.461 0.340582 724 2152 0 677512 680388 1576 
123 1305 1 5 1305 408.082 0.341892 726 2169 0 735175 738070 1592 
124 1306 1 5 1306 438.933 0.342154 729 2186 0 1096986 1099901 1608 
125 1307 1 5 1307 452.612 0.342416 756 2203 0 1407395 1410354 1624 
