1 4 0.01 15.84 4 0 0.00104794 0 14 0 0 14 0 
6 77 0.0585198 15.0637 61 8.53038 0.0159811 20 84 0 0 104 15 
26 279 0.229957 12.3207 168 31.58 0.0440136 129 409 0 2 540 203 
46 463 0.370176 10.0772 229 36.5838 0.0599948 216 744 0 8 968 447 
56 541 0.430399 9.11362 268 68.7107 0.0702122 281 884 0 15 1180 580 
63 593 0.469094 8.49449 326 123.44 0.0854074 311 982 0 24 1317 678 
70 646 0.505161 7.91742 383 133.701 0.100341 341 1088 0 34 1463 776 
78 710 0.54339 7.30576 451 138.776 0.118156 395 1264 0 44 1703 893 
85 790 0.57441 6.80944 543 173.307 0.142258 447 1418 0 56 1921 998 
93 922 0.607289 6.28338 602 145.319 0.157715 509 1594 0 71 2174 1118 
99 971 0.63027 5.91567 691 184.465 0.181032 565 1726 0 87 2378 1208 
103 1128 0.644839 5.68257 785 152.706 0.205659 611 1814 0 105 2530 1272 
111 1232 0.672277 5.24356 914 203.546 0.239455 663 1965 0 125 2753 1400 
122 1300 0.706577 4.69476 960 197.93 0.251506 724 2152 0 148 3024 1576 
129 1322 0.726511 4.37583 971 249.51 0.254388 777 2271 0 174 3222 1688 
130 1333 0.729246 4.33207 1005 246.828 0.263296 788 2288 0 200 3276 1704 
136 1362 0.74509 4.07856 1027 231.723 0.269059 812 2390 0 228 3430 1802 
137 1377 0.747639 4.03777 1038 235.148 0.271941 815 2407 0 260 3482 1819 
138 1384 0.750163 3.99739 1049 238.457 0.274823 825 2424 0 297 3546 1836 
141 1386 0.757583 3.87867 1061 236.83 0.277967 839 2491 0 332 3662 1887 
144 1416 0.764783 3.76347 1083 234.424 0.283731 852 2566 0 375 3793 1938 
145 1416 0.767136 3.72583 1100 230.426 0.288184 852 2591 0 416 3859 1955 
146 1496 0.769464 3.68857 1157 249.655 0.303118 876 2616 0 501 3993 1972 
147 1529 0.77177 3.65169 1182 231.223 0.309667 907 2641 0 555 4103 1989 
148 1546 0.774052 3.61517 1200 230.552 0.314383 911 2666 0 605 4182 2006 
149 1556 0.776311 3.57902 1212 230.916 0.317527 917 2691 0 702 4310 2023 
150 1563 0.778548 3.54323 1219 231.817 0.319361 923 2716 0 771 4410 2040 
151 1566 0.780763 3.5078 1233 223.656 0.323029 927 2741 0 859 4527 2057 
154 1567 0.787274 3.40361 1236 219.344 0.323815 966 2816 0 928 4710 2108 
155 1567 0.789402 3.36957 1237 214.126 0.324077 967 2841 0 991 4799 2125 
156 1574 0.791508 3.33588 1251 223.12 0.327744 973 2866 0 1056 4895 2142 
157 1585 0.793592 3.30252 1260 217.255 0.330102 979 2891 0 1147 5017 2159 
158 1589 0.795657 3.2695 1267 232.852 0.331936 981 2916 0 1418 5315 2176 
159 1590 0.7977 3.2368 1270 215.228 0.332722 992 2941 0 1526 5459 2193 
160 1591 0.799723 3.20443 1280 221.757 0.335342 993 2966 0 1725 5684 2210 
162 1596 0.803708 3.14066 1283 220.532 0.336128 997 3016 0 1846 5859 2244 
163 1599 0.805671 3.10926 1289 220.567 0.3377 998 3041 0 2132 6171 2261 
164 1599 0.807615 3.07816 1295 215.142 0.339272 998 3066 0 2390 6454 2278 
165 1620 0.809538 3.04738 1314 225.71 0.344249 1007 3091 0 3204 7302 2295 
166 1687 0.811443 3.01691 1379 223.379 0.361279 1023 3116 0 4020 8159 2312 
170 1731 0.818873 2.89803 1418 221.522 0.371496 1040 3216 0 4733 8989 2380 
171 1768 0.820684 2.86905 1459 216.679 0.382237 1060 3241 0 5950 10251 2397 
174 1768 0.82601 2.78384 1475 207.316 0.386429 1075 3315 0 6577 10967 2448 
178 1784 0.832866 2.67414 1505 220.291 0.394289 1106 3411 0 17481 21998 2516 
181 1808 0.83783 2.59472 1544 221.791 0.404506 1129 3483 0 27029 31641 2567 
187 1823 0.84732 2.44287 1545 215.8 0.404768 1164 3627 0 146018 150809 2673 
188 1823 0.848847 2.41845 1548 210.926 0.405554 1167 3651 0 194730 199548 2691 
189 1823 0.850359 2.39426 1555 213.641 0.407388 1170 3675 0 346030 350875 2709 
191 1823 0.853337 2.34662 1563 219.839 0.409484 1179 3723 0 500104 505006 2745 
192 1836 0.854803 2.32315 1575 218.864 0.412628 1211 3747 0 651643 656601 2763 
194 1839 0.857693 2.27692 1587 218.001 0.415772 1257 3795 0 1231487 1236539 2799 
