1 4 0.01 14.85 4 0 0.00104794 0 14 0 0 14 0 
6 77 0.0585198 14.1222 61 8.53038 0.0159811 20 84 0 0 104 15 
26 279 0.229957 11.5506 168 31.58 0.0440136 129 409 0 2 540 203 
46 463 0.370176 9.44735 229 36.5838 0.0599948 216 744 0 8 968 447 
56 541 0.430399 8.54402 268 68.7107 0.0702122 281 884 0 15 1180 580 
63 593 0.469094 7.96358 326 123.44 0.0854074 311 982 0 23 1316 678 
70 646 0.505161 7.42258 383 133.701 0.100341 341 1088 0 34 1463 776 
78 710 0.54339 6.84915 451 138.776 0.118156 395 1264 0 44 1703 893 
85 790 0.57441 6.38385 543 173.307 0.142258 447 1418 0 56 1921 998 
93 922 0.607289 5.89066 602 145.319 0.157715 509 1594 0 71 2174 1118 
99 971 0.63027 5.54594 691 184.465 0.181032 565 1726 0 87 2378 1208 
103 1128 0.644839 5.32741 785 152.706 0.205659 611 1814 0 105 2530 1272 
111 1232 0.672277 4.91584 914 203.546 0.239455 663 1965 0 125 2753 1400 
122 1300 0.706577 4.40134 960 197.93 0.251506 724 2152 0 148 3024 1576 
129 1322 0.726511 4.10234 968 207.251 0.253602 777 2271 0 172 3220 1688 
130 1333 0.729246 4.06131 992 213.558 0.25989 788 2288 0 198 3274 1704 
133 1350 0.737287 3.94069 1002 243.95 0.26251 806 2339 0 235 3380 1752 
135 1352 0.742515 3.86227 1022 232.846 0.26775 810 2373 0 273 3456 1785 
137 1377 0.747639 3.78541 1031 232.932 0.270107 815 2407 0 306 3528 1819 
138 1384 0.750163 3.74755 1044 217.893 0.273513 825 2424 0 337 3586 1836 
140 1385 0.755135 3.67298 1061 224.05 0.277967 834 2466 0 377 3677 1870 
144 1416 0.764783 3.52825 1088 216.666 0.285041 852 2566 0 420 3838 1938 
146 1496 0.769464 3.45804 1169 217.104 0.306261 876 2616 0 473 3965 1972 
147 1529 0.77177 3.42346 1190 224.236 0.311763 907 2641 0 530 4078 1989 
148 1546 0.774052 3.38922 1203 223.45 0.315169 911 2666 0 579 4156 2006 
149 1556 0.776311 3.35533 1220 215.933 0.319623 917 2691 0 632 4240 2023 
151 1566 0.780763 3.28856 1223 210.498 0.320409 927 2741 0 732 4400 2057 
152 1567 0.782955 3.25567 1228 217.317 0.321719 932 2766 0 805 4503 2074 
153 1567 0.785126 3.22312 1232 216.636 0.322767 934 2791 0 936 4661 2091 
154 1567 0.787274 3.19088 1243 219.534 0.325648 966 2816 0 1048 4830 2108 
156 1574 0.791508 3.12739 1272 211.309 0.333246 973 2866 0 1127 4966 2142 
160 1591 0.799723 3.00415 1285 216.568 0.336652 993 2966 0 1456 5415 2210 
163 1599 0.805671 2.91493 1297 212.603 0.339796 998 3041 0 1722 5761 2261 
165 1620 0.809538 2.85692 1315 212.577 0.344511 1007 3091 0 2437 6535 2295 
166 1687 0.811443 2.82835 1369 209.191 0.358659 1023 3116 0 3044 7183 2312 
167 1687 0.813329 2.80007 1375 204.296 0.360231 1024 3141 0 3567 7732 2329 
168 1687 0.815195 2.77207 1380 212.355 0.36154 1025 3166 0 5439 9630 2346 
170 1731 0.818873 2.7169 1427 209.316 0.373854 1040 3216 0 6960 11216 2380 
171 1768 0.820684 2.68974 1462 207.739 0.383023 1060 3241 0 8204 12505 2397 
175 1770 0.82775 2.58375 1470 208.462 0.385119 1078 3339 0 12318 16735 2465 
177 1774 0.831178 2.53233 1485 204.652 0.389049 1091 3387 0 16038 20516 2499 
178 1784 0.832866 2.50701 1486 206.354 0.389311 1106 3411 0 19714 24231 2516 
179 1788 0.834537 2.48194 1498 221.39 0.392455 1116 3435 0 24715 29266 2533 
181 1808 0.83783 2.43255 1525 196.881 0.399528 1129 3483 0 29503 34115 2567 
183 1814 0.841057 2.38414 1532 213.973 0.401362 1142 3531 0 49128 53801 2601 
185 1823 0.84422 2.3367 1543 222.757 0.404244 1151 3579 0 107336 112066 2637 
187 1823 0.84732 2.2902 1550 204.662 0.406078 1164 3627 0 144932 149723 2673 
189 1823 0.850359 2.24462 1558 209.573 0.408174 1170 3675 0 275553 280398 2709 
192 1836 0.854803 2.17795 1573 209.898 0.412104 1211 3747 0 1158170 1163128 2763 
