1 4 1 17 4 0 0.00104794 0 14 0 0 14 0 
2 7 1 17 7 3 0.0018339 0 28 0 0 28 1 
3 54 1 17 54 7.28892 0.0141472 9 42 0 0 51 3 
4 64 1 17 64 10.2889 0.0167671 14 56 0 0 70 6 
5 66 1 17 66 13.2889 0.0172911 15 70 0 0 85 10 
6 77 1 17 77 16.2889 0.0201729 20 84 0 0 104 15 
7 77 1 17 77 16.2889 0.0201729 20 98 0 0 118 21 
8 93 1 17 93 20.6207 0.0243647 32 112 0 0 144 28 
9 103 1 17 103 33.338 0.0269845 40 126 0 0 166 36 
10 112 1 17 112 39.338 0.0293424 48 140 0 0 188 44 
11 134 1 17 134 42.7487 0.0351061 55 154 0 0 209 52 
12 140 1 17 140 60.0994 0.036678 56 168 0 0 224 61 
13 141 1 17 141 65.635 0.03694 57 182 0 0 239 70 
14 141 1 17 141 65.635 0.03694 64 196 0 0 260 79 
15 149 1 17 149 67.5955 0.0390359 72 210 0 0 282 88 
16 161 1 17 161 57.4898 0.0421797 82 224 0 0 306 98 
17 161 1 17 161 57.4898 0.0421797 83 238 0 0 321 108 
18 163 1 17 163 60.4898 0.0427037 84 257 0 0 341 118 
19 226 1 17 226 72.6583 0.0592088 99 276 0 0 375 128 
20 230 1 17 230 70.8139 0.0602567 103 295 0 1 399 138 
21 230 1 17 230 70.8139 0.0602567 111 314 0 2 427 148 
22 231 1 17 231 76.7967 0.0605187 111 333 0 3 447 159 
23 253 1 17 253 90.6429 0.0662824 124 352 0 4 480 170 
24 267 1 17 267 93.6429 0.0699502 127 371 0 5 503 181 
25 270 1 17 270 90.0793 0.0707362 127 390 0 6 523 192 
26 279 1 17 279 93.0793 0.0730941 129 409 0 7 545 203 
27 279 1 17 279 93.0793 0.0730941 129 428 0 8 565 214 
28 308 1 17 308 129.423 0.0806916 142 447 0 10 599 225 
29 308 1 17 308 129.423 0.0806916 146 466 0 12 624 236 
30 330 1 17 330 103.153 0.0864553 153 485 0 15 653 248 
31 361 1 17 361 112.434 0.0945769 164 504 0 18 686 260 
32 377 1 17 377 133.974 0.0987687 167 523 0 22 712 272 
33 381 1 17 381 140.787 0.0998166 168 542 0 28 738 284 
34 381 1 17 381 140.787 0.0998166 170 561 0 34 765 296 
35 381 1 17 381 140.787 0.0998166 179 580 0 40 799 308 
36 382 1 17 382 168.772 0.100079 181 599 0 48 828 320 
37 387 1 17 387 147.228 0.101389 189 618 0 56 863 332 
38 389 1 17 389 189.716 0.101912 189 632 0 62 883 344 
39 400 1 17 400 212.219 0.104794 191 646 0 69 906 356 
40 410 1 17 410 207.39 0.107414 194 660 0 77 931 369 
41 448 1 17 448 210.39 0.11737 203 674 0 86 963 382 
42 449 1 17 449 213.39 0.117632 209 688 0 96 993 395 
43 449 1 17 449 213.39 0.117632 212 702 0 109 1023 408 
44 449 1 17 449 212.391 0.117632 212 716 0 119 1047 421 
45 459 1 17 459 260.742 0.120252 214 730 0 130 1074 434 
46 463 1 17 463 262.354 0.121299 216 744 0 140 1100 447 
47 467 1 17 467 225.102 0.122347 217 758 0 153 1128 460 
48 480 1 17 480 293.832 0.125753 220 772 0 181 1173 473 
49 482 1 17 482 251.947 0.126277 235 786 0 206 1227 486 
50 482 1 17 482 251.947 0.126277 242 800 0 228 1270 499 
51 489 1 17 489 281.964 0.128111 253 814 0 253 1320 512 
52 489 1 17 489 250.689 0.128111 255 828 0 304 1387 525 
53 491 1 17 491 290.601 0.128635 266 842 0 355 1463 538 
54 509 1 17 509 304.867 0.133351 271 856 0 374 1501 552 
55 529 1 17 529 312.627 0.138591 278 870 0 434 1582 566 
56 541 1 17 541 325.584 0.141734 281 884 0 512 1677 580 
57 544 1 17 544 323.827 0.14252 282 898 0 619 1799 594 
58 550 1 17 550 349.215 0.144092 283 912 0 718 1913 608 
59 552 1 17 552 359.305 0.144616 288 926 0 827 2041 622 
60 552 1 17 552 359.305 0.144616 290 940 0 936 2166 636 
61 552 1 17 552 358.603 0.144616 290 954 0 1048 2292 650 
62 568 1 17 568 341.494 0.148808 304 968 0 1183 2455 664 
63 593 1 17 593 392.201 0.155358 311 982 0 1331 2624 678 
64 602 1 17 602 389.936 0.157715 316 996 0 1520 2832 692 
65 607 1 17 607 300.021 0.159025 318 1010 0 1643 2971 706 
66 607 1 17 607 300.021 0.159025 318 1024 0 1757 3099 720 
67 607 1 17 607 300.021 0.159025 319 1038 0 1859 3216 734 
68 634 1 17 634 334.783 0.166099 324 1052 0 1959 3335 748 
69 634 1 17 634 334.783 0.166099 330 1066 0 2076 3472 762 
70 646 1 17 646 356.712 0.169243 341 1088 0 2198 3627 776 
71 656 1 17 656 334.686 0.171863 350 1110 0 2277 3737 790 
72 657 1 17 657 346.144 0.172125 357 1132 0 2437 3926 804 
73 700 1 17 700 423.14 0.18339 371 1154 0 2576 4101 818 
74 700 1 17 700 421.909 0.18339 376 1176 0 2712 4264 833 
75 709 1 17 709 417.206 0.185748 386 1198 0 2923 4507 848 
76 709 1 17 709 332.813 0.185748 391 1220 0 3072 4683 863 
77 709 1 17 709 332.813 0.185748 394 1242 0 3231 4867 878 
78 710 1 17 710 356.705 0.18601 395 1264 0 3455 5114 893 
79 746 1 17 746 400.903 0.195441 412 1286 0 3546 5244 908 
80 746 1 17 746 372.297 0.195441 428 1308 0 3736 5472 923 
81 784 1 17 784 394.388 0.205397 439 1330 0 3899 5668 938 
82 787 1 17 787 377.577 0.206183 443 1352 0 4007 5802 953 
83 788 1 17 788 412.167 0.206445 443 1374 0 4084 5901 968 
84 788 1 17 788 378.749 0.206445 446 1396 0 4185 6027 983 
85 790 1 17 790 368.13 0.206969 447 1418 0 4443 6308 998 
86 791 1 17 791 409.986 0.207231 450 1440 0 4687 6577 1013 
87 791 1 17 791 409.986 0.207231 461 1462 0 4779 6702 1028 
88 794 1 17 794 434.984 0.208017 466 1484 0 4814 6764 1043 
89 797 1 17 797 413.964 0.208803 470 1506 0 4851 6827 1058 
90 797 1 17 797 413.964 0.208803 472 1528 0 4889 6889 1073 
91 797 1 17 797 413.964 0.208803 485 1550 0 4917 6952 1088 
92 842 1 17 842 526.011 0.220592 491 1572 0 5031 7094 1103 
93 922 1 17 922 468.346 0.241551 509 1594 0 5077 7180 1118 
94 922 1 17 922 434.82 0.241551 513 1616 0 5120 7249 1133 
95 931 1 17 931 515.838 0.243909 519 1638 0 5365 7522 1148 
96 949 1 17 949 434.109 0.248625 534 1660 0 5447 7641 1163 
97 949 1 17 949 434.109 0.248625 549 1682 0 5497 7728 1178 
98 949 1 17 949 434.109 0.248625 560 1704 0 5632 7896 1193 
99 971 1 17 971 490.662 0.254388 565 1726 0 5877 8168 1208 
100 971 1 17 971 490.662 0.254388 565 1748 0 6439 8752 1224 
101 971 1 17 971 490.662 0.254388 574 1770 0 7098 9442 1240 
102 1070 1 17 1070 523.046 0.280325 599 1792 0 8047 10438 1256 
103 1128 1 17 1128 478.625 0.29552 611 1814 0 8309 10734 1272 
104 1151 1 17 1151 524.409 0.301546 617 1836 0 8897 11350 1288 
105 1151 1 17 1151 477.115 0.301546 628 1858 0 9121 11607 1304 
106 1151 1 17 1151 477.115 0.301546 628 1880 0 9368 11876 1320 
107 1151 1 17 1151 477.115 0.301546 637 1897 0 9643 12177 1336 
108 1151 1 17 1151 477.115 0.301546 639 1914 0 10972 13525 1352 
109 1155 1 17 1155 518.222 0.302594 640 1931 0 11951 14522 1368 
110 1159 1 17 1159 610.5 0.303642 641 1948 0 12212 14801 1384 
111 1232 1 17 1232 528.994 0.322767 663 1965 0 13201 15829 1400 
112 1232 1 17 1232 528.994 0.322767 663 1982 0 13553 16198 1416 
113 1242 1 17 1242 545.425 0.325386 665 1999 0 14133 16797 1432 
114 1251 1 17 1251 496.805 0.327744 668 2016 0 14840 17524 1448 
115 1254 1 17 1254 552.48 0.32853 689 2033 0 17377 20099 1464 
116 1255 1 17 1255 599.026 0.328792 690 2050 0 17874 20614 1480 
117 1265 1 17 1265 586.921 0.331412 696 2067 0 19260 22023 1496 
118 1272 1 17 1272 581.302 0.333246 699 2084 0 21180 23963 1512 
119 1278 1 17 1278 620.054 0.334818 703 2101 0 23550 26354 1528 
120 1296 1 17 1296 658.463 0.339534 709 2118 0 25398 28225 1544 
121 1296 1 17 1296 575.249 0.339534 715 2135 0 26179 29029 1560 
122 1300 1 17 1300 590.353 0.340582 724 2152 0 30853 33729 1576 
123 1305 1 17 1305 658.336 0.341892 726 2169 0 33577 36472 1592 
124 1306 1 17 1306 707.489 0.342154 729 2186 0 36080 38995 1608 
125 1307 1 17 1307 768.079 0.342416 756 2203 0 39112 42071 1624 
126 1307 1 17 1307 669.209 0.342416 759 2220 0 39841 42820 1640 
127 1307 1 17 1307 619.533 0.342416 761 2237 0 40972 43970 1656 
128 1322 1 17 1322 678.736 0.346345 764 2254 0 43013 46031 1672 
129 1322 1 17 1322 678.736 0.346345 777 2271 0 43945 46993 1688 
130 1333 1 17 1333 680.412 0.349227 788 2288 0 49040 52116 1704 
131 1335 1 17 1335 566.577 0.349751 798 2305 0 49670 52773 1720 
132 1342 1 17 1342 635.697 0.351585 802 2322 0 50334 53458 1736 
133 1350 1 17 1350 643.345 0.353681 806 2339 0 50915 54060 1752 
134 1352 1 17 1352 682.208 0.354205 810 2356 0 52348 55514 1768 
135 1352 1 17 1352 601.026 0.354205 810 2373 0 53404 56587 1785 
136 1362 1 17 1362 603.286 0.356825 812 2390 0 55598 58800 1802 
137 1377 1 17 1377 652.915 0.360755 815 2407 0 56572 59794 1819 
138 1384 1 17 1384 769.937 0.362588 825 2424 0 61134 64383 1836 
139 1385 1 17 1385 590.807 0.36285 833 2441 0 64060 67334 1853 
140 1385 1 17 1385 590.807 0.36285 834 2466 0 70299 73599 1870 
141 1386 1 17 1386 808.028 0.363112 839 2491 0 76760 80090 1887 
142 1386 1 17 1386 644.473 0.363112 842 2516 0 80435 83793 1904 
143 1386 1 17 1386 635.353 0.363112 842 2541 0 83955 87338 1921 
144 1416 1 17 1416 695.752 0.370972 852 2566 0 87344 90762 1938 
145 1416 1 17 1416 695.752 0.370972 852 2591 0 91445 94888 1955 
146 1496 1 17 1496 726.581 0.391931 876 2616 0 93543 97035 1972 
147 1529 1 17 1529 606.711 0.400576 907 2641 0 94875 98423 1989 
148 1546 1 17 1546 790.54 0.40503 911 2666 0 100941 104518 2006 
149 1556 1 17 1556 651.026 0.40765 917 2691 0 102316 105924 2023 
150 1563 1 17 1563 710.422 0.409484 923 2716 0 105393 109032 2040 
151 1566 1 17 1566 712.615 0.41027 927 2741 0 107415 111083 2057 
152 1567 1 17 1567 781.558 0.410532 932 2766 0 121813 125511 2074 
153 1567 1 17 1567 750.944 0.410532 934 2791 0 132372 136097 2091 
154 1567 1 17 1567 714.148 0.410532 966 2816 0 150859 154641 2108 
155 1567 1 17 1567 714.148 0.410532 967 2841 0 153540 157348 2125 
156 1574 1 17 1574 697.662 0.412366 973 2866 0 156283 160122 2142 
157 1585 1 17 1585 733.614 0.415248 979 2891 0 160353 164223 2159 
158 1589 1 17 1589 708.395 0.416296 981 2916 0 164564 168461 2176 
159 1590 1 17 1590 786.556 0.416558 992 2941 0 167262 171195 2193 
160 1591 1 17 1591 804.337 0.416819 993 2966 0 190009 193968 2210 
161 1595 1 17 1595 774.573 0.417867 997 2991 0 191077 195065 2227 
162 1596 1 17 1596 760.393 0.418129 997 3016 0 198810 202823 2244 
163 1599 1 17 1599 763.312 0.418915 998 3041 0 202482 206521 2261 
164 1599 1 17 1599 763.312 0.418915 998 3066 0 208932 212996 2278 
165 1620 1 17 1620 780.797 0.424417 1007 3091 0 213619 217717 2295 
166 1687 1 17 1687 768.914 0.44197 1023 3116 0 216476 220615 2312 
167 1687 1 17 1687 756.092 0.44197 1024 3141 0 233032 237197 2329 
168 1687 1 17 1687 756.092 0.44197 1025 3166 0 243302 247493 2346 
169 1687 1 17 1687 756.092 0.44197 1026 3191 0 256408 260625 2363 
170 1731 1 17 1731 733.572 0.453497 1040 3216 0 264003 268259 2380 
171 1768 1 17 1768 700.574 0.463191 1060 3241 0 273702 278003 2397 
172 1768 1 17 1768 700.574 0.463191 1074 3266 0 277950 282290 2414 
173 1768 1 17 1768 700.574 0.463191 1075 3291 0 289643 294009 2431 
174 1768 1 17 1768 654.696 0.463191 1075 3315 0 304546 308936 2448 
175 1770 1 17 1770 819.447 0.463715 1078 3339 0 317979 322396 2465 
176 1771 1 17 1771 743.931 0.463977 1082 3363 0 320500 324945 2482 
177 1774 1 17 1774 841.43 0.464763 1091 3387 0 323958 328436 2499 
178 1784 1 17 1784 742.274 0.467383 1106 3411 0 331266 335783 2516 
179 1788 1 17 1788 926.83 0.468431 1116 3435 0 337802 342353 2533 
180 1791 1 17 1791 895.057 0.469217 1121 3459 0 350376 354956 2550 
181 1808 1 17 1808 808.927 0.47367 1129 3483 0 356142 360754 2567 
182 1808 1 17 1808 808.927 0.47367 1133 3507 0 368406 373046 2584 
183 1814 1 17 1814 880.573 0.475242 1142 3531 0 384066 388739 2601 
184 1816 1 17 1816 752.158 0.475766 1145 3555 0 387987 392687 2619 
185 1823 1 17 1823 726.97 0.4776 1151 3579 0 426852 431582 2637 
186 1823 1 17 1823 726.97 0.4776 1160 3603 0 443835 448598 2655 
187 1823 1 17 1823 726.97 0.4776 1164 3627 0 464526 469317 2673 
188 1823 1 17 1823 721.716 0.4776 1167 3651 0 483562 488380 2691 
189 1823 1 17 1823 721.716 0.4776 1170 3675 0 491974 496819 2709 
190 1823 1 17 1823 721.716 0.4776 1177 3699 0 555949 560825 2727 
191 1823 1 17 1823 721.716 0.4776 1179 3723 0 570410 575312 2745 
192 1836 1 17 1836 871.317 0.481006 1211 3747 0 633783 638741 2763 
193 1836 1 17 1836 864.295 0.481006 1245 3771 0 655675 660691 2781 
194 1839 1 17 1839 868.91 0.481792 1257 3795 0 677180 682232 2799 
195 1839 1 17 1839 868.91 0.481792 1259 3819 0 684871 689949 2817 
196 1850 1 17 1850 839.113 0.484674 1268 3843 0 707412 712523 2835 
197 1850 1 17 1850 839.113 0.484674 1278 3867 0 760860 766005 2853 
198 1851 1 17 1851 971.3 0.484936 1287 3891 0 800039 805217 2871 
199 1851 1 17 1851 883.299 0.484936 1287 3915 0 815052 820254 2889 
200 1854 1 17 1854 930.35 0.485722 1290 3939 0 820761 825990 2907 
201 1855 1 17 1855 906.517 0.485984 1303 3963 0 920895 926161 2925 
202 1855 1 17 1855 868.833 0.485984 1307 3987 0 958153 963447 2943 
203 1855 1 17 1855 868.833 0.485984 1310 4011 0 1016149 1021470 2961 
204 1855 1 17 1855 868.833 0.485984 1310 4035 0 1024393 1029738 2979 
205 1855 1 17 1855 834.501 0.485984 1318 4059 0 1108082 1113459 2997 
206 1855 1 17 1855 834.501 0.485984 1330 4083 0 1115901 1121314 3015 
207 1855 1 17 1855 834.501 0.485984 1330 4107 0 1132202 1137639 3033 
208 1856 1 17 1856 850.598 0.486246 1339 4126 0 1152033 1157498 3051 
209 1856 1 17 1856 850.598 0.486246 1340 4145 0 1206834 1212319 3069 
210 1857 1 17 1857 857.607 0.486508 1344 4164 0 1253599 1259107 3087 
211 1857 1 17 1857 857.607 0.486508 1346 4183 0 1265282 1270811 3105 
212 1857 1 17 1857 857.607 0.486508 1358 4202 0 1288844 1294404 3123 
213 1867 1 17 1867 905.266 0.489128 1365 4221 0 1300221 1305807 3141 
214 1871 1 17 1871 860.873 0.490176 1369 4240 0 1335499 1341108 3159 
215 1902 1 17 1902 786.378 0.498297 1383 4259 0 1352098 1357740 3177 
216 1902 1 17 1902 786.378 0.498297 1397 4278 0 1381801 1387476 3195 
217 1948 1 17 1948 976.745 0.510348 1414 4297 0 1407129 1412840 3213 
218 1948 1 17 1948 868.239 0.510348 1428 4316 0 1443511 1449255 3231 
219 1950 1 17 1950 949.152 0.510872 1460 4335 0 1479625 1485420 3249 
220 1950 1 17 1950 949.152 0.510872 1468 4354 0 1531288 1537110 3267 
221 1950 1 17 1950 880.376 0.510872 1469 4373 0 1566339 1572181 3285 
222 1950 1 17 1950 880.376 0.510872 1469 4392 0 1582833 1588694 3303 
223 1953 1 17 1953 885.847 0.511658 1470 4411 0 1604477 1610358 3321 
224 1953 1 17 1953 885.847 0.511658 1470 4430 0 1626444 1632344 3339 
225 1960 1 17 1960 892.605 0.513492 1475 4449 0 1661561 1667485 3357 
226 1972 1 17 1972 903.592 0.516636 1479 4468 0 1690232 1696179 3375 
227 1972 1 17 1972 903.592 0.516636 1481 4487 0 1767537 1773505 3393 
228 1976 1 17 1976 869.25 0.517684 1488 4506 0 1794831 1800825 3411 
