1 4 0.01 0 4 0 0.00104794 0 14 0 0 14 0 
6 77 0.0585198 0 61 8.53038 0.0159811 20 84 0 0 104 15 
26 279 0.229957 0 145 21.3357 0.0379879 129 409 0 2 540 203 
41 448 0.337718 0 209 29.974 0.054755 203 674 0 23 900 382 
54 509 0.418834 0 257 44.183 0.0673304 271 856 0 298 1425 552 
62 568 0.463732 0 271 46.846 0.0709982 304 968 0 2021 3293 664 
63 593 0.469094 0 301 52.1147 0.0788577 311 982 0 8047 9340 678 
68 634 0.495114 0 332 52.6995 0.0869793 324 1052 0 28858 30234 748 
71 656 0.51011 0 346 55.1691 0.0906471 350 1110 0 99676 101136 790 
73 700 0.519858 0 372 59.4921 0.0974587 371 1154 0 312110 313635 818 
75 709 0.529413 0 378 60.5566 0.0990307 386 1198 0 591893 593477 848 
76 709 0.534119 0 381 62.8395 0.0998166 391 1220 0 1128956 1130567 863 
77 709 0.538778 0 384 60.3184 0.100603 394 1242 0 1654762 1656398 878 
