1 4 1 7.92 4 0 0.00104794 0 14 0 0 14 0 
2 7 1 7.8408 7 3 0.0018339 0 28 0 0 28 1 
3 54 1 7.76239 54 7.28892 0.0141472 9 42 0 0 51 3 
4 64 1 7.68477 64 10.2889 0.0167671 14 56 0 0 70 6 
5 66 1 7.60792 66 13.2889 0.0172911 15 70 0 0 85 10 
6 77 1 7.53184 77 16.2889 0.0201729 20 84 0 0 104 15 
7 77 1 7.45652 77 16.2889 0.0201729 20 98 0 0 118 21 
8 93 1 7.38196 93 20.6207 0.0243647 32 112 0 0 144 28 
9 103 1 7.30814 103 33.338 0.0269845 40 126 0 0 166 36 
10 112 1 7.23506 112 39.338 0.0293424 48 140 0 0 188 44 
11 134 1 7.16271 134 42.7487 0.0351061 55 154 0 0 209 52 
12 140 1 7.09108 140 60.0994 0.036678 56 168 0 0 224 61 
13 141 1 7.02017 141 65.635 0.03694 57 182 0 0 239 70 
14 141 1 6.94997 141 65.635 0.03694 64 196 0 0 260 79 
15 149 1 6.88047 149 67.5955 0.0390359 72 210 0 0 282 88 
16 161 1 6.81166 161 57.4898 0.0421797 82 224 0 0 306 98 
17 161 1 6.74355 161 57.4898 0.0421797 83 238 0 0 321 108 
18 163 1 6.67611 163 60.4898 0.0427037 84 257 0 0 341 118 
19 226 1 6.60935 226 72.6583 0.0592088 99 276 0 0 375 128 
20 230 1 6.54326 230 70.8139 0.0602567 103 295 0 1 399 138 
21 230 1 6.47782 230 70.8139 0.0602567 111 314 0 2 427 148 
22 231 1 6.41304 231 76.7967 0.0605187 111 333 0 3 447 159 
23 253 1 6.34891 253 90.6429 0.0662824 124 352 0 4 480 170 
24 267 1 6.28543 267 93.6429 0.0699502 127 371 0 5 503 181 
25 270 1 6.22257 270 90.0793 0.0707362 127 390 0 6 523 192 
26 279 1 6.16035 279 93.0793 0.0730941 129 409 0 7 545 203 
27 279 1 6.09874 279 93.0793 0.0730941 129 428 0 9 566 214 
28 308 1 6.03775 308 129.423 0.0806916 142 447 0 13 602 225 
29 308 1 5.97738 308 129.423 0.0806916 146 466 0 16 628 236 
30 330 1 5.9176 330 103.153 0.0864553 153 485 0 19 657 248 
31 361 1 5.85843 361 112.434 0.0945769 164 504 0 22 690 260 
32 377 1 5.79984 377 133.974 0.0987687 167 523 0 27 717 272 
33 381 1 5.74184 381 140.787 0.0998166 168 542 0 33 743 284 
34 381 1 5.68443 381 140.787 0.0998166 170 561 0 40 771 296 
35 381 1 5.62758 381 140.787 0.0998166 179 580 0 47 806 308 
36 382 1 5.57131 382 168.772 0.100079 181 599 0 58 838 320 
37 387 1 5.51559 387 187.124 0.101389 189 618 0 65 872 332 
38 389 1 5.46044 389 231.423 0.101912 189 632 0 75 896 344 
39 400 1 5.40583 400 240.481 0.104794 191 646 0 85 922 356 
40 410 1 5.35177 410 225.517 0.107414 194 660 0 96 950 369 
41 448 1 5.29826 448 238.502 0.11737 203 674 0 104 981 382 
42 449 1 5.24527 449 236.92 0.117632 209 688 0 112 1009 395 
43 449 1 5.19282 449 236.92 0.117632 212 702 0 120 1034 408 
44 449 1 5.14089 449 236.92 0.117632 212 716 0 129 1057 421 
45 459 1 5.08948 459 248.293 0.120252 214 730 0 137 1081 434 
46 463 1 5.03859 463 249.905 0.121299 216 744 0 145 1105 447 
47 467 1 4.9882 467 256.644 0.122347 217 758 0 153 1128 460 
48 480 1 4.93832 480 282.461 0.125753 220 772 0 199 1191 473 
49 482 1 4.88894 482 288.036 0.126277 235 786 0 254 1275 486 
50 482 1 4.84005 482 250.648 0.126277 242 800 0 289 1331 499 
51 489 1 4.79165 489 326.575 0.128111 253 814 0 356 1423 512 
52 489 1 4.74373 489 277.893 0.128111 255 828 0 438 1521 525 
53 491 1 4.69629 491 256.405 0.128635 266 842 0 503 1611 538 
54 509 1 4.64933 509 253.955 0.133351 271 856 0 626 1753 552 
55 529 1 4.60284 529 278.122 0.138591 278 870 0 803 1951 566 
56 541 1 4.55681 541 256.604 0.141734 281 884 0 906 2071 580 
57 544 1 4.51124 544 329.287 0.14252 282 898 0 989 2169 594 
58 550 1 4.46613 550 270.62 0.144092 283 912 0 1059 2254 608 
59 552 1 4.42147 552 335.41 0.144616 288 926 0 1226 2440 622 
60 552 1 4.37725 552 299.762 0.144616 290 940 0 1410 2640 636 
61 552 1 4.33348 552 299.762 0.144616 290 954 0 1706 2950 650 
62 568 1 4.29015 568 294.687 0.148808 304 968 0 1946 3218 664 
63 593 1 4.24724 593 310.197 0.155358 311 982 0 2073 3366 678 
64 602 1 4.20477 602 340.008 0.157715 316 996 0 2222 3534 692 
65 607 1 4.16272 607 308.206 0.159025 318 1010 0 2437 3765 706 
66 607 1 4.1211 607 308.206 0.159025 318 1024 0 2860 4202 720 
67 607 1 4.07989 607 300.168 0.159025 319 1038 0 3257 4614 734 
68 634 1 4.03909 634 298.11 0.166099 324 1052 0 3827 5203 748 
69 634 1 3.9987 634 282.503 0.166099 330 1066 0 4339 5735 762 
70 646 1 3.95871 646 314.063 0.169243 341 1088 0 4991 6420 776 
71 656 1 3.91912 656 289.677 0.171863 350 1110 0 6758 8218 790 
72 657 1 3.87993 657 333.328 0.172125 357 1132 0 8244 9733 804 
73 700 1 3.84113 700 302.018 0.18339 371 1154 0 8943 10468 818 
74 700 1 3.80272 700 269.618 0.18339 376 1176 0 9582 11134 833 
75 709 1 3.76469 709 328.977 0.185748 386 1198 0 10613 12197 848 
76 709 1 3.72705 709 305.874 0.185748 391 1220 0 13250 14861 863 
77 709 1 3.68978 709 295.805 0.185748 394 1242 0 14987 16623 878 
78 710 1 3.65288 710 314.317 0.18601 395 1264 0 18101 19760 893 
79 746 1 3.61635 746 319.737 0.195441 412 1286 0 21007 22705 908 
80 746 1 3.58019 746 263.957 0.195441 428 1308 0 24810 26546 923 
81 784 1 3.54438 784 315.482 0.205397 439 1330 0 33115 34884 938 
82 787 1 3.50894 787 274.14 0.206183 443 1352 0 40317 42112 953 
83 788 1 3.47385 788 302.006 0.206445 443 1374 0 49818 51635 968 
84 788 1 3.43911 788 290.569 0.206445 446 1396 0 58423 60265 983 
85 790 1 3.40472 790 278.107 0.206969 447 1418 0 79509 81374 998 
86 791 1 3.37067 791 293.38 0.207231 450 1440 0 131436 133326 1013 
87 791 1 3.33697 791 293.38 0.207231 461 1462 0 143602 145525 1028 
88 794 1 3.3036 794 298.779 0.208017 466 1484 0 167990 169940 1043 
89 797 1 3.27056 797 311.036 0.208803 470 1506 0 225950 227926 1058 
90 797 1 3.23786 797 301.462 0.208803 472 1528 0 259475 261475 1073 
91 797 1 3.20548 797 301.462 0.208803 485 1550 0 327575 329610 1088 
92 842 1 3.17342 842 310.376 0.220592 491 1572 0 373566 375629 1103 
93 922 1 3.14169 922 309.397 0.241551 509 1594 0 453104 455207 1118 
94 922 1 3.11027 922 295.577 0.241551 513 1616 0 504185 506314 1133 
95 931 1 3.07917 931 316.124 0.243909 519 1638 0 767877 770034 1148 
96 949 1 3.04838 949 293.733 0.248625 534 1660 0 1025233 1027427 1163 
97 949 1 3.01789 949 293.733 0.248625 549 1682 0 1358070 1360301 1178 
