1 4 0.01 12.87 4 0 0.00104794 0 14 0 0 14 0 
6 77 0.0585198 12.2392 61 8.53038 0.0159811 20 84 0 0 104 15 
26 279 0.229957 10.0106 168 31.58 0.0440136 129 409 0 2 540 203 
46 463 0.370176 8.18771 229 36.5838 0.0599948 216 744 0 8 968 447 
56 541 0.430399 7.40482 268 68.7107 0.0702122 281 884 0 15 1180 580 
63 593 0.469094 6.90177 326 123.44 0.0854074 311 982 0 24 1317 678 
70 646 0.505161 6.4329 383 133.701 0.100341 341 1088 0 34 1463 776 
78 710 0.54339 5.93593 451 138.776 0.118156 395 1264 0 44 1703 893 
85 790 0.57441 5.53267 543 173.307 0.142258 447 1418 0 56 1921 998 
93 922 0.607289 5.10524 602 145.319 0.157715 509 1594 0 71 2174 1118 
99 971 0.63027 4.80648 709 179.974 0.185748 565 1726 0 87 2378 1208 
103 1128 0.644839 4.61709 785 152.706 0.205659 611 1814 0 105 2530 1272 
111 1232 0.672277 4.2604 914 203.546 0.239455 663 1965 0 125 2753 1400 
122 1300 0.706577 3.8145 950 195.162 0.248887 724 2152 0 148 3024 1576 
128 1322 0.723748 3.59127 967 211.395 0.25334 764 2254 0 174 3192 1672 
130 1333 0.729246 3.51981 995 200.833 0.260676 788 2288 0 202 3278 1704 
133 1350 0.737287 3.41526 1004 204.248 0.263034 806 2339 0 233 3378 1752 
136 1362 0.74509 3.31383 1023 199.176 0.268012 812 2390 0 268 3470 1802 
137 1377 0.747639 3.28069 1035 205.779 0.271155 815 2407 0 302 3524 1819 
138 1384 0.750163 3.24788 1043 200.965 0.273251 825 2424 0 346 3595 1836 
140 1385 0.755135 3.18325 1047 212.045 0.274299 834 2466 0 397 3697 1870 
141 1386 0.757583 3.15142 1056 202.259 0.276657 839 2491 0 459 3789 1887 
143 1386 0.762407 3.0887 1059 202.599 0.277443 842 2541 0 509 3892 1921 
144 1416 0.764783 3.05782 1092 217.46 0.286089 852 2566 0 611 4029 1938 
146 1496 0.769464 2.99697 1153 195.156 0.30207 876 2616 0 670 4162 1972 
147 1529 0.77177 2.967 1184 207.659 0.310191 907 2641 0 782 4330 1989 
148 1546 0.774052 2.93733 1214 194.793 0.318051 911 2666 0 883 4460 2006 
150 1563 0.778548 2.87887 1222 197.82 0.320147 923 2716 0 947 4586 2040 
151 1566 0.780763 2.85008 1223 195.095 0.320409 927 2741 0 1025 4693 2057 
152 1567 0.782955 2.82158 1230 202.141 0.322243 932 2766 0 1171 4869 2074 
153 1567 0.785126 2.79337 1237 203.95 0.324077 934 2791 0 1346 5071 2091 
156 1574 0.791508 2.7104 1251 198.651 0.327744 973 2866 0 1560 5399 2142 
157 1585 0.793592 2.6833 1263 197.937 0.330888 979 2891 0 1811 5681 2159 
158 1589 0.795657 2.65646 1278 194.925 0.334818 981 2916 0 2297 6194 2176 
161 1595 0.801726 2.57757 1287 202.245 0.337176 997 2991 0 2964 6952 2227 
163 1599 0.805671 2.52627 1289 206.527 0.3377 998 3041 0 4053 8092 2261 
164 1599 0.807615 2.50101 1304 202.802 0.34163 998 3066 0 6724 10788 2278 
165 1620 0.809538 2.476 1316 206.028 0.344773 1007 3091 0 11873 15971 2295 
166 1687 0.811443 2.45124 1372 205.941 0.359445 1023 3116 0 18528 22667 2312 
167 1687 0.813329 2.42673 1382 199.955 0.362064 1024 3141 0 21555 25720 2329 
170 1731 0.818873 2.35465 1419 200.409 0.371758 1040 3216 0 34276 38532 2380 
171 1768 0.820684 2.3311 1451 197.903 0.380141 1060 3241 0 40298 44599 2397 
172 1768 0.822477 2.30779 1457 195.546 0.381713 1074 3266 0 49249 53589 2414 
173 1768 0.824253 2.28471 1459 197.134 0.382237 1075 3291 0 56134 60500 2431 
174 1768 0.82601 2.26187 1461 208.256 0.382761 1075 3315 0 94812 99202 2448 
175 1770 0.82775 2.23925 1469 192.303 0.384857 1078 3339 0 102464 106881 2465 
177 1774 0.831178 2.19469 1476 201.617 0.386691 1091 3387 0 142396 146874 2499 
178 1784 0.832866 2.17274 1488 201.325 0.389835 1106 3411 0 274090 278607 2516 
179 1788 0.834537 2.15101 1500 204.919 0.392979 1116 3435 0 316964 321515 2533 
181 1808 0.83783 2.10821 1517 202.209 0.397433 1129 3483 0 538551 543163 2567 
182 1808 0.839452 2.08713 1518 204.666 0.397695 1133 3507 0 691948 696588 2584 
183 1814 0.841057 2.06625 1535 207.536 0.402148 1142 3531 0 778683 783356 2601 
185 1823 0.84422 2.02514 1543 191.015 0.404244 1151 3579 0 829186 833916 2637 
187 1823 0.84732 1.98484 1548 204.405 0.405554 1164 3627 0 1390323 1395114 2673 
