1 4 0.01 7.92 4 0 0.00104794 0 14 0 0 14 0 
6 77 0.0585198 7.53184 61 8.53038 0.0159811 20 84 0 0 104 15 
26 279 0.229957 6.16035 168 31.58 0.0440136 129 409 0 2 540 203 
46 463 0.370176 5.03859 229 36.5838 0.0599948 216 744 0 10 970 447 
56 541 0.430399 4.55681 268 68.7107 0.0702122 281 884 0 18 1183 580 
63 593 0.469094 4.24724 326 123.44 0.0854074 311 982 0 28 1321 678 
70 646 0.505161 3.95871 383 133.701 0.100341 341 1088 0 40 1469 776 
78 710 0.54339 3.65288 449 142.116 0.117632 395 1264 0 53 1712 893 
84 788 0.570111 3.43911 490 132.824 0.128373 446 1396 0 68 1910 983 
92 842 0.603322 3.17342 543 161.07 0.142258 491 1572 0 85 2148 1103 
93 922 0.607289 3.14169 599 163.198 0.15693 509 1594 0 106 2209 1118 
99 971 0.63027 2.95784 687 166.393 0.179984 565 1726 0 128 2419 1208 
103 1128 0.644839 2.84129 772 165.417 0.202253 611 1814 0 164 2589 1272 
110 1159 0.668967 2.64826 804 166.4 0.210637 641 1948 0 209 2798 1384 
111 1232 0.672277 2.62178 846 162.966 0.22164 663 1965 0 237 2865 1400 
114 1251 0.682011 2.54391 889 157.07 0.232905 668 2016 0 269 2953 1448 
119 1278 0.697595 2.41924 927 154.265 0.242861 703 2101 0 304 3108 1528 
124 1306 0.712416 2.30067 934 166.309 0.244695 729 2186 0 375 3290 1608 
125 1307 0.715292 2.27766 939 149.757 0.246005 756 2203 0 412 3371 1624 
127 1307 0.720958 2.23234 959 156.875 0.251244 761 2237 0 462 3460 1656 
129 1322 0.726511 2.18791 962 167.067 0.25203 777 2271 0 637 3685 1688 
130 1333 0.729246 2.16603 994 164.634 0.260414 788 2288 0 785 3861 1704 
133 1350 0.737287 2.1017 1013 158.026 0.265392 806 2339 0 871 4016 1752 
136 1362 0.74509 2.03928 1038 160.534 0.271941 812 2390 0 1078 4280 1802 
138 1384 0.750163 1.9987 1054 160.512 0.276133 825 2424 0 1275 4524 1836 
143 1386 0.762407 1.90074 1059 156.56 0.277443 842 2541 0 1652 5035 1921 
144 1416 0.764783 1.88173 1095 160.999 0.286875 852 2566 0 3142 6560 1938 
146 1496 0.769464 1.84429 1163 155.108 0.30469 876 2616 0 3553 7045 1972 
147 1529 0.77177 1.82584 1184 164.734 0.310191 907 2641 0 5099 8647 1989 
148 1546 0.774052 1.80759 1202 161.105 0.314907 911 2666 0 6354 9931 2006 
149 1556 0.776311 1.78951 1211 160.118 0.317265 917 2691 0 9671 13279 2023 
150 1563 0.778548 1.77161 1218 163.873 0.319099 923 2716 0 13007 16646 2040 
151 1566 0.780763 1.7539 1223 164.701 0.320409 927 2741 0 21665 25333 2057 
152 1567 0.782955 1.73636 1227 168.647 0.321457 932 2766 0 37376 41074 2074 
153 1567 0.785126 1.719 1237 163.996 0.324077 934 2791 0 41470 45195 2091 
156 1574 0.791508 1.66794 1254 160.629 0.32853 973 2866 0 44992 48831 2142 
157 1585 0.793592 1.65126 1261 162.158 0.330364 979 2891 0 54147 58017 2159 
158 1589 0.795657 1.63475 1266 166.187 0.331674 981 2916 0 64995 68892 2176 
159 1590 0.7977 1.6184 1272 170.371 0.333246 992 2941 0 97811 101744 2193 
160 1591 0.799723 1.60222 1273 168.969 0.333508 993 2966 0 131164 135123 2210 
161 1595 0.801726 1.58619 1289 165.06 0.3377 997 2991 0 186576 190564 2227 
164 1599 0.807615 1.53908 1293 170.1 0.338748 998 3066 0 747724 751788 2278 
165 1620 0.809538 1.52369 1312 173.757 0.343725 1007 3091 0 1158355 1162453 2295 
166 1687 0.811443 1.50845 1371 174.083 0.359183 1023 3116 0 1754641 1758780 2312 
