1 4 1 1 4 0 0.00104794 0 14 0 0 14 0 
2 7 1 1 7 3 0.0018339 0 28 0 0 28 1 
3 54 1 1 54 7.28892 0.0141472 9 42 0 0 51 3 
4 64 1 1 64 11.8233 0.0167671 14 56 0 0 70 6 
5 66 1 1 66 17.2893 0.0172911 15 70 0 0 85 10 
6 77 1 1 77 22.5417 0.0201729 20 84 0 0 104 15 
7 77 1 1 77 22.5417 0.0201729 20 98 0 0 118 21 
8 93 1 1 93 25.5417 0.0243647 32 112 0 0 144 28 
9 103 1 1 103 26.3026 0.0269845 40 126 0 0 166 36 
10 112 1 1 112 39.2361 0.0293424 48 140 0 1 189 44 
11 134 1 1 134 42.2361 0.0351061 55 154 0 2 211 52 
12 140 1 1 140 45.2361 0.036678 56 168 0 4 228 61 
13 141 1 1 141 37.8732 0.03694 57 182 0 5 244 70 
14 141 1 1 141 37.8732 0.03694 64 196 0 6 266 79 
15 149 1 1 149 42.4304 0.0390359 72 210 0 9 291 88 
16 161 1 1 161 53.7372 0.0421797 82 224 0 22 328 98 
17 161 1 1 161 45.2178 0.0421797 83 238 0 31 352 108 
18 163 1 1 163 53.1694 0.0427037 84 257 0 53 394 118 
19 226 1 1 226 59.1515 0.0592088 99 276 0 72 447 128 
20 230 1 1 230 54.8868 0.0602567 103 295 0 158 556 138 
21 230 1 1 230 54.8868 0.0602567 111 314 0 216 641 148 
22 231 1 1 231 61.4112 0.0605187 111 333 0 371 815 159 
23 253 1 1 253 58.8942 0.0662824 124 352 0 552 1028 170 
24 267 1 1 267 65.2223 0.0699502 127 371 0 839 1337 181 
25 270 1 1 270 66.5221 0.0707362 127 390 0 1314 1831 192 
26 279 1 1 279 69.5221 0.0730941 129 409 0 1910 2448 203 
27 279 1 1 279 69.5221 0.0730941 129 428 0 2530 3087 214 
28 308 1 1 308 73.971 0.0806916 142 447 0 3672 4261 225 
29 308 1 1 308 73.971 0.0806916 146 466 0 5241 5853 236 
30 330 1 1 330 79.2126 0.0864553 153 485 0 8170 8808 248 
31 361 1 1 361 79.9215 0.0945769 164 504 0 13792 14460 260 
32 377 1 1 377 84.925 0.0987687 167 523 0 22496 23186 272 
33 381 1 1 381 94.6997 0.0998166 168 542 0 32507 33217 284 
34 381 1 1 381 89.9138 0.0998166 170 561 0 42320 43051 296 
35 381 1 1 381 89.9138 0.0998166 179 580 0 52517 53276 308 
36 382 1 1 382 92.9138 0.100079 181 599 0 62350 63130 320 
37 387 1 1 387 100.044 0.101389 189 618 0 80045 80852 332 
38 389 1 1 389 104.524 0.101912 189 632 0 101252 102073 344 
39 400 1 1 400 111.507 0.104794 191 646 0 124504 125341 356 
40 410 1 1 410 116.251 0.107414 194 660 0 147814 148668 369 
41 448 1 1 448 113.372 0.11737 203 674 0 176840 177717 382 
42 449 1 1 449 115.242 0.117632 209 688 0 204271 205168 395 
43 449 1 1 449 115.242 0.117632 212 702 0 231714 232628 408 
44 449 1 1 449 112.692 0.117632 212 716 0 260207 261135 421 
45 459 1 1 459 116.803 0.120252 214 730 0 293426 294370 434 
46 463 1 1 463 117.067 0.121299 216 744 0 328987 329947 447 
47 467 1 1 467 123.433 0.122347 217 758 0 367982 368957 460 
48 480 1 1 480 127.488 0.125753 220 772 0 420122 421114 473 
49 482 1 1 482 140.458 0.126277 235 786 0 505331 506352 486 
50 482 1 1 482 137.989 0.126277 242 800 0 583751 584793 499 
51 489 1 1 489 148.133 0.128111 253 814 0 688868 689935 512 
52 489 1 1 489 143.989 0.128111 255 828 0 782642 783725 525 
53 491 1 1 491 153.105 0.128635 266 842 0 897280 898388 538 
54 509 1 1 509 151.019 0.133351 271 856 0 1167306 1168433 552 
55 529 1 1 529 157.546 0.138591 278 870 0 1499649 1500797 566 
