1 4 1 3.96 4 0 0.00104794 0 14 0 0 14 0 
2 7 1 3.9204 7 3 0.0018339 0 28 0 0 28 1 
3 54 1 3.8812 54 7.28892 0.0141472 9 42 0 0 51 3 
4 64 1 3.84238 64 10.2889 0.0167671 14 56 0 0 70 6 
5 66 1 3.80396 66 13.2889 0.0172911 15 70 0 0 85 10 
6 77 1 3.76592 77 16.2889 0.0201729 20 84 0 0 104 15 
7 77 1 3.72826 77 16.2889 0.0201729 20 98 0 0 118 21 
8 93 1 3.69098 93 20.6207 0.0243647 32 112 0 0 144 28 
9 103 1 3.65407 103 33.338 0.0269845 40 126 0 0 166 36 
10 112 1 3.61753 112 39.338 0.0293424 48 140 0 0 188 44 
11 134 1 3.58135 134 42.7487 0.0351061 55 154 0 0 209 52 
12 140 1 3.54554 140 60.0994 0.036678 56 168 0 0 224 61 
13 141 1 3.51008 141 62.1097 0.03694 57 182 0 0 239 70 
14 141 1 3.47498 141 62.1097 0.03694 64 196 0 0 260 79 
15 149 1 3.44023 149 57.3935 0.0390359 72 210 0 0 282 88 
16 161 1 3.40583 161 57.4898 0.0421797 82 224 0 0 306 98 
17 161 1 3.37177 161 57.4898 0.0421797 83 238 0 0 321 108 
18 163 1 3.33805 163 60.4898 0.0427037 84 257 0 1 342 118 
19 226 1 3.30467 226 83.7012 0.0592088 99 276 0 2 377 128 
20 230 1 3.27163 230 73.3415 0.0602567 103 295 0 3 401 138 
21 230 1 3.23891 230 73.3415 0.0602567 111 314 0 4 429 148 
22 231 1 3.20652 231 72.9787 0.0605187 111 333 0 6 450 159 
23 253 1 3.17446 253 81.4396 0.0662824 124 352 0 9 485 170 
24 267 1 3.14271 267 85.8643 0.0699502 127 371 0 14 512 181 
25 270 1 3.11129 270 90.5601 0.0707362 127 390 0 18 535 192 
26 279 1 3.08017 279 92.2297 0.0730941 129 409 0 22 560 203 
27 279 1 3.04937 279 83.3643 0.0730941 129 428 0 26 583 214 
28 308 1 3.01888 308 101.551 0.0806916 142 447 0 32 621 225 
29 308 1 2.98869 308 95.6584 0.0806916 146 466 0 41 653 236 
30 330 1 2.9588 330 100.271 0.0864553 153 485 0 52 690 248 
31 361 1 2.92921 361 104.573 0.0945769 164 504 0 76 744 260 
32 377 1 2.89992 377 106.465 0.0987687 167 523 0 109 799 272 
33 381 1 2.87092 381 130.512 0.0998166 168 542 0 149 859 284 
34 381 1 2.84221 381 114.436 0.0998166 170 561 0 183 914 296 
35 381 1 2.81379 381 114.436 0.0998166 179 580 0 244 1003 308 
36 382 1 2.78565 382 123.039 0.100079 181 599 0 306 1086 320 
37 387 1 2.7578 387 154.728 0.101389 189 618 0 392 1199 332 
38 389 1 2.73022 389 130.176 0.101912 189 632 0 467 1288 344 
39 400 1 2.70292 400 130.585 0.104794 191 646 0 543 1380 356 
40 410 1 2.67589 410 140.548 0.107414 194 660 0 618 1472 369 
41 448 1 2.64913 448 176.099 0.11737 203 674 0 725 1602 382 
42 449 1 2.62264 449 149.732 0.117632 209 688 0 818 1715 395 
43 449 1 2.59641 449 149.732 0.117632 212 702 0 942 1856 408 
44 449 1 2.57045 449 149.732 0.117632 212 716 0 1096 2024 421 
45 459 1 2.54474 459 157.559 0.120252 214 730 0 1175 2119 434 
46 463 1 2.51929 463 158.256 0.121299 216 744 0 1328 2288 447 
47 467 1 2.4941 467 175.727 0.122347 217 758 0 1486 2461 460 
48 480 1 2.46916 480 209.748 0.125753 220 772 0 1641 2633 473 
49 482 1 2.44447 482 197.897 0.126277 235 786 0 2108 3129 486 
50 482 1 2.42002 482 197.897 0.126277 242 800 0 2423 3465 499 
51 489 1 2.39582 489 211.319 0.128111 253 814 0 3243 4310 512 
52 489 1 2.37187 489 192.838 0.128111 255 828 0 3603 4686 525 
53 491 1 2.34815 491 190.703 0.128635 266 842 0 4017 5125 538 
54 509 1 2.32467 509 201.104 0.133351 271 856 0 4852 5979 552 
55 529 1 2.30142 529 226.778 0.138591 278 870 0 6604 7752 566 
56 541 1 2.2784 541 229.403 0.141734 281 884 0 7654 8819 580 
57 544 1 2.25562 544 219.685 0.14252 282 898 0 10359 11539 594 
58 550 1 2.23306 550 234.522 0.144092 283 912 0 19637 20832 608 
59 552 1 2.21073 552 219.125 0.144616 288 926 0 32326 33540 622 
60 552 1 2.18863 552 217.998 0.144616 290 940 0 36362 37592 636 
61 552 1 2.16674 552 217.998 0.144616 290 954 0 42986 44230 650 
62 568 1 2.14507 568 222.347 0.148808 304 968 0 55091 56363 664 
63 593 1 2.12362 593 216.091 0.155358 311 982 0 65605 66898 678 
64 602 1 2.10239 602 229.842 0.157715 316 996 0 76513 77825 692 
65 607 1 2.08136 607 205.365 0.159025 318 1010 0 85839 87167 706 
66 607 1 2.06055 607 205.365 0.159025 318 1024 0 113097 114439 720 
67 607 1 2.03994 607 205.365 0.159025 319 1038 0 130767 132124 734 
68 634 1 2.01954 634 210.393 0.166099 324 1052 0 151122 152498 748 
69 634 1 1.99935 634 210.393 0.166099 330 1066 0 178351 179747 762 
70 646 1 1.97935 646 213.062 0.169243 341 1088 0 216107 217536 776 
71 656 1 1.95956 656 220.095 0.171863 350 1110 0 306440 307900 790 
72 657 1 1.93997 657 216.202 0.172125 357 1132 0 378415 379904 804 
73 700 1 1.92057 700 245.382 0.18339 371 1154 0 626041 627566 818 
74 700 1 1.90136 700 221.63 0.18339 376 1176 0 813393 814945 833 
75 709 1 1.88235 709 219.186 0.185748 386 1198 0 1004716 1006300 848 
76 709 1 1.86352 709 219.186 0.185748 391 1220 0 1246885 1248496 863 
77 709 1 1.84489 709 219.186 0.185748 394 1242 0 1739255 1740891 878 
