1 4 0.01 1.98 4 0 0.00104794 0 14 0 0 14 0 
6 77 0.0585198 1.88296 61 8.53038 0.0159811 20 84 0 0 104 15 
26 279 0.229957 1.54009 168 31.58 0.0440136 129 409 0 2 540 203 
46 463 0.370176 1.25965 229 36.5838 0.0599948 216 744 0 8 968 447 
56 541 0.430399 1.1392 280 69.083 0.073356 281 884 0 14 1179 580 
64 602 0.474403 1.05119 318 74.8758 0.0833115 316 996 0 23 1335 692 
70 646 0.505161 0.989677 342 76.2714 0.0895992 341 1088 0 39 1468 776 
73 700 0.519858 0.960283 375 84.3404 0.0982447 371 1154 0 55 1580 818 
75 709 0.529413 0.941173 393 85.0127 0.10296 386 1198 0 70 1654 848 
79 746 0.547956 0.904087 423 77.4087 0.11082 412 1286 0 89 1787 908 
81 784 0.556952 0.886096 442 80.8617 0.115798 439 1330 0 121 1890 938 
83 788 0.565769 0.868463 454 83.8858 0.118942 443 1374 0 159 1976 968 
86 791 0.578666 0.842668 462 80.5433 0.121037 450 1440 0 238 2128 1013 
88 794 0.58705 0.825899 468 81.2398 0.122609 466 1484 0 342 2292 1043 
89 797 0.59118 0.81764 476 83.9978 0.124705 470 1506 0 463 2439 1058 
91 797 0.599315 0.801369 478 83.9198 0.125229 485 1550 0 557 2592 1088 
92 842 0.603322 0.793356 521 86.2386 0.136495 491 1572 0 665 2728 1103 
93 922 0.607289 0.785422 564 88.5392 0.14776 509 1594 0 866 2969 1118 
95 931 0.615104 0.769792 595 93.0982 0.155882 519 1638 0 1098 3255 1148 
99 971 0.63027 0.739459 615 89.4039 0.161121 565 1726 0 1350 3641 1208 
100 971 0.633968 0.732065 616 90.1001 0.161383 565 1748 0 1778 4091 1224 
101 971 0.637628 0.724744 635 92.0188 0.166361 574 1770 0 2228 4572 1240 
102 1070 0.641252 0.717496 691 97.1979 0.181032 599 1792 0 3649 6040 1256 
103 1128 0.644839 0.710321 728 91.718 0.190726 611 1814 0 4666 7091 1272 
104 1151 0.648391 0.703218 760 99.1389 0.199109 617 1836 0 7552 10005 1288 
108 1151 0.662245 0.675509 766 97.7046 0.200681 639 1914 0 11013 13566 1352 
109 1155 0.665623 0.668754 790 104.292 0.206969 640 1931 0 16219 18790 1368 
111 1232 0.672277 0.655445 836 94.2391 0.21902 663 1965 0 20066 22694 1400 
113 1242 0.678799 0.642402 849 97.4607 0.222426 665 1999 0 35394 38058 1432 
114 1251 0.682011 0.635978 862 99.2524 0.225832 668 2016 0 58252 60936 1448 
116 1255 0.688339 0.623322 871 100.883 0.22819 690 2050 0 104099 106839 1480 
117 1265 0.691455 0.617089 875 101.385 0.229238 696 2067 0 134878 137641 1496 
118 1272 0.694541 0.610918 899 101.364 0.235525 699 2084 0 176972 179755 1512 
120 1296 0.700619 0.598761 920 104.933 0.241027 709 2118 0 268936 271763 1544 
123 1305 0.709511 0.580977 926 106.699 0.242599 726 2169 0 726080 728975 1592 
124 1306 0.712416 0.575167 932 108.678 0.244171 729 2186 0 1220339 1223254 1608 
