1 4 1 8 4 0 0.00104794 0 14 0 0 14 0 
2 7 1 8 7 3 0.0018339 0 28 0 0 28 1 
3 54 1 8 54 7.28892 0.0141472 9 42 0 0 51 3 
4 64 1 8 64 10.2889 0.0167671 14 56 0 0 70 6 
5 66 1 8 66 13.2889 0.0172911 15 70 0 0 85 10 
6 77 1 8 77 16.2889 0.0201729 20 84 0 0 104 15 
7 77 1 8 77 16.2889 0.0201729 20 98 0 0 118 21 
8 93 1 8 93 20.6207 0.0243647 32 112 0 0 144 28 
9 103 1 8 103 33.338 0.0269845 40 126 0 0 166 36 
10 112 1 8 112 39.338 0.0293424 48 140 0 0 188 44 
11 134 1 8 134 42.7487 0.0351061 55 154 0 0 209 52 
12 140 1 8 140 60.0994 0.036678 56 168 0 0 224 61 
13 141 1 8 141 65.635 0.03694 57 182 0 0 239 70 
14 141 1 8 141 65.635 0.03694 64 196 0 0 260 79 
15 149 1 8 149 67.5955 0.0390359 72 210 0 0 282 88 
16 161 1 8 161 57.4898 0.0421797 82 224 0 0 306 98 
17 161 1 8 161 57.4898 0.0421797 83 238 0 0 321 108 
18 163 1 8 163 60.4898 0.0427037 84 257 0 0 341 118 
19 226 1 8 226 72.6583 0.0592088 99 276 0 0 375 128 
20 230 1 8 230 70.8139 0.0602567 103 295 0 1 399 138 
21 230 1 8 230 70.8139 0.0602567 111 314 0 2 427 148 
22 231 1 8 231 76.7967 0.0605187 111 333 0 3 447 159 
23 253 1 8 253 90.6429 0.0662824 124 352 0 4 480 170 
24 267 1 8 267 93.6429 0.0699502 127 371 0 5 503 181 
25 270 1 8 270 90.0793 0.0707362 127 390 0 7 524 192 
26 279 1 8 279 93.0793 0.0730941 129 409 0 8 546 203 
27 279 1 8 279 93.0793 0.0730941 129 428 0 9 566 214 
28 308 1 8 308 129.423 0.0806916 142 447 0 11 600 225 
29 308 1 8 308 129.423 0.0806916 146 466 0 13 625 236 
30 330 1 8 330 103.153 0.0864553 153 485 0 16 654 248 
31 361 1 8 361 112.434 0.0945769 164 504 0 19 687 260 
32 377 1 8 377 133.974 0.0987687 167 523 0 23 713 272 
33 381 1 8 381 140.787 0.0998166 168 542 0 29 739 284 
34 381 1 8 381 140.787 0.0998166 170 561 0 35 766 296 
35 381 1 8 381 140.787 0.0998166 179 580 0 41 800 308 
36 382 1 8 382 168.772 0.100079 181 599 0 48 828 320 
37 387 1 8 387 147.228 0.101389 189 618 0 56 863 332 
38 389 1 8 389 189.716 0.101912 189 632 0 63 884 344 
39 400 1 8 400 212.219 0.104794 191 646 0 70 907 356 
40 410 1 8 410 207.39 0.107414 194 660 0 78 932 369 
41 448 1 8 448 210.39 0.11737 203 674 0 87 964 382 
42 449 1 8 449 213.39 0.117632 209 688 0 97 994 395 
43 449 1 8 449 213.39 0.117632 212 702 0 110 1024 408 
44 449 1 8 449 212.391 0.117632 212 716 0 120 1048 421 
45 459 1 8 459 260.742 0.120252 214 730 0 131 1075 434 
46 463 1 8 463 262.354 0.121299 216 744 0 141 1101 447 
47 467 1 8 467 225.102 0.122347 217 758 0 154 1129 460 
48 480 1 8 480 293.832 0.125753 220 772 0 182 1174 473 
49 482 1 8 482 251.947 0.126277 235 786 0 207 1228 486 
50 482 1 8 482 251.947 0.126277 242 800 0 229 1271 499 
51 489 1 8 489 281.964 0.128111 253 814 0 254 1321 512 
52 489 1 8 489 250.689 0.128111 255 828 0 305 1388 525 
53 491 1 8 491 290.601 0.128635 266 842 0 357 1465 538 
54 509 1 8 509 304.867 0.133351 271 856 0 376 1503 552 
55 529 1 8 529 312.627 0.138591 278 870 0 436 1584 566 
56 541 1 8 541 325.584 0.141734 281 884 0 516 1681 580 
57 544 1 8 544 323.827 0.14252 282 898 0 624 1804 594 
58 550 1 8 550 349.215 0.144092 283 912 0 723 1918 608 
59 552 1 8 552 359.305 0.144616 288 926 0 833 2047 622 
60 552 1 8 552 359.305 0.144616 290 940 0 942 2172 636 
61 552 1 8 552 358.603 0.144616 290 954 0 1055 2299 650 
62 568 1 8 568 341.494 0.148808 304 968 0 1189 2461 664 
63 593 1 8 593 392.201 0.155358 311 982 0 1335 2628 678 
64 602 1 8 602 389.936 0.157715 316 996 0 1526 2838 692 
65 607 1 8 607 300.021 0.159025 318 1010 0 1648 2976 706 
66 607 1 8 607 300.021 0.159025 318 1024 0 1762 3104 720 
67 607 1 8 607 300.021 0.159025 319 1038 0 1865 3222 734 
68 634 1 8 634 334.783 0.166099 324 1052 0 1965 3341 748 
69 634 1 8 634 334.783 0.166099 330 1066 0 2083 3479 762 
70 646 1 8 646 389.37 0.169243 341 1088 0 2216 3645 776 
71 656 1 8 656 370.996 0.171863 350 1110 0 2323 3783 790 
72 657 1 8 657 376.985 0.172125 357 1132 0 2480 3969 804 
73 700 1 8 700 344.74 0.18339 371 1154 0 2636 4161 818 
74 700 1 8 700 344.74 0.18339 376 1176 0 2784 4336 833 
75 709 1 8 709 335.892 0.185748 386 1198 0 2940 4524 848 
76 709 1 8 709 335.892 0.185748 391 1220 0 3091 4702 863 
77 709 1 8 709 335.892 0.185748 394 1242 0 3307 4943 878 
78 710 1 8 710 389.186 0.18601 395 1264 0 3534 5193 893 
79 746 1 8 746 439.37 0.195441 412 1286 0 3651 5349 908 
80 746 1 8 746 402.45 0.195441 428 1308 0 3782 5518 923 
81 784 1 8 784 386.447 0.205397 439 1330 0 3948 5717 938 
82 787 1 8 787 377.26 0.206183 443 1352 0 4094 5889 953 
83 788 1 8 788 377.614 0.206445 443 1374 0 4246 6063 968 
84 788 1 8 788 377.614 0.206445 446 1396 0 4447 6289 983 
85 790 1 8 790 418.699 0.206969 447 1418 0 4612 6477 998 
86 791 1 8 791 425.027 0.207231 450 1440 0 4901 6791 1013 
87 791 1 8 791 419.194 0.207231 461 1462 0 5224 7147 1028 
88 794 1 8 794 386.281 0.208017 466 1484 0 5325 7275 1043 
89 797 1 8 797 412.176 0.208803 470 1506 0 5427 7403 1058 
90 797 1 8 797 396.616 0.208803 472 1528 0 5511 7511 1073 
91 797 1 8 797 396.616 0.208803 485 1550 0 5686 7721 1088 
92 842 1 8 842 379.357 0.220592 491 1572 0 5833 7896 1103 
93 922 1 8 922 421.825 0.241551 509 1594 0 6192 8295 1118 
94 922 1 8 922 421.825 0.241551 513 1616 0 6522 8651 1133 
95 931 1 8 931 464.548 0.243909 519 1638 0 6724 8881 1148 
96 949 1 8 949 462.722 0.248625 534 1660 0 6888 9082 1163 
97 949 1 8 949 462.722 0.248625 549 1682 0 7105 9336 1178 
98 949 1 8 949 462.722 0.248625 560 1704 0 7649 9913 1193 
99 971 1 8 971 508.693 0.254388 565 1726 0 8488 10779 1208 
100 971 1 8 971 433.853 0.254388 565 1748 0 9071 11384 1224 
101 971 1 8 971 433.853 0.254388 574 1770 0 9695 12039 1240 
102 1070 1 8 1070 473.937 0.280325 599 1792 0 10351 12742 1256 
103 1128 1 8 1128 513.267 0.29552 611 1814 0 11395 13820 1272 
104 1151 1 8 1151 490.251 0.301546 617 1836 0 12101 14554 1288 
105 1151 1 8 1151 482.26 0.301546 628 1858 0 12647 15133 1304 
106 1151 1 8 1151 482.26 0.301546 628 1880 0 14422 16930 1320 
107 1151 1 8 1151 482.26 0.301546 637 1897 0 14899 17433 1336 
108 1151 1 8 1151 482.26 0.301546 639 1914 0 16032 18585 1352 
109 1155 1 8 1155 533.607 0.302594 640 1931 0 17782 20353 1368 
110 1159 1 8 1159 450.746 0.303642 641 1948 0 18065 20654 1384 
111 1232 1 8 1232 528.899 0.322767 663 1965 0 20674 23302 1400 
112 1232 1 8 1232 528.899 0.322767 663 1982 0 22798 25443 1416 
113 1242 1 8 1242 501.938 0.325386 665 1999 0 23588 26252 1432 
114 1251 1 8 1251 533.056 0.327744 668 2016 0 24061 26745 1448 
115 1254 1 8 1254 535.502 0.32853 689 2033 0 25712 28434 1464 
116 1255 1 8 1255 506.146 0.328792 690 2050 0 27371 30111 1480 
117 1265 1 8 1265 554.041 0.331412 696 2067 0 28720 31483 1496 
118 1272 1 8 1272 506.492 0.333246 699 2084 0 30087 32870 1512 
119 1278 1 8 1278 557.504 0.334818 703 2101 0 35289 38093 1528 
120 1296 1 8 1296 556.153 0.339534 709 2118 0 38797 41624 1544 
121 1296 1 8 1296 515.721 0.339534 715 2135 0 40818 43668 1560 
122 1300 1 8 1300 539.352 0.340582 724 2152 0 43380 46256 1576 
123 1305 1 8 1305 552.368 0.341892 726 2169 0 47134 50029 1592 
124 1306 1 8 1306 588.829 0.342154 729 2186 0 60019 62934 1608 
125 1307 1 8 1307 623.514 0.342416 756 2203 0 74565 77524 1624 
126 1307 1 8 1307 588.085 0.342416 759 2220 0 89830 92809 1640 
127 1307 1 8 1307 588.085 0.342416 761 2237 0 104460 107458 1656 
128 1322 1 8 1322 620.069 0.346345 764 2254 0 123160 126178 1672 
129 1322 1 8 1322 620.069 0.346345 777 2271 0 144624 147672 1688 
130 1333 1 8 1333 592.558 0.349227 788 2288 0 152015 155091 1704 
131 1335 1 8 1335 577.416 0.349751 798 2305 0 156555 159658 1720 
132 1342 1 8 1342 584.941 0.351585 802 2322 0 170053 173177 1736 
133 1350 1 8 1350 589.156 0.353681 806 2339 0 176746 179891 1752 
134 1352 1 8 1352 587.415 0.354205 810 2356 0 191621 194787 1768 
135 1352 1 8 1352 587.415 0.354205 810 2373 0 210388 213571 1785 
136 1362 1 8 1362 578.07 0.356825 812 2390 0 220101 223303 1802 
137 1377 1 8 1377 612.068 0.360755 815 2407 0 240572 243794 1819 
138 1384 1 8 1384 590.47 0.362588 825 2424 0 249505 252754 1836 
139 1385 1 8 1385 614.145 0.36285 833 2441 0 272136 275410 1853 
140 1385 1 8 1385 614.145 0.36285 834 2466 0 288658 291958 1870 
141 1386 1 8 1386 627.404 0.363112 839 2491 0 306596 309926 1887 
142 1386 1 8 1386 592.123 0.363112 842 2516 0 328459 331817 1904 
143 1386 1 8 1386 579.901 0.363112 842 2541 0 356983 360366 1921 
144 1416 1 8 1416 619.157 0.370972 852 2566 0 406409 409827 1938 
145 1416 1 8 1416 585.704 0.370972 852 2591 0 450090 453533 1955 
146 1496 1 8 1496 578.132 0.391931 876 2616 0 497441 500933 1972 
147 1529 1 8 1529 574.447 0.400576 907 2641 0 584930 588478 1989 
148 1546 1 8 1546 563.643 0.40503 911 2666 0 630467 634044 2006 
149 1556 1 8 1556 591.856 0.40765 917 2691 0 723492 727100 2023 
150 1563 1 8 1563 586.723 0.409484 923 2716 0 805799 809438 2040 
151 1566 1 8 1566 591.118 0.41027 927 2741 0 886516 890184 2057 
152 1567 1 8 1567 583.151 0.410532 932 2766 0 932594 936292 2074 
153 1567 1 8 1567 557.632 0.410532 934 2791 0 1017927 1021652 2091 
154 1567 1 8 1567 557.632 0.410532 966 2816 0 1103707 1107489 2108 
155 1567 1 8 1567 532.906 0.410532 967 2841 0 1137553 1141361 2125 
156 1574 1 8 1574 564.84 0.412366 973 2866 0 1206031 1209870 2142 
157 1585 1 8 1585 571.799 0.415248 979 2891 0 1259639 1263509 2159 
158 1589 1 8 1589 591.381 0.416296 981 2916 0 1425178 1429075 2176 
159 1590 1 8 1590 576.519 0.416558 992 2941 0 1533931 1537864 2193 
