1 4 0.01 13.86 4 0 0.00104794 0 14 0 0 14 0 
6 77 0.0585198 13.1807 61 8.53038 0.0159811 20 84 0 0 104 15 
26 279 0.229957 10.7806 168 31.58 0.0440136 129 409 0 2 540 203 
46 463 0.370176 8.81753 229 36.5838 0.0599948 216 744 0 8 968 447 
56 541 0.430399 7.97442 268 68.7107 0.0702122 281 884 0 15 1180 580 
63 593 0.469094 7.43268 326 123.44 0.0854074 311 982 0 24 1317 678 
70 646 0.505161 6.92774 383 133.701 0.100341 341 1088 0 35 1464 776 
78 710 0.54339 6.39254 451 138.776 0.118156 395 1264 0 45 1704 893 
85 790 0.57441 5.95826 543 173.307 0.142258 447 1418 0 57 1922 998 
93 922 0.607289 5.49795 602 145.319 0.157715 509 1594 0 72 2175 1118 
99 971 0.63027 5.17621 691 184.465 0.181032 565 1726 0 88 2379 1208 
103 1128 0.644839 4.97225 785 152.706 0.205659 611 1814 0 106 2531 1272 
111 1232 0.672277 4.58812 914 203.546 0.239455 663 1965 0 126 2754 1400 
122 1300 0.706577 4.10792 960 197.93 0.251506 724 2152 0 149 3025 1576 
129 1322 0.726511 3.82885 980 217.505 0.256746 777 2271 0 173 3221 1688 
132 1342 0.734634 3.71513 1003 203.121 0.262772 802 2322 0 200 3324 1736 
135 1352 0.742515 3.60478 1018 214.006 0.266702 810 2373 0 233 3416 1785 
137 1377 0.747639 3.53305 1035 221.464 0.271155 815 2407 0 267 3489 1819 
138 1384 0.750163 3.49772 1050 212.777 0.275085 825 2424 0 298 3547 1836 
141 1386 0.757583 3.39383 1052 222.271 0.275609 839 2491 0 353 3683 1887 
142 1386 0.760008 3.35989 1066 209.847 0.279277 842 2516 0 393 3751 1904 
144 1416 0.764783 3.29303 1084 209.778 0.283993 852 2566 0 470 3888 1938 
145 1416 0.767136 3.2601 1092 206.515 0.286089 852 2591 0 532 3975 1955 
146 1496 0.769464 3.2275 1169 205.519 0.306261 876 2616 0 610 4102 1972 
147 1529 0.77177 3.19523 1193 211.749 0.312549 907 2641 0 693 4241 1989 
148 1546 0.774052 3.16327 1209 209.859 0.316741 911 2666 0 759 4336 2006 
150 1563 0.778548 3.10032 1230 204.691 0.322243 923 2716 0 841 4480 2040 
153 1567 0.785126 3.00824 1233 208.861 0.323029 934 2791 0 1041 4766 2091 
154 1567 0.787274 2.97816 1239 211.767 0.3246 966 2816 0 1192 4974 2108 
156 1574 0.791508 2.91889 1248 209.509 0.326958 973 2866 0 1359 5198 2142 
157 1585 0.793592 2.8897 1262 207.082 0.330626 979 2891 0 1714 5584 2159 
158 1589 0.795657 2.86081 1276 202.824 0.334294 981 2916 0 1865 5762 2176 
161 1595 0.801726 2.77584 1285 209.423 0.336652 997 2991 0 3498 7486 2227 
163 1599 0.805671 2.7206 1299 216.655 0.34032 998 3041 0 4658 8697 2261 
165 1620 0.809538 2.66646 1316 204.611 0.344773 1007 3091 0 5456 9554 2295 
166 1687 0.811443 2.6398 1380 205.25 0.36154 1023 3116 0 6527 10666 2312 
170 1731 0.818873 2.53578 1418 207.118 0.371496 1040 3216 0 11942 16198 2380 
171 1768 0.820684 2.51042 1466 211.965 0.384071 1060 3241 0 23839 28140 2397 
176 1771 0.829473 2.38738 1479 198.199 0.387477 1082 3363 0 27039 31484 2482 
178 1784 0.832866 2.33987 1488 196.825 0.389835 1106 3411 0 35096 39613 2516 
179 1788 0.834537 2.31648 1505 194.766 0.394289 1116 3435 0 40074 44625 2533 
181 1808 0.83783 2.27038 1521 207.21 0.39848 1129 3483 0 106756 111368 2567 
183 1814 0.841057 2.2252 1529 208.127 0.400576 1142 3531 0 194288 198961 2601 
184 1816 0.842647 2.20295 1533 208.812 0.401624 1145 3555 0 346349 351049 2619 
185 1823 0.84422 2.18092 1540 202.858 0.403458 1151 3579 0 465645 470375 2637 
186 1823 0.845778 2.15911 1545 200.159 0.404768 1160 3603 0 650126 654889 2655 
188 1823 0.848847 2.11614 1549 202.152 0.405816 1167 3651 0 771560 776378 2691 
189 1823 0.850359 2.09498 1552 201.208 0.406602 1170 3675 0 990756 995601 2709 
190 1823 0.851855 2.07403 1554 205.106 0.407126 1177 3699 0 1246674 1251550 2727 
191 1823 0.853337 2.05329 1560 201.24 0.408698 1179 3723 0 1483540 1488442 2745 
