1 4 0.01 17.82 4 0 0.00104794 0 14 0 0 14 0 
6 77 0.0585198 16.9466 61 8.53038 0.0159811 20 84 0 0 104 15 
26 279 0.229957 13.8608 168 31.58 0.0440136 129 409 0 3 541 203 
46 463 0.370176 11.3368 229 36.5838 0.0599948 216 744 0 9 969 447 
56 541 0.430399 10.2528 268 68.7107 0.0702122 281 884 0 16 1181 580 
63 593 0.469094 9.5563 326 123.44 0.0854074 311 982 0 26 1319 678 
70 646 0.505161 8.90709 383 133.701 0.100341 341 1088 0 38 1467 776 
78 710 0.54339 8.21897 451 138.776 0.118156 395 1264 0 49 1708 893 
85 790 0.57441 7.66062 543 173.307 0.142258 447 1418 0 61 1926 998 
93 922 0.607289 7.0688 602 145.319 0.157715 509 1594 0 77 2180 1118 
99 971 0.63027 6.65513 691 184.465 0.181032 565 1726 0 95 2386 1208 
103 1128 0.644839 6.39289 785 152.706 0.205659 611 1814 0 116 2541 1272 
111 1232 0.672277 5.89901 914 203.546 0.239455 663 1965 0 138 2766 1400 
122 1300 0.706577 5.28161 960 197.93 0.251506 724 2152 0 163 3039 1576 
129 1322 0.726511 4.9228 979 229.079 0.256484 777 2271 0 189 3237 1688 
132 1342 0.734634 4.77659 994 236.412 0.260414 802 2322 0 218 3342 1736 
133 1350 0.737287 4.72883 1017 250.426 0.26644 806 2339 0 247 3392 1752 
137 1377 0.747639 4.54249 1035 260.866 0.271155 815 2407 0 281 3503 1819 
138 1384 0.750163 4.49707 1041 260.072 0.272727 825 2424 0 319 3568 1836 
139 1385 0.752661 4.4521 1050 259.019 0.275085 833 2441 0 352 3626 1853 
141 1386 0.757583 4.3635 1058 240.845 0.277181 839 2491 0 384 3714 1887 
144 1416 0.764783 4.2339 1100 228.278 0.288184 852 2566 0 422 3840 1938 
146 1496 0.769464 4.14964 1160 239.281 0.303904 876 2616 0 457 3949 1972 
147 1529 0.77177 4.10815 1188 244.25 0.311239 907 2641 0 501 4049 1989 
148 1546 0.774052 4.06707 1198 242.988 0.313859 911 2666 0 549 4126 2006 
149 1556 0.776311 4.0264 1227 239.662 0.321457 917 2691 0 611 4219 2023 
153 1567 0.785126 3.86774 1232 234.168 0.322767 934 2791 0 670 4395 2091 
154 1567 0.787274 3.82906 1240 247.051 0.324862 966 2816 0 745 4527 2108 
156 1574 0.791508 3.75286 1248 238.906 0.326958 973 2866 0 850 4689 2142 
157 1585 0.793592 3.71534 1259 227.688 0.32984 979 2891 0 925 4795 2159 
158 1589 0.795657 3.67818 1270 243.942 0.332722 981 2916 0 999 4896 2176 
160 1591 0.799723 3.60499 1278 228.723 0.334818 993 2966 0 1094 5053 2210 
161 1595 0.801726 3.56894 1289 228.891 0.3377 997 2991 0 1192 5180 2227 
164 1599 0.807615 3.46294 1299 230.621 0.34032 998 3066 0 1387 5451 2278 
165 1620 0.809538 3.42831 1315 237.156 0.344511 1007 3091 0 1727 5825 2295 
166 1687 0.811443 3.39402 1376 240.377 0.360493 1023 3116 0 2079 6218 2312 
169 1687 0.817043 3.29322 1380 237.687 0.36154 1026 3191 0 2519 6736 2363 
170 1731 0.818873 3.26029 1431 227.947 0.374902 1040 3216 0 2767 7023 2380 
171 1768 0.820684 3.22768 1462 222.25 0.383023 1060 3241 0 3059 7360 2397 
175 1770 0.82775 3.1005 1466 218.68 0.384071 1078 3339 0 4136 8553 2465 
176 1771 0.829473 3.06949 1471 218.549 0.385381 1082 3363 0 4709 9154 2482 
177 1774 0.831178 3.0388 1477 228.234 0.386953 1091 3387 0 5887 10365 2499 
178 1784 0.832866 3.00841 1491 231.946 0.390621 1106 3411 0 10918 15435 2516 
179 1788 0.834537 2.97833 1493 222.652 0.391145 1116 3435 0 11974 16525 2533 
180 1791 0.836192 2.94854 1509 228.479 0.395337 1121 3459 0 13790 18370 2550 
181 1808 0.83783 2.91906 1520 215.226 0.398218 1129 3483 0 15520 20132 2567 
183 1814 0.841057 2.86097 1526 220.43 0.39979 1142 3531 0 21051 25724 2601 
184 1816 0.842647 2.83236 1537 227.765 0.402672 1145 3555 0 29504 34204 2619 
185 1823 0.84422 2.80404 1545 227.076 0.404768 1151 3579 0 32804 37534 2637 
188 1823 0.848847 2.72075 1550 220.646 0.406078 1167 3651 0 36297 41115 2691 
189 1823 0.850359 2.69355 1564 217.117 0.409746 1170 3675 0 41904 46749 2709 
192 1836 0.854803 2.61354 1578 227.539 0.413414 1211 3747 0 75506 80464 2763 
195 1839 0.859116 2.53592 1586 234.471 0.41551 1259 3819 0 514696 519774 2817 
196 1850 0.860524 2.51056 1594 215.811 0.417605 1268 3843 0 568652 573763 2835 
197 1850 0.861919 2.48545 1596 227.397 0.418129 1278 3867 0 1042252 1047397 2853 
