1 4 0.01 18.81 4 0 0.00104794 0 14 0 0 14 0 
6 77 0.0585198 17.8881 61 8.53038 0.0159811 20 84 0 0 104 15 
26 279 0.229957 14.6308 168 31.58 0.0440136 129 409 0 2 540 203 
46 463 0.370176 11.9666 229 36.5838 0.0599948 216 744 0 8 968 447 
56 541 0.430399 10.8224 268 68.7107 0.0702122 281 884 0 15 1180 580 
63 593 0.469094 10.0872 326 123.44 0.0854074 311 982 0 24 1317 678 
70 646 0.505161 9.40194 383 133.701 0.100341 341 1088 0 35 1464 776 
78 710 0.54339 8.67559 451 138.776 0.118156 395 1264 0 45 1704 893 
85 790 0.57441 8.08621 543 173.307 0.142258 447 1418 0 57 1922 998 
93 922 0.607289 7.46151 602 145.319 0.157715 509 1594 0 72 2175 1118 
99 971 0.63027 7.02486 691 184.465 0.181032 565 1726 0 88 2379 1208 
103 1128 0.644839 6.74806 785 152.706 0.205659 611 1814 0 107 2532 1272 
111 1232 0.672277 6.22673 914 203.546 0.239455 663 1965 0 128 2756 1400 
122 1300 0.706577 5.57503 960 197.93 0.251506 724 2152 0 151 3027 1576 
129 1322 0.726511 5.19629 979 229.079 0.256484 777 2271 0 176 3224 1688 
132 1342 0.734634 5.04196 1006 240.397 0.263558 802 2322 0 202 3326 1736 
136 1362 0.74509 4.84329 1033 258.941 0.270631 812 2390 0 228 3430 1802 
138 1384 0.750163 4.7469 1053 254.153 0.275871 825 2424 0 260 3509 1836 
142 1386 0.760008 4.55986 1062 252.936 0.278229 842 2516 0 291 3649 1904 
144 1416 0.764783 4.46912 1100 236.807 0.288184 852 2566 0 322 3740 1938 
146 1496 0.769464 4.38018 1155 251.282 0.302594 876 2616 0 369 3861 1972 
147 1529 0.77177 4.33638 1188 255.835 0.311239 907 2641 0 406 3954 1989 
148 1546 0.774052 4.29302 1206 242.748 0.315955 911 2666 0 451 4028 2006 
149 1556 0.776311 4.25009 1232 251.492 0.322767 917 2691 0 488 4096 2023 
154 1567 0.787274 4.04179 1243 241.173 0.325648 966 2816 0 527 4309 2108 
156 1574 0.791508 3.96136 1255 259.21 0.328792 973 2866 0 591 4430 2142 
157 1585 0.793592 3.92174 1259 237.52 0.32984 979 2891 0 649 4519 2159 
158 1589 0.795657 3.88253 1278 248.51 0.334818 981 2916 0 736 4633 2176 
161 1595 0.801726 3.76721 1280 239.294 0.335342 997 2991 0 829 4817 2227 
162 1596 0.803708 3.72954 1302 241.393 0.341106 997 3016 0 962 4975 2244 
165 1620 0.809538 3.61877 1317 244.958 0.345035 1007 3091 0 1100 5198 2295 
166 1687 0.811443 3.58258 1371 239.343 0.359183 1023 3116 0 1329 5468 2312 
167 1687 0.813329 3.54676 1375 261.695 0.360231 1024 3141 0 2148 6313 2329 
168 1687 0.815195 3.51129 1379 243.197 0.361279 1025 3166 0 2621 6812 2346 
170 1731 0.818873 3.44141 1419 242.891 0.371758 1040 3216 0 3442 7698 2380 
171 1768 0.820684 3.407 1458 231.6 0.381975 1060 3241 0 3746 8047 2397 
174 1768 0.82601 3.30581 1475 235.662 0.386429 1075 3315 0 4806 9196 2448 
178 1784 0.832866 3.17555 1489 232.634 0.390097 1106 3411 0 6028 10545 2516 
179 1788 0.834537 3.14379 1493 241.874 0.391145 1116 3435 0 7774 12325 2533 
180 1791 0.836192 3.11235 1499 235.096 0.392717 1121 3459 0 9517 14097 2550 
181 1808 0.83783 3.08123 1518 224.148 0.397695 1129 3483 0 10444 15056 2567 
183 1814 0.841057 3.01991 1528 241.45 0.400314 1142 3531 0 26369 31042 2601 
184 1816 0.842647 2.98971 1531 226.557 0.4011 1145 3555 0 29339 34039 2619 
185 1823 0.84422 2.95982 1540 228.539 0.403458 1151 3579 0 37755 42485 2637 
186 1823 0.845778 2.93022 1545 224.918 0.404768 1160 3603 0 40171 44934 2655 
188 1823 0.848847 2.87191 1550 227.155 0.406078 1167 3651 0 51388 56206 2691 
189 1823 0.850359 2.84319 1557 241.784 0.407912 1170 3675 0 65672 70517 2709 
192 1836 0.854803 2.75874 1573 232.997 0.412104 1211 3747 0 83715 88673 2763 
194 1839 0.857693 2.70384 1578 229.285 0.413414 1257 3795 0 120358 125410 2799 
195 1839 0.859116 2.67681 1581 230.075 0.4142 1259 3819 0 270513 275591 2817 
196 1850 0.860524 2.65004 1601 232.574 0.419439 1268 3843 0 381842 386953 2835 
200 1854 0.86602 2.54562 1607 235.122 0.421011 1290 3939 0 1073211 1078440 2907 
