1 4 1 19.8 4 0 0.00104794 0 14 0 0 14 0 
2 7 1 19.602 7 3 0.0018339 0 28 0 0 28 1 
3 54 1 19.406 54 7.28892 0.0141472 9 42 0 0 51 3 
4 64 1 19.2119 64 10.2889 0.0167671 14 56 0 0 70 6 
5 66 1 19.0198 66 13.2889 0.0172911 15 70 0 0 85 10 
6 77 1 18.8296 77 16.2889 0.0201729 20 84 0 0 104 15 
7 77 1 18.6413 77 16.2889 0.0201729 20 98 0 0 118 21 
8 93 1 18.4549 93 20.6207 0.0243647 32 112 0 0 144 28 
9 103 1 18.2703 103 33.338 0.0269845 40 126 0 0 166 36 
10 112 1 18.0876 112 39.338 0.0293424 48 140 0 0 188 44 
11 134 1 17.9068 134 42.7487 0.0351061 55 154 0 0 209 52 
12 140 1 17.7277 140 60.0994 0.036678 56 168 0 0 224 61 
13 141 1 17.5504 141 65.635 0.03694 57 182 0 0 239 70 
14 141 1 17.3749 141 65.635 0.03694 64 196 0 0 260 79 
15 149 1 17.2012 149 67.5955 0.0390359 72 210 0 0 282 88 
16 161 1 17.0292 161 57.4898 0.0421797 82 224 0 0 306 98 
17 161 1 16.8589 161 57.4898 0.0421797 83 238 0 0 321 108 
18 163 1 16.6903 163 60.4898 0.0427037 84 257 0 0 341 118 
19 226 1 16.5234 226 72.6583 0.0592088 99 276 0 0 375 128 
20 230 1 16.3581 230 70.8139 0.0602567 103 295 0 1 399 138 
21 230 1 16.1946 230 70.8139 0.0602567 111 314 0 2 427 148 
22 231 1 16.0326 231 76.7967 0.0605187 111 333 0 3 447 159 
23 253 1 15.8723 253 90.6429 0.0662824 124 352 0 4 480 170 
24 267 1 15.7136 267 93.6429 0.0699502 127 371 0 5 503 181 
25 270 1 15.5564 270 90.0793 0.0707362 127 390 0 6 523 192 
26 279 1 15.4009 279 93.0793 0.0730941 129 409 0 7 545 203 
27 279 1 15.2469 279 93.0793 0.0730941 129 428 0 8 565 214 
28 308 1 15.0944 308 129.423 0.0806916 142 447 0 10 599 225 
29 308 1 14.9434 308 129.423 0.0806916 146 466 0 12 624 236 
30 330 1 14.794 330 103.153 0.0864553 153 485 0 15 653 248 
31 361 1 14.6461 361 112.434 0.0945769 164 504 0 18 686 260 
32 377 1 14.4996 377 133.974 0.0987687 167 523 0 22 712 272 
33 381 1 14.3546 381 140.787 0.0998166 168 542 0 28 738 284 
34 381 1 14.2111 381 140.787 0.0998166 170 561 0 34 765 296 
35 381 1 14.069 381 140.787 0.0998166 179 580 0 40 799 308 
36 382 1 13.9283 382 168.772 0.100079 181 599 0 48 828 320 
37 387 1 13.789 387 147.228 0.101389 189 618 0 57 864 332 
38 389 1 13.6511 389 189.716 0.101912 189 632 0 63 884 344 
39 400 1 13.5146 400 212.219 0.104794 191 646 0 71 908 356 
40 410 1 13.3794 410 207.39 0.107414 194 660 0 79 933 369 
41 448 1 13.2456 448 210.39 0.11737 203 674 0 88 965 382 
42 449 1 13.1132 449 213.39 0.117632 209 688 0 98 995 395 
43 449 1 12.982 449 213.39 0.117632 212 702 0 111 1025 408 
44 449 1 12.8522 449 212.391 0.117632 212 716 0 121 1049 421 
45 459 1 12.7237 459 260.742 0.120252 214 730 0 132 1076 434 
46 463 1 12.5965 463 262.354 0.121299 216 744 0 143 1103 447 
47 467 1 12.4705 467 225.102 0.122347 217 758 0 156 1131 460 
48 480 1 12.3458 480 293.832 0.125753 220 772 0 184 1176 473 
49 482 1 12.2223 482 251.947 0.126277 235 786 0 209 1230 486 
50 482 1 12.1001 482 251.947 0.126277 242 800 0 231 1273 499 
51 489 1 11.9791 489 281.964 0.128111 253 814 0 255 1322 512 
52 489 1 11.8593 489 250.689 0.128111 255 828 0 306 1389 525 
53 491 1 11.7407 491 290.601 0.128635 266 842 0 358 1466 538 
54 509 1 11.6233 509 304.867 0.133351 271 856 0 377 1504 552 
55 529 1 11.5071 529 312.627 0.138591 278 870 0 438 1586 566 
56 541 1 11.392 541 325.584 0.141734 281 884 0 522 1687 580 
57 544 1 11.2781 544 323.827 0.14252 282 898 0 629 1809 594 
58 550 1 11.1653 550 349.215 0.144092 283 912 0 728 1923 608 
59 552 1 11.0537 552 359.305 0.144616 288 926 0 838 2052 622 
60 552 1 10.9431 552 359.305 0.144616 290 940 0 947 2177 636 
61 552 1 10.8337 552 358.603 0.144616 290 954 0 1059 2303 650 
62 568 1 10.7254 568 341.494 0.148808 304 968 0 1193 2465 664 
63 593 1 10.6181 593 392.201 0.155358 311 982 0 1338 2631 678 
64 602 1 10.5119 602 389.936 0.157715 316 996 0 1526 2838 692 
65 607 1 10.4068 607 300.021 0.159025 318 1010 0 1649 2977 706 
66 607 1 10.3027 607 300.021 0.159025 318 1024 0 1763 3105 720 
67 607 1 10.1997 607 300.021 0.159025 319 1038 0 1867 3224 734 
68 634 1 10.0977 634 334.783 0.166099 324 1052 0 1968 3344 748 
69 634 1 9.99674 634 334.783 0.166099 330 1066 0 2085 3481 762 
70 646 1 9.89677 646 356.712 0.169243 341 1088 0 2207 3636 776 
71 656 1 9.7978 656 334.686 0.171863 350 1110 0 2286 3746 790 
72 657 1 9.69983 657 346.144 0.172125 357 1132 0 2447 3936 804 
73 700 1 9.60283 700 423.14 0.18339 371 1154 0 2588 4113 818 
74 700 1 9.5068 700 421.909 0.18339 376 1176 0 2725 4277 833 
75 709 1 9.41173 709 417.206 0.185748 386 1198 0 2940 4524 848 
76 709 1 9.31761 709 332.813 0.185748 391 1220 0 3090 4701 863 
77 709 1 9.22444 709 332.813 0.185748 394 1242 0 3250 4886 878 
78 710 1 9.13219 710 356.705 0.18601 395 1264 0 3476 5135 893 
79 746 1 9.04087 746 400.903 0.195441 412 1286 0 3567 5265 908 
80 746 1 8.95046 746 372.297 0.195441 428 1308 0 3759 5495 923 
81 784 1 8.86096 784 394.388 0.205397 439 1330 0 3925 5694 938 
82 787 1 8.77235 787 377.577 0.206183 443 1352 0 4034 5829 953 
83 788 1 8.68463 788 412.167 0.206445 443 1374 0 4112 5929 968 
84 788 1 8.59778 788 378.749 0.206445 446 1396 0 4213 6055 983 
85 790 1 8.5118 790 368.13 0.206969 447 1418 0 4471 6336 998 
86 791 1 8.42668 791 451.56 0.207231 450 1440 0 4567 6457 1013 
87 791 1 8.34242 791 449.976 0.207231 461 1462 0 4877 6800 1028 
88 794 1 8.25899 794 391.195 0.208017 466 1484 0 5090 7040 1043 
89 797 1 8.1764 797 396.509 0.208803 470 1506 0 5315 7291 1058 
90 797 1 8.09464 797 396.509 0.208803 472 1528 0 5398 7398 1073 
91 797 1 8.01369 797 396.509 0.208803 485 1550 0 5602 7637 1088 
92 842 1 7.93356 842 414.875 0.220592 491 1572 0 5787 7850 1103 
93 922 1 7.85422 922 450.102 0.241551 509 1594 0 6138 8241 1118 
94 922 1 7.77568 922 450.102 0.241551 513 1616 0 6602 8731 1133 
95 931 1 7.69792 931 440.449 0.243909 519 1638 0 6859 9016 1148 
96 949 1 7.62094 949 543.637 0.248625 534 1660 0 7052 9246 1163 
97 949 1 7.54473 949 492.625 0.248625 549 1682 0 7248 9479 1178 
98 949 1 7.46928 949 466.912 0.248625 560 1704 0 7823 10087 1193 
99 971 1 7.39459 971 432.706 0.254388 565 1726 0 8223 10514 1208 
100 971 1 7.32065 971 432.706 0.254388 565 1748 0 8758 11071 1224 
101 971 1 7.24744 971 405.457 0.254388 574 1770 0 9140 11484 1240 
102 1070 1 7.17496 1070 484.659 0.280325 599 1792 0 9910 12301 1256 
103 1128 1 7.10322 1128 451.003 0.29552 611 1814 0 10471 12896 1272 
104 1151 1 7.03218 1151 529.136 0.301546 617 1836 0 12095 14548 1288 
105 1151 1 6.96186 1151 422.785 0.301546 628 1858 0 12738 15224 1304 
106 1151 1 6.89224 1151 422.785 0.301546 628 1880 0 14025 16533 1320 
107 1151 1 6.82332 1151 422.785 0.301546 637 1897 0 15483 18017 1336 
108 1151 1 6.75509 1151 422.785 0.301546 639 1914 0 16246 18799 1352 
109 1155 1 6.68754 1155 436.892 0.302594 640 1931 0 16717 19288 1368 
110 1159 1 6.62066 1159 470.409 0.303642 641 1948 0 17872 20461 1384 
111 1232 1 6.55445 1232 464.466 0.322767 663 1965 0 20638 23266 1400 
112 1232 1 6.48891 1232 464.466 0.322767 663 1982 0 26881 29526 1416 
113 1242 1 6.42402 1242 465.988 0.325386 665 1999 0 33145 35809 1432 
114 1251 1 6.35978 1251 472.803 0.327744 668 2016 0 34134 36818 1448 
115 1254 1 6.29618 1254 436.771 0.32853 689 2033 0 38138 40860 1464 
116 1255 1 6.23322 1255 450.576 0.328792 690 2050 0 42139 44879 1480 
117 1265 1 6.17089 1265 473.809 0.331412 696 2067 0 51451 54214 1496 
118 1272 1 6.10918 1272 459.245 0.333246 699 2084 0 53072 55855 1512 
119 1278 1 6.04809 1278 449.397 0.334818 703 2101 0 62475 65279 1528 
120 1296 1 5.98761 1296 466.323 0.339534 709 2118 0 80112 82939 1544 
121 1296 1 5.92773 1296 466.323 0.339534 715 2135 0 96216 99066 1560 
122 1300 1 5.86845 1300 475.223 0.340582 724 2152 0 173502 176378 1576 
123 1305 1 5.80977 1305 479.594 0.341892 726 2169 0 255204 258099 1592 
124 1306 1 5.75167 1306 457.996 0.342154 729 2186 0 305501 308416 1608 
125 1307 1 5.69415 1307 482.193 0.342416 756 2203 0 471690 474649 1624 
126 1307 1 5.63721 1307 457.944 0.342416 759 2220 0 591094 594073 1640 
127 1307 1 5.58084 1307 457.944 0.342416 761 2237 0 736045 739043 1656 
128 1322 1 5.52503 1322 489.118 0.346345 764 2254 0 939729 942747 1672 
129 1322 1 5.46978 1322 482.837 0.346345 777 2271 0 1046712 1049760 1688 
130 1333 1 5.41508 1333 466.015 0.349227 788 2288 0 1197630 1200706 1704 
131 1335 1 5.36093 1335 475.864 0.349751 798 2305 0 1458269 1461372 1720 
132 1342 1 5.30732 1342 443.672 0.351585 802 2322 0 1793200 1796324 1736 
