1 4 0.01 9.9 4 0 0.00104794 0 14 0 0 14 0 
6 77 0.0585198 9.4148 61 8.53038 0.0159811 20 84 0 0 104 15 
26 279 0.229957 7.70043 168 31.58 0.0440136 129 409 0 3 541 203 
46 463 0.370176 6.29823 229 36.5838 0.0599948 216 744 0 9 969 447 
56 541 0.430399 5.69601 268 68.7107 0.0702122 281 884 0 16 1181 580 
63 593 0.469094 5.30905 326 123.44 0.0854074 311 982 0 27 1320 678 
70 646 0.505161 4.94839 383 133.701 0.100341 341 1088 0 40 1469 776 
78 710 0.54339 4.5661 451 138.776 0.118156 395 1264 0 51 1710 893 
85 790 0.57441 4.2559 543 173.307 0.142258 447 1418 0 63 1928 998 
93 922 0.607289 3.92711 602 145.319 0.157715 509 1594 0 78 2181 1118 
99 971 0.63027 3.6973 671 173.158 0.175793 565 1726 0 94 2385 1208 
102 1070 0.641252 3.58748 705 133.308 0.1847 599 1792 0 112 2503 1256 
103 1128 0.644839 3.55161 785 152.706 0.205659 611 1814 0 130 2555 1272 
111 1232 0.672277 3.27723 861 163.173 0.22557 663 1965 0 149 2777 1400 
116 1255 0.688339 3.11661 916 167.922 0.239979 690 2050 0 170 2910 1480 
122 1300 0.706577 2.93423 922 181.26 0.241551 724 2152 0 197 3073 1576 
123 1305 0.709511 2.90488 931 183.19 0.243909 726 2169 0 234 3129 1592 
125 1307 0.715292 2.84708 961 177.483 0.251768 756 2203 0 262 3221 1624 
130 1333 0.729246 2.70754 989 179.895 0.259104 788 2288 0 322 3398 1704 
133 1350 0.737287 2.62713 1002 179.209 0.26251 806 2339 0 392 3537 1752 
135 1352 0.742515 2.57485 1018 170.976 0.266702 810 2373 0 442 3625 1785 
137 1377 0.747639 2.52361 1031 182.097 0.270107 815 2407 0 499 3721 1819 
138 1384 0.750163 2.49837 1040 181.245 0.272465 825 2424 0 580 3829 1836 
139 1385 0.752661 2.47339 1045 174.727 0.273775 833 2441 0 688 3962 1853 
140 1385 0.755135 2.44865 1051 173.084 0.275347 834 2466 0 748 4048 1870 
142 1386 0.760008 2.39992 1062 183.838 0.278229 842 2516 0 894 4252 1904 
144 1416 0.764783 2.35217 1094 180.674 0.286613 852 2566 0 1112 4530 1938 
146 1496 0.769464 2.30536 1172 180.939 0.307047 876 2616 0 1421 4913 1972 
147 1529 0.77177 2.2823 1187 175.954 0.310977 907 2641 0 1888 5436 1989 
148 1546 0.774052 2.25948 1212 183.615 0.317527 911 2666 0 2216 5793 2006 
150 1563 0.778548 2.21452 1225 178.581 0.320933 923 2716 0 2975 6614 2040 
152 1567 0.782955 2.17045 1242 181.086 0.325386 932 2766 0 3454 7152 2074 
156 1574 0.791508 2.08492 1249 176.209 0.32722 973 2866 0 4247 8086 2142 
157 1585 0.793592 2.06407 1270 176.362 0.332722 979 2891 0 5118 8988 2159 
160 1591 0.799723 2.00277 1280 181 0.335342 993 2966 0 17297 21256 2210 
162 1596 0.803708 1.96291 1299 182.71 0.34032 997 3016 0 23454 27467 2244 
165 1620 0.809538 1.90461 1317 177.257 0.345035 1007 3091 0 29938 34036 2295 
166 1687 0.811443 1.88557 1374 181.045 0.359969 1023 3116 0 49446 53585 2312 
168 1687 0.815195 1.84804 1379 184.064 0.361279 1025 3166 0 64140 68331 2346 
170 1731 0.818873 1.81127 1420 179.313 0.37202 1040 3216 0 94781 99037 2380 
171 1768 0.820684 1.79316 1452 181.404 0.380403 1060 3241 0 224403 228704 2397 
172 1768 0.822477 1.77522 1457 180.667 0.381713 1074 3266 0 328895 333235 2414 
173 1768 0.824253 1.75747 1463 177.655 0.383285 1075 3291 0 523732 528098 2431 
175 1770 0.82775 1.7225 1467 185.593 0.384333 1078 3339 0 959540 963957 2465 
176 1771 0.829473 1.70527 1472 186.854 0.385643 1082 3363 0 1233864 1238309 2482 
