1 4 1 9 4 0 0.00104794 0 14 0 0 14 0 
2 7 1 9 7 3 0.0018339 0 28 0 0 28 1 
3 54 1 9 54 7.28892 0.0141472 9 42 0 0 51 3 
4 64 1 9 64 10.2889 0.0167671 14 56 0 0 70 6 
5 66 1 9 66 13.2889 0.0172911 15 70 0 0 85 10 
6 77 1 9 77 16.2889 0.0201729 20 84 0 0 104 15 
7 77 1 9 77 16.2889 0.0201729 20 98 0 0 118 21 
8 93 1 9 93 20.6207 0.0243647 32 112 0 0 144 28 
9 103 1 9 103 33.338 0.0269845 40 126 0 0 166 36 
10 112 1 9 112 39.338 0.0293424 48 140 0 0 188 44 
11 134 1 9 134 42.7487 0.0351061 55 154 0 0 209 52 
12 140 1 9 140 60.0994 0.036678 56 168 0 0 224 61 
13 141 1 9 141 65.635 0.03694 57 182 0 0 239 70 
14 141 1 9 141 65.635 0.03694 64 196 0 0 260 79 
15 149 1 9 149 67.5955 0.0390359 72 210 0 0 282 88 
16 161 1 9 161 57.4898 0.0421797 82 224 0 0 306 98 
17 161 1 9 161 57.4898 0.0421797 83 238 0 0 321 108 
18 163 1 9 163 60.4898 0.0427037 84 257 0 0 341 118 
19 226 1 9 226 72.6583 0.0592088 99 276 0 0 375 128 
20 230 1 9 230 70.8139 0.0602567 103 295 0 1 399 138 
21 230 1 9 230 70.8139 0.0602567 111 314 0 2 427 148 
22 231 1 9 231 76.7967 0.0605187 111 333 0 3 447 159 
23 253 1 9 253 90.6429 0.0662824 124 352 0 4 480 170 
24 267 1 9 267 93.6429 0.0699502 127 371 0 5 503 181 
25 270 1 9 270 90.0793 0.0707362 127 390 0 6 523 192 
26 279 1 9 279 93.0793 0.0730941 129 409 0 7 545 203 
27 279 1 9 279 93.0793 0.0730941 129 428 0 8 565 214 
28 308 1 9 308 129.423 0.0806916 142 447 0 10 599 225 
29 308 1 9 308 129.423 0.0806916 146 466 0 13 625 236 
30 330 1 9 330 103.153 0.0864553 153 485 0 15 653 248 
31 361 1 9 361 112.434 0.0945769 164 504 0 17 685 260 
32 377 1 9 377 133.974 0.0987687 167 523 0 21 711 272 
33 381 1 9 381 140.787 0.0998166 168 542 0 27 737 284 
34 381 1 9 381 140.787 0.0998166 170 561 0 33 764 296 
35 381 1 9 381 140.787 0.0998166 179 580 0 39 798 308 
36 382 1 9 382 168.772 0.100079 181 599 0 46 826 320 
37 387 1 9 387 147.228 0.101389 189 618 0 54 861 332 
38 389 1 9 389 189.716 0.101912 189 632 0 60 881 344 
39 400 1 9 400 212.219 0.104794 191 646 0 67 904 356 
40 410 1 9 410 207.39 0.107414 194 660 0 75 929 369 
41 448 1 9 448 210.39 0.11737 203 674 0 84 961 382 
42 449 1 9 449 213.39 0.117632 209 688 0 94 991 395 
43 449 1 9 449 213.39 0.117632 212 702 0 107 1021 408 
44 449 1 9 449 212.391 0.117632 212 716 0 117 1045 421 
45 459 1 9 459 260.742 0.120252 214 730 0 128 1072 434 
46 463 1 9 463 262.354 0.121299 216 744 0 139 1099 447 
47 467 1 9 467 225.102 0.122347 217 758 0 152 1127 460 
48 480 1 9 480 293.832 0.125753 220 772 0 180 1172 473 
49 482 1 9 482 251.947 0.126277 235 786 0 205 1226 486 
50 482 1 9 482 251.947 0.126277 242 800 0 227 1269 499 
51 489 1 9 489 281.964 0.128111 253 814 0 252 1319 512 
52 489 1 9 489 250.689 0.128111 255 828 0 303 1386 525 
53 491 1 9 491 290.601 0.128635 266 842 0 355 1463 538 
54 509 1 9 509 304.867 0.133351 271 856 0 375 1502 552 
55 529 1 9 529 312.627 0.138591 278 870 0 436 1584 566 
56 541 1 9 541 325.584 0.141734 281 884 0 515 1680 580 
57 544 1 9 544 323.827 0.14252 282 898 0 621 1801 594 
58 550 1 9 550 349.215 0.144092 283 912 0 720 1915 608 
59 552 1 9 552 359.305 0.144616 288 926 0 830 2044 622 
60 552 1 9 552 359.305 0.144616 290 940 0 940 2170 636 
61 552 1 9 552 358.603 0.144616 290 954 0 1052 2296 650 
62 568 1 9 568 341.494 0.148808 304 968 0 1188 2460 664 
63 593 1 9 593 392.201 0.155358 311 982 0 1334 2627 678 
64 602 1 9 602 389.936 0.157715 316 996 0 1523 2835 692 
65 607 1 9 607 300.021 0.159025 318 1010 0 1647 2975 706 
66 607 1 9 607 300.021 0.159025 318 1024 0 1762 3104 720 
67 607 1 9 607 300.021 0.159025 319 1038 0 1864 3221 734 
68 634 1 9 634 334.783 0.166099 324 1052 0 1967 3343 748 
69 634 1 9 634 334.783 0.166099 330 1066 0 2084 3480 762 
70 646 1 9 646 356.712 0.169243 341 1088 0 2207 3636 776 
71 656 1 9 656 334.686 0.171863 350 1110 0 2285 3745 790 
72 657 1 9 657 346.144 0.172125 357 1132 0 2446 3935 804 
73 700 1 9 700 423.14 0.18339 371 1154 0 2587 4112 818 
74 700 1 9 700 421.909 0.18339 376 1176 0 2722 4274 833 
75 709 1 9 709 417.206 0.185748 386 1198 0 2936 4520 848 
76 709 1 9 709 332.813 0.185748 391 1220 0 3087 4698 863 
77 709 1 9 709 332.813 0.185748 394 1242 0 3247 4883 878 
78 710 1 9 710 356.705 0.18601 395 1264 0 3473 5132 893 
79 746 1 9 746 400.903 0.195441 412 1286 0 3564 5262 908 
80 746 1 9 746 372.297 0.195441 428 1308 0 3757 5493 923 
81 784 1 9 784 394.388 0.205397 439 1330 0 3923 5692 938 
82 787 1 9 787 377.577 0.206183 443 1352 0 4032 5827 953 
83 788 1 9 788 412.167 0.206445 443 1374 0 4109 5926 968 
84 788 1 9 788 378.749 0.206445 446 1396 0 4210 6052 983 
85 790 1 9 790 368.13 0.206969 447 1418 0 4471 6336 998 
86 791 1 9 791 409.986 0.207231 450 1440 0 4717 6607 1013 
87 791 1 9 791 409.986 0.207231 461 1462 0 4810 6733 1028 
88 794 1 9 794 439.737 0.208017 466 1484 0 4845 6795 1043 
89 797 1 9 797 426.62 0.208803 470 1506 0 4883 6859 1058 
90 797 1 9 797 426.62 0.208803 472 1528 0 4912 6912 1073 
91 797 1 9 797 413.964 0.208803 485 1550 0 4950 6985 1088 
92 842 1 9 842 420.358 0.220592 491 1572 0 4980 7043 1103 
93 922 1 9 922 434.82 0.241551 509 1594 0 5019 7122 1118 
94 922 1 9 922 434.82 0.241551 513 1616 0 5054 7183 1133 
95 931 1 9 931 468.494 0.243909 519 1638 0 5176 7333 1148 
96 949 1 9 949 491.532 0.248625 534 1660 0 5308 7502 1163 
97 949 1 9 949 476.164 0.248625 549 1682 0 5357 7588 1178 
98 949 1 9 949 476.164 0.248625 560 1704 0 5949 8213 1193 
99 971 1 9 971 505.595 0.254388 565 1726 0 6191 8482 1208 
100 971 1 9 971 496.939 0.254388 565 1748 0 6781 9094 1224 
101 971 1 9 971 496.939 0.254388 574 1770 0 7414 9758 1240 
102 1070 1 9 1070 492.574 0.280325 599 1792 0 7678 10069 1256 
103 1128 1 9 1128 469.234 0.29552 611 1814 0 8854 11279 1272 
104 1151 1 9 1151 517.77 0.301546 617 1836 0 9133 11586 1288 
105 1151 1 9 1151 490.018 0.301546 628 1858 0 9381 11867 1304 
106 1151 1 9 1151 466.721 0.301546 628 1880 0 9634 12142 1320 
107 1151 1 9 1151 466.721 0.301546 637 1897 0 10211 12745 1336 
108 1151 1 9 1151 466.721 0.301546 639 1914 0 10730 13283 1352 
109 1155 1 9 1155 530.27 0.302594 640 1931 0 11084 13655 1368 
110 1159 1 9 1159 526.222 0.303642 641 1948 0 11676 14265 1384 
111 1232 1 9 1232 525.529 0.322767 663 1965 0 13220 15848 1400 
112 1232 1 9 1232 525.529 0.322767 663 1982 0 13915 16560 1416 
113 1242 1 9 1242 589.565 0.325386 665 1999 0 14378 17042 1432 
114 1251 1 9 1251 555.82 0.327744 668 2016 0 14860 17544 1448 
115 1254 1 9 1254 584.956 0.32853 689 2033 0 16557 19279 1464 
116 1255 1 9 1255 592.204 0.328792 690 2050 0 17968 20708 1480 
117 1265 1 9 1265 568.648 0.331412 696 2067 0 19229 21992 1496 
118 1272 1 9 1272 582.357 0.333246 699 2084 0 21240 24023 1512 
119 1278 1 9 1278 535.987 0.334818 703 2101 0 23571 26375 1528 
120 1296 1 9 1296 525.77 0.339534 709 2118 0 27771 30598 1544 
121 1296 1 9 1296 507.895 0.339534 715 2135 0 29506 32356 1560 
122 1300 1 9 1300 560.664 0.340582 724 2152 0 30195 33071 1576 
123 1305 1 9 1305 550.061 0.341892 726 2169 0 30932 33827 1592 
124 1306 1 9 1306 594.855 0.342154 729 2186 0 32189 35104 1608 
125 1307 1 9 1307 616.122 0.342416 756 2203 0 34591 37550 1624 
126 1307 1 9 1307 612.611 0.342416 759 2220 0 36465 39444 1640 
127 1307 1 9 1307 612.611 0.342416 761 2237 0 39492 42490 1656 
128 1322 1 9 1322 661.914 0.346345 764 2254 0 41837 44855 1672 
129 1322 1 9 1322 619.276 0.346345 777 2271 0 44128 47176 1688 
130 1333 1 9 1333 649.625 0.349227 788 2288 0 55036 58112 1704 
131 1335 1 9 1335 579.496 0.349751 798 2305 0 57005 60108 1720 
132 1342 1 9 1342 595.957 0.351585 802 2322 0 58398 61522 1736 
133 1350 1 9 1350 597.341 0.353681 806 2339 0 61423 64568 1752 
134 1352 1 9 1352 559.133 0.354205 810 2356 0 63955 67121 1768 
135 1352 1 9 1352 559.133 0.354205 810 2373 0 75050 78233 1785 
136 1362 1 9 1362 651.353 0.356825 812 2390 0 86833 90035 1802 
137 1377 1 9 1377 617.402 0.360755 815 2407 0 104446 107668 1819 
138 1384 1 9 1384 585.589 0.362588 825 2424 0 110238 113487 1836 
139 1385 1 9 1385 606.733 0.36285 833 2441 0 112850 116124 1853 
140 1385 1 9 1385 606.733 0.36285 834 2466 0 118688 121988 1870 
141 1386 1 9 1386 604 0.363112 839 2491 0 137099 140429 1887 
142 1386 1 9 1386 604 0.363112 842 2516 0 153785 157143 1904 
143 1386 1 9 1386 580.667 0.363112 842 2541 0 160892 164275 1921 
144 1416 1 9 1416 621.5 0.370972 852 2566 0 169557 172975 1938 
145 1416 1 9 1416 621.5 0.370972 852 2591 0 189413 192856 1955 
146 1496 1 9 1496 592.317 0.391931 876 2616 0 201083 204575 1972 
147 1529 1 9 1529 621.508 0.400576 907 2641 0 214326 217874 1989 
148 1546 1 9 1546 620.792 0.40503 911 2666 0 253477 257054 2006 
149 1556 1 9 1556 617.74 0.40765 917 2691 0 278845 282453 2023 
150 1563 1 9 1563 597.838 0.409484 923 2716 0 331290 334929 2040 
151 1566 1 9 1566 590.48 0.41027 927 2741 0 368214 371882 2057 
152 1567 1 9 1567 599.145 0.410532 932 2766 0 394554 398252 2074 
153 1567 1 9 1567 599.145 0.410532 934 2791 0 402892 406617 2091 
154 1567 1 9 1567 599.145 0.410532 966 2816 0 434903 438685 2108 
155 1567 1 9 1567 599.145 0.410532 967 2841 0 486007 489815 2125 
156 1574 1 9 1574 627.043 0.412366 973 2866 0 545130 548969 2142 
157 1585 1 9 1585 605.557 0.415248 979 2891 0 562379 566249 2159 
158 1589 1 9 1589 637.152 0.416296 981 2916 0 592223 596120 2176 
159 1590 1 9 1590 619.626 0.416558 992 2941 0 657076 661009 2193 
160 1591 1 9 1591 600.681 0.416819 993 2966 0 691784 695743 2210 
161 1595 1 9 1595 623.479 0.417867 997 2991 0 708480 712468 2227 
162 1596 1 9 1596 615.11 0.418129 997 3016 0 725364 729377 2244 
163 1599 1 9 1599 623.248 0.418915 998 3041 0 753470 757509 2261 
164 1599 1 9 1599 623.248 0.418915 998 3066 0 786719 790783 2278 
165 1620 1 9 1620 596.988 0.424417 1007 3091 0 877461 881559 2295 
166 1687 1 9 1687 607.575 0.44197 1023 3116 0 914291 918430 2312 
167 1687 1 9 1687 607.575 0.44197 1024 3141 0 936170 940335 2329 
168 1687 1 9 1687 607.575 0.44197 1025 3166 0 989298 993489 2346 
169 1687 1 9 1687 607.575 0.44197 1026 3191 0 1007854 1012071 2363 
170 1731 1 9 1731 637.604 0.453497 1040 3216 0 1090625 1094881 2380 
171 1768 1 9 1768 629.167 0.463191 1060 3241 0 1188411 1192712 2397 
172 1768 1 9 1768 629.167 0.463191 1074 3266 0 1233957 1238297 2414 
173 1768 1 9 1768 629.167 0.463191 1075 3291 0 1265464 1269830 2431 
174 1768 1 9 1768 628.224 0.463191 1075 3315 0 1301081 1305471 2448 
175 1770 1 9 1770 602.432 0.463715 1078 3339 0 1333179 1337596 2465 
176 1771 1 9 1771 633.626 0.463977 1082 3363 0 1399787 1404232 2482 
177 1774 1 9 1774 636.288 0.464763 1091 3387 0 1572916 1577394 2499 
178 1784 1 9 1784 609.174 0.467383 1106 3411 0 1667519 1672036 2516 
179 1788 1 9 1788 603.363 0.468431 1116 3435 0 1771458 1776009 2533 
