1 4 1 5.94 4 0 0.00104794 0 14 0 0 14 0 
2 7 1 5.8806 7 3 0.0018339 0 28 0 0 28 1 
3 54 1 5.82179 54 7.28892 0.0141472 9 42 0 0 51 3 
4 64 1 5.76358 64 10.2889 0.0167671 14 56 0 0 70 6 
5 66 1 5.70594 66 13.2889 0.0172911 15 70 0 0 85 10 
6 77 1 5.64888 77 16.2889 0.0201729 20 84 0 0 104 15 
7 77 1 5.59239 77 16.2889 0.0201729 20 98 0 0 118 21 
8 93 1 5.53647 93 20.6207 0.0243647 32 112 0 0 144 28 
9 103 1 5.4811 103 33.338 0.0269845 40 126 0 0 166 36 
10 112 1 5.42629 112 39.338 0.0293424 48 140 0 0 188 44 
11 134 1 5.37203 134 42.7487 0.0351061 55 154 0 0 209 52 
12 140 1 5.31831 140 60.0994 0.036678 56 168 0 0 224 61 
13 141 1 5.26513 141 65.635 0.03694 57 182 0 0 239 70 
14 141 1 5.21247 141 65.635 0.03694 64 196 0 0 260 79 
15 149 1 5.16035 149 67.5955 0.0390359 72 210 0 0 282 88 
16 161 1 5.10875 161 57.4898 0.0421797 82 224 0 0 306 98 
17 161 1 5.05766 161 57.4898 0.0421797 83 238 0 0 321 108 
18 163 1 5.00708 163 60.4898 0.0427037 84 257 0 0 341 118 
19 226 1 4.95701 226 72.6583 0.0592088 99 276 0 0 375 128 
20 230 1 4.90744 230 70.8139 0.0602567 103 295 0 1 399 138 
21 230 1 4.85837 230 70.8139 0.0602567 111 314 0 2 427 148 
22 231 1 4.80978 231 76.7967 0.0605187 111 333 0 3 447 159 
23 253 1 4.76169 253 93.1705 0.0662824 124 352 0 4 480 170 
24 267 1 4.71407 267 99.2483 0.0699502 127 371 0 6 504 181 
25 270 1 4.66693 270 85.9804 0.0707362 127 390 0 8 525 192 
26 279 1 4.62026 279 88.9804 0.0730941 129 409 0 10 548 203 
27 279 1 4.57406 279 88.9804 0.0730941 129 428 0 12 569 214 
28 308 1 4.52832 308 125.324 0.0806916 142 447 0 15 604 225 
29 308 1 4.48303 308 94.441 0.0806916 146 466 0 18 630 236 
30 330 1 4.4382 330 99.0539 0.0864553 153 485 0 21 659 248 
31 361 1 4.39382 361 108.459 0.0945769 164 504 0 25 693 260 
32 377 1 4.34988 377 112.9 0.0987687 167 523 0 29 719 272 
33 381 1 4.30638 381 117.889 0.0998166 168 542 0 34 744 284 
34 381 1 4.26332 381 116.798 0.0998166 170 561 0 40 771 296 
35 381 1 4.22069 381 116.798 0.0998166 179 580 0 46 805 308 
36 382 1 4.17848 382 161.482 0.100079 181 599 0 52 832 320 
37 387 1 4.13669 387 183.649 0.101389 189 618 0 59 866 332 
38 389 1 4.09533 389 169.592 0.101912 189 632 0 70 891 344 
39 400 1 4.05437 400 192.753 0.104794 191 646 0 78 915 356 
40 410 1 4.01383 410 141.584 0.107414 194 660 0 87 941 369 
41 448 1 3.97369 448 204.083 0.11737 203 674 0 100 977 382 
42 449 1 3.93396 449 206.691 0.117632 209 688 0 114 1011 395 
43 449 1 3.89462 449 178.771 0.117632 212 702 0 131 1045 408 
44 449 1 3.85567 449 178.771 0.117632 212 716 0 157 1085 421 
45 459 1 3.81711 459 223.345 0.120252 214 730 0 183 1127 434 
46 463 1 3.77894 463 184.048 0.121299 216 744 0 203 1163 447 
47 467 1 3.74115 467 209.513 0.122347 217 758 0 226 1201 460 
48 480 1 3.70374 480 154.013 0.125753 220 772 0 331 1323 473 
49 482 1 3.6667 482 219.107 0.126277 235 786 0 406 1427 486 
50 482 1 3.63004 482 207.76 0.126277 242 800 0 472 1514 499 
51 489 1 3.59374 489 225.231 0.128111 253 814 0 594 1661 512 
52 489 1 3.5578 489 223.308 0.128111 255 828 0 684 1767 525 
53 491 1 3.52222 491 243.848 0.128635 266 842 0 737 1845 538 
54 509 1 3.487 509 258.29 0.133351 271 856 0 862 1989 552 
55 529 1 3.45213 529 208.573 0.138591 278 870 0 948 2096 566 
56 541 1 3.41761 541 232.43 0.141734 281 884 0 1122 2287 580 
57 544 1 3.38343 544 272.138 0.14252 282 898 0 1440 2620 594 
58 550 1 3.3496 550 234.566 0.144092 283 912 0 1651 2846 608 
59 552 1 3.3161 552 283.053 0.144616 288 926 0 2065 3279 622 
60 552 1 3.28294 552 260.147 0.144616 290 940 0 2441 3671 636 
61 552 1 3.25011 552 260.147 0.144616 290 954 0 2890 4134 650 
62 568 1 3.21761 568 261.114 0.148808 304 968 0 3450 4722 664 
63 593 1 3.18543 593 272.104 0.155358 311 982 0 4063 5356 678 
64 602 1 3.15358 602 271.761 0.157715 316 996 0 4822 6134 692 
65 607 1 3.12204 607 271.629 0.159025 318 1010 0 6493 7821 706 
66 607 1 3.09082 607 265.965 0.159025 318 1024 0 7174 8516 720 
67 607 1 3.05991 607 245.555 0.159025 319 1038 0 10528 11885 734 
68 634 1 3.02932 634 222.814 0.166099 324 1052 0 13358 14734 748 
69 634 1 2.99902 634 222.814 0.166099 330 1066 0 15339 16735 762 
70 646 1 2.96903 646 271.727 0.169243 341 1088 0 19874 21303 776 
71 656 1 2.93934 656 242.364 0.171863 350 1110 0 22699 24159 790 
72 657 1 2.90995 657 289.883 0.172125 357 1132 0 30968 32457 804 
73 700 1 2.88085 700 249.103 0.18339 371 1154 0 35578 37103 818 
74 700 1 2.85204 700 242.316 0.18339 376 1176 0 40160 41712 833 
75 709 1 2.82352 709 255.53 0.185748 386 1198 0 45046 46630 848 
76 709 1 2.79528 709 250.627 0.185748 391 1220 0 61450 63061 863 
77 709 1 2.76733 709 250.627 0.185748 394 1242 0 82625 84261 878 
78 710 1 2.73966 710 265.881 0.18601 395 1264 0 97798 99457 893 
79 746 1 2.71226 746 274.658 0.195441 412 1286 0 120563 122261 908 
80 746 1 2.68514 746 262.595 0.195441 428 1308 0 156115 157851 923 
81 784 1 2.65829 784 230.631 0.205397 439 1330 0 178412 180181 938 
82 787 1 2.6317 787 247.832 0.206183 443 1352 0 244267 246062 953 
83 788 1 2.60539 788 255.65 0.206445 443 1374 0 337555 339372 968 
84 788 1 2.57933 788 255.65 0.206445 446 1396 0 419573 421415 983 
85 790 1 2.55354 790 269.322 0.206969 447 1418 0 494854 496719 998 
86 791 1 2.52801 791 261.625 0.207231 450 1440 0 601125 603015 1013 
87 791 1 2.50273 791 254.072 0.207231 461 1462 0 753682 755605 1028 
88 794 1 2.4777 794 262.495 0.208017 466 1484 0 1078162 1080112 1043 
