1 4 1 15 4 0 0.00104794 0 14 0 0 14 0 
2 7 1 15 7 3 0.0018339 0 28 0 0 28 1 
3 54 1 15 54 7.28892 0.0141472 9 42 0 0 51 3 
4 64 1 15 64 10.2889 0.0167671 14 56 0 0 70 6 
5 66 1 15 66 13.2889 0.0172911 15 70 0 0 85 10 
6 77 1 15 77 16.2889 0.0201729 20 84 0 0 104 15 
7 77 1 15 77 16.2889 0.0201729 20 98 0 0 118 21 
8 93 1 15 93 20.6207 0.0243647 32 112 0 0 144 28 
9 103 1 15 103 33.338 0.0269845 40 126 0 0 166 36 
10 112 1 15 112 39.338 0.0293424 48 140 0 0 188 44 
11 134 1 15 134 42.7487 0.0351061 55 154 0 0 209 52 
12 140 1 15 140 60.0994 0.036678 56 168 0 0 224 61 
13 141 1 15 141 65.635 0.03694 57 182 0 0 239 70 
14 141 1 15 141 65.635 0.03694 64 196 0 0 260 79 
15 149 1 15 149 67.5955 0.0390359 72 210 0 0 282 88 
16 161 1 15 161 57.4898 0.0421797 82 224 0 0 306 98 
17 161 1 15 161 57.4898 0.0421797 83 238 0 0 321 108 
18 163 1 15 163 60.4898 0.0427037 84 257 0 0 341 118 
19 226 1 15 226 72.6583 0.0592088 99 276 0 0 375 128 
20 230 1 15 230 70.8139 0.0602567 103 295 0 1 399 138 
21 230 1 15 230 70.8139 0.0602567 111 314 0 2 427 148 
22 231 1 15 231 76.7967 0.0605187 111 333 0 3 447 159 
23 253 1 15 253 90.6429 0.0662824 124 352 0 4 480 170 
24 267 1 15 267 93.6429 0.0699502 127 371 0 5 503 181 
25 270 1 15 270 90.0793 0.0707362 127 390 0 6 523 192 
26 279 1 15 279 93.0793 0.0730941 129 409 0 7 545 203 
27 279 1 15 279 93.0793 0.0730941 129 428 0 9 566 214 
28 308 1 15 308 129.423 0.0806916 142 447 0 11 600 225 
29 308 1 15 308 129.423 0.0806916 146 466 0 13 625 236 
30 330 1 15 330 103.153 0.0864553 153 485 0 15 653 248 
31 361 1 15 361 112.434 0.0945769 164 504 0 18 686 260 
32 377 1 15 377 133.974 0.0987687 167 523 0 23 713 272 
33 381 1 15 381 140.787 0.0998166 168 542 0 29 739 284 
34 381 1 15 381 140.787 0.0998166 170 561 0 35 766 296 
35 381 1 15 381 140.787 0.0998166 179 580 0 41 800 308 
36 382 1 15 382 168.772 0.100079 181 599 0 48 828 320 
37 387 1 15 387 147.228 0.101389 189 618 0 56 863 332 
38 389 1 15 389 189.716 0.101912 189 632 0 63 884 344 
39 400 1 15 400 212.219 0.104794 191 646 0 70 907 356 
40 410 1 15 410 207.39 0.107414 194 660 0 78 932 369 
41 448 1 15 448 210.39 0.11737 203 674 0 86 963 382 
42 449 1 15 449 213.39 0.117632 209 688 0 96 993 395 
43 449 1 15 449 213.39 0.117632 212 702 0 109 1023 408 
44 449 1 15 449 212.391 0.117632 212 716 0 118 1046 421 
45 459 1 15 459 260.742 0.120252 214 730 0 129 1073 434 
46 463 1 15 463 262.354 0.121299 216 744 0 140 1100 447 
47 467 1 15 467 225.102 0.122347 217 758 0 153 1128 460 
48 480 1 15 480 293.832 0.125753 220 772 0 181 1173 473 
49 482 1 15 482 251.947 0.126277 235 786 0 206 1227 486 
50 482 1 15 482 251.947 0.126277 242 800 0 228 1270 499 
51 489 1 15 489 281.964 0.128111 253 814 0 253 1320 512 
52 489 1 15 489 250.689 0.128111 255 828 0 304 1387 525 
53 491 1 15 491 290.601 0.128635 266 842 0 357 1465 538 
54 509 1 15 509 304.867 0.133351 271 856 0 376 1503 552 
55 529 1 15 529 312.627 0.138591 278 870 0 436 1584 566 
56 541 1 15 541 325.584 0.141734 281 884 0 515 1680 580 
57 544 1 15 544 323.827 0.14252 282 898 0 622 1802 594 
58 550 1 15 550 349.215 0.144092 283 912 0 721 1916 608 
59 552 1 15 552 359.305 0.144616 288 926 0 832 2046 622 
60 552 1 15 552 359.305 0.144616 290 940 0 941 2171 636 
61 552 1 15 552 358.603 0.144616 290 954 0 1053 2297 650 
62 568 1 15 568 341.494 0.148808 304 968 0 1188 2460 664 
63 593 1 15 593 392.201 0.155358 311 982 0 1334 2627 678 
64 602 1 15 602 389.936 0.157715 316 996 0 1523 2835 692 
65 607 1 15 607 300.021 0.159025 318 1010 0 1646 2974 706 
66 607 1 15 607 300.021 0.159025 318 1024 0 1760 3102 720 
67 607 1 15 607 300.021 0.159025 319 1038 0 1863 3220 734 
68 634 1 15 634 334.783 0.166099 324 1052 0 1963 3339 748 
69 634 1 15 634 334.783 0.166099 330 1066 0 2080 3476 762 
70 646 1 15 646 356.712 0.169243 341 1088 0 2202 3631 776 
71 656 1 15 656 334.686 0.171863 350 1110 0 2280 3740 790 
72 657 1 15 657 346.144 0.172125 357 1132 0 2442 3931 804 
73 700 1 15 700 423.14 0.18339 371 1154 0 2582 4107 818 
74 700 1 15 700 421.909 0.18339 376 1176 0 2718 4270 833 
75 709 1 15 709 417.206 0.185748 386 1198 0 2929 4513 848 
76 709 1 15 709 332.813 0.185748 391 1220 0 3077 4688 863 
77 709 1 15 709 332.813 0.185748 394 1242 0 3235 4871 878 
78 710 1 15 710 356.705 0.18601 395 1264 0 3460 5119 893 
79 746 1 15 746 400.903 0.195441 412 1286 0 3551 5249 908 
80 746 1 15 746 372.297 0.195441 428 1308 0 3741 5477 923 
81 784 1 15 784 394.388 0.205397 439 1330 0 3903 5672 938 
82 787 1 15 787 377.577 0.206183 443 1352 0 4012 5807 953 
83 788 1 15 788 412.167 0.206445 443 1374 0 4089 5906 968 
84 788 1 15 788 378.749 0.206445 446 1396 0 4190 6032 983 
85 790 1 15 790 368.13 0.206969 447 1418 0 4452 6317 998 
86 791 1 15 791 409.986 0.207231 450 1440 0 4695 6585 1013 
87 791 1 15 791 409.986 0.207231 461 1462 0 4788 6711 1028 
88 794 1 15 794 434.984 0.208017 466 1484 0 4823 6773 1043 
89 797 1 15 797 413.964 0.208803 470 1506 0 4860 6836 1058 
90 797 1 15 797 413.964 0.208803 472 1528 0 4898 6898 1073 
91 797 1 15 797 413.964 0.208803 485 1550 0 4926 6961 1088 
92 842 1 15 842 526.011 0.220592 491 1572 0 5042 7105 1103 
93 922 1 15 922 468.346 0.241551 509 1594 0 5088 7191 1118 
94 922 1 15 922 434.82 0.241551 513 1616 0 5131 7260 1133 
95 931 1 15 931 515.838 0.243909 519 1638 0 5376 7533 1148 
96 949 1 15 949 434.109 0.248625 534 1660 0 5458 7652 1163 
97 949 1 15 949 434.109 0.248625 549 1682 0 5508 7739 1178 
98 949 1 15 949 434.109 0.248625 560 1704 0 5643 7907 1193 
99 971 1 15 971 490.662 0.254388 565 1726 0 5889 8180 1208 
100 971 1 15 971 490.662 0.254388 565 1748 0 6450 8763 1224 
101 971 1 15 971 490.662 0.254388 574 1770 0 7108 9452 1240 
102 1070 1 15 1070 523.046 0.280325 599 1792 0 8059 10450 1256 
103 1128 1 15 1128 478.625 0.29552 611 1814 0 8327 10752 1272 
104 1151 1 15 1151 524.409 0.301546 617 1836 0 8914 11367 1288 
105 1151 1 15 1151 477.115 0.301546 628 1858 0 9137 11623 1304 
106 1151 1 15 1151 477.115 0.301546 628 1880 0 9385 11893 1320 
107 1151 1 15 1151 477.115 0.301546 637 1897 0 9660 12194 1336 
108 1151 1 15 1151 477.115 0.301546 639 1914 0 10983 13536 1352 
109 1155 1 15 1155 518.222 0.302594 640 1931 0 11967 14538 1368 
110 1159 1 15 1159 610.5 0.303642 641 1948 0 12222 14811 1384 
111 1232 1 15 1232 528.994 0.322767 663 1965 0 13208 15836 1400 
112 1232 1 15 1232 528.994 0.322767 663 1982 0 13552 16197 1416 
113 1242 1 15 1242 545.425 0.325386 665 1999 0 14127 16791 1432 
114 1251 1 15 1251 496.805 0.327744 668 2016 0 14821 17505 1448 
115 1254 1 15 1254 552.48 0.32853 689 2033 0 17367 20089 1464 
116 1255 1 15 1255 599.026 0.328792 690 2050 0 17868 20608 1480 
117 1265 1 15 1265 586.921 0.331412 696 2067 0 19244 22007 1496 
118 1272 1 15 1272 581.302 0.333246 699 2084 0 21174 23957 1512 
119 1278 1 15 1278 620.054 0.334818 703 2101 0 23537 26341 1528 
120 1296 1 15 1296 658.463 0.339534 709 2118 0 25344 28171 1544 
121 1296 1 15 1296 575.249 0.339534 715 2135 0 26123 28973 1560 
122 1300 1 15 1300 590.353 0.340582 724 2152 0 30792 33668 1576 
123 1305 1 15 1305 658.336 0.341892 726 2169 0 33497 36392 1592 
124 1306 1 15 1306 707.489 0.342154 729 2186 0 36004 38919 1608 
125 1307 1 15 1307 768.079 0.342416 756 2203 0 39011 41970 1624 
126 1307 1 15 1307 669.209 0.342416 759 2220 0 39735 42714 1640 
127 1307 1 15 1307 619.533 0.342416 761 2237 0 40864 43862 1656 
128 1322 1 15 1322 678.736 0.346345 764 2254 0 42763 45781 1672 
129 1322 1 15 1322 678.736 0.346345 777 2271 0 43696 46744 1688 
130 1333 1 15 1333 680.412 0.349227 788 2288 0 48790 51866 1704 
131 1335 1 15 1335 566.577 0.349751 798 2305 0 49418 52521 1720 
132 1342 1 15 1342 635.697 0.351585 802 2322 0 50076 53200 1736 
133 1350 1 15 1350 643.345 0.353681 806 2339 0 50647 53792 1752 
134 1352 1 15 1352 682.208 0.354205 810 2356 0 52068 55234 1768 
135 1352 1 15 1352 601.026 0.354205 810 2373 0 53113 56296 1785 
136 1362 1 15 1362 603.286 0.356825 812 2390 0 55303 58505 1802 
137 1377 1 15 1377 652.915 0.360755 815 2407 0 56266 59488 1819 
138 1384 1 15 1384 769.937 0.362588 825 2424 0 60825 64074 1836 
139 1385 1 15 1385 590.807 0.36285 833 2441 0 63754 67028 1853 
140 1385 1 15 1385 590.807 0.36285 834 2466 0 70008 73308 1870 
141 1386 1 15 1386 808.028 0.363112 839 2491 0 76524 79854 1887 
142 1386 1 15 1386 644.473 0.363112 842 2516 0 80183 83541 1904 
143 1386 1 15 1386 635.353 0.363112 842 2541 0 83704 87087 1921 
144 1416 1 15 1416 695.752 0.370972 852 2566 0 87080 90498 1938 
145 1416 1 15 1416 695.752 0.370972 852 2591 0 91180 94623 1955 
146 1496 1 15 1496 726.581 0.391931 876 2616 0 93292 96784 1972 
147 1529 1 15 1529 606.711 0.400576 907 2641 0 94618 98166 1989 
148 1546 1 15 1546 790.54 0.40503 911 2666 0 100852 104429 2006 
149 1556 1 15 1556 651.026 0.40765 917 2691 0 102218 105826 2023 
150 1563 1 15 1563 710.422 0.409484 923 2716 0 105295 108934 2040 
151 1566 1 15 1566 712.615 0.41027 927 2741 0 107320 110988 2057 
152 1567 1 15 1567 781.558 0.410532 932 2766 0 121729 125427 2074 
153 1567 1 15 1567 750.944 0.410532 934 2791 0 132291 136016 2091 
154 1567 1 15 1567 714.148 0.410532 966 2816 0 150821 154603 2108 
155 1567 1 15 1567 714.148 0.410532 967 2841 0 153490 157298 2125 
156 1574 1 15 1574 697.662 0.412366 973 2866 0 156239 160078 2142 
157 1585 1 15 1585 733.614 0.415248 979 2891 0 160461 164331 2159 
158 1589 1 15 1589 708.395 0.416296 981 2916 0 164663 168560 2176 
159 1590 1 15 1590 786.556 0.416558 992 2941 0 167366 171299 2193 
160 1591 1 15 1591 804.337 0.416819 993 2966 0 190002 193961 2210 
161 1595 1 15 1595 774.573 0.417867 997 2991 0 191066 195054 2227 
162 1596 1 15 1596 760.393 0.418129 997 3016 0 198805 202818 2244 
163 1599 1 15 1599 763.312 0.418915 998 3041 0 202467 206506 2261 
164 1599 1 15 1599 763.312 0.418915 998 3066 0 208929 212993 2278 
165 1620 1 15 1620 780.797 0.424417 1007 3091 0 213619 217717 2295 
166 1687 1 15 1687 768.914 0.44197 1023 3116 0 216482 220621 2312 
167 1687 1 15 1687 756.092 0.44197 1024 3141 0 232961 237126 2329 
168 1687 1 15 1687 756.092 0.44197 1025 3166 0 243253 247444 2346 
169 1687 1 15 1687 756.092 0.44197 1026 3191 0 256320 260537 2363 
170 1731 1 15 1731 733.572 0.453497 1040 3216 0 263903 268159 2380 
171 1768 1 15 1768 700.574 0.463191 1060 3241 0 273557 277858 2397 
172 1768 1 15 1768 700.574 0.463191 1074 3266 0 277809 282149 2414 
173 1768 1 15 1768 700.574 0.463191 1075 3291 0 289540 293906 2431 
174 1768 1 15 1768 654.696 0.463191 1075 3315 0 304208 308598 2448 
175 1770 1 15 1770 819.447 0.463715 1078 3339 0 317596 322013 2465 
176 1771 1 15 1771 743.931 0.463977 1082 3363 0 320111 324556 2482 
177 1774 1 15 1774 841.43 0.464763 1091 3387 0 323553 328031 2499 
178 1784 1 15 1784 758.138 0.467383 1106 3411 0 328940 333457 2516 
179 1788 1 15 1788 840.541 0.468431 1116 3435 0 343552 348103 2533 
180 1791 1 15 1791 894.21 0.469217 1121 3459 0 351920 356500 2550 
181 1808 1 15 1808 880.016 0.47367 1129 3483 0 374184 378796 2567 
182 1808 1 15 1808 866.804 0.47367 1133 3507 0 386113 390753 2584 
183 1814 1 15 1814 763.683 0.475242 1142 3531 0 403017 407690 2601 
184 1816 1 15 1816 775.923 0.475766 1145 3555 0 410286 414986 2619 
185 1823 1 15 1823 848.047 0.4776 1151 3579 0 439534 444264 2637 
186 1823 1 15 1823 848.047 0.4776 1160 3603 0 458617 463380 2655 
187 1823 1 15 1823 839.546 0.4776 1164 3627 0 473955 478746 2673 
188 1823 1 15 1823 839.546 0.4776 1167 3651 0 487875 492693 2691 
189 1823 1 15 1823 813.731 0.4776 1170 3675 0 496919 501764 2709 
190 1823 1 15 1823 785.551 0.4776 1177 3699 0 548441 553317 2727 
191 1823 1 15 1823 785.551 0.4776 1179 3723 0 565240 570142 2745 
192 1836 1 15 1836 814.446 0.481006 1211 3747 0 602242 607200 2763 
193 1836 1 15 1836 788.623 0.481006 1245 3771 0 611036 616052 2781 
194 1839 1 15 1839 825.842 0.481792 1257 3795 0 625263 630315 2799 
195 1839 1 15 1839 800.881 0.481792 1259 3819 0 627755 632833 2817 
196 1850 1 15 1850 858.961 0.484674 1268 3843 0 633250 638361 2835 
197 1850 1 15 1850 822.434 0.484674 1278 3867 0 645861 651006 2853 
198 1851 1 15 1851 869.925 0.484936 1287 3891 0 652895 658073 2871 
199 1851 1 15 1851 869.925 0.484936 1287 3915 0 672287 677489 2889 
200 1854 1 15 1854 868.523 0.485722 1290 3939 0 693910 699139 2907 
201 1855 1 15 1855 851.064 0.485984 1303 3963 0 715980 721246 2925 
202 1855 1 15 1855 851.064 0.485984 1307 3987 0 723903 729197 2943 
203 1855 1 15 1855 851.064 0.485984 1310 4011 0 789235 794556 2961 
204 1855 1 15 1855 851.064 0.485984 1310 4035 0 812505 817850 2979 
205 1855 1 15 1855 800.653 0.485984 1318 4059 0 830887 836264 2997 
206 1855 1 15 1855 800.653 0.485984 1330 4083 0 836860 842273 3015 
207 1855 1 15 1855 800.653 0.485984 1330 4107 0 931387 936824 3033 
208 1856 1 15 1856 877.462 0.486246 1339 4126 0 946680 952145 3051 
209 1856 1 15 1856 877.462 0.486246 1340 4145 0 985946 991431 3069 
210 1857 1 15 1857 859.075 0.486508 1344 4164 0 1000957 1006465 3087 
211 1857 1 15 1857 859.075 0.486508 1346 4183 0 1028796 1034325 3105 
212 1857 1 15 1857 801.197 0.486508 1358 4202 0 1063028 1068588 3123 
213 1867 1 15 1867 927.476 0.489128 1365 4221 0 1087196 1092782 3141 
214 1871 1 15 1871 900.04 0.490176 1369 4240 0 1122869 1128478 3159 
215 1902 1 15 1902 924.075 0.498297 1383 4259 0 1193293 1198935 3177 
216 1902 1 15 1902 924.075 0.498297 1397 4278 0 1250347 1256022 3195 
217 1948 1 15 1948 841.592 0.510348 1414 4297 0 1266972 1272683 3213 
218 1948 1 15 1948 795.531 0.510348 1428 4316 0 1333548 1339292 3231 
219 1950 1 15 1950 914.325 0.510872 1460 4335 0 1348787 1354582 3249 
220 1950 1 15 1950 840.926 0.510872 1468 4354 0 1368352 1374174 3267 
221 1950 1 15 1950 840.926 0.510872 1469 4373 0 1393267 1399109 3285 
222 1950 1 15 1950 840.926 0.510872 1469 4392 0 1418379 1424240 3303 
223 1953 1 15 1953 901.23 0.511658 1470 4411 0 1459842 1465723 3321 
224 1953 1 15 1953 901.23 0.511658 1470 4430 0 1520904 1526804 3339 
225 1960 1 15 1960 929.104 0.513492 1475 4449 0 1553143 1559067 3357 
226 1972 1 15 1972 904.084 0.516636 1479 4468 0 1570988 1576935 3375 
227 1972 1 15 1972 867.144 0.516636 1481 4487 0 1613323 1619291 3393 
228 1976 1 15 1976 938.072 0.517684 1488 4506 0 1636332 1642326 3411 
229 1976 1 15 1976 906.688 0.517684 1491 4525 0 1694798 1700814 3429 
230 1980 1 15 1980 952.62 0.518732 1498 4544 0 1770593 1776635 3447 
231 1980 1 15 1980 896.787 0.518732 1501 4563 0 1798515 1804579 3465 
