1 4 1 16 4 0 0.00104794 0 14 0 0 14 0 
2 7 1 16 7 3 0.0018339 0 28 0 0 28 1 
3 54 1 16 54 7.28892 0.0141472 9 42 0 0 51 3 
4 64 1 16 64 10.2889 0.0167671 14 56 0 0 70 6 
5 66 1 16 66 13.2889 0.0172911 15 70 0 0 85 10 
6 77 1 16 77 16.2889 0.0201729 20 84 0 0 104 15 
7 77 1 16 77 16.2889 0.0201729 20 98 0 0 118 21 
8 93 1 16 93 20.6207 0.0243647 32 112 0 0 144 28 
9 103 1 16 103 33.338 0.0269845 40 126 0 0 166 36 
10 112 1 16 112 39.338 0.0293424 48 140 0 0 188 44 
11 134 1 16 134 42.7487 0.0351061 55 154 0 0 209 52 
12 140 1 16 140 60.0994 0.036678 56 168 0 0 224 61 
13 141 1 16 141 65.635 0.03694 57 182 0 0 239 70 
14 141 1 16 141 65.635 0.03694 64 196 0 0 260 79 
15 149 1 16 149 67.5955 0.0390359 72 210 0 0 282 88 
16 161 1 16 161 57.4898 0.0421797 82 224 0 0 306 98 
17 161 1 16 161 57.4898 0.0421797 83 238 0 1 322 108 
18 163 1 16 163 60.4898 0.0427037 84 257 0 1 342 118 
19 226 1 16 226 72.6583 0.0592088 99 276 0 1 376 128 
20 230 1 16 230 70.8139 0.0602567 103 295 0 2 400 138 
21 230 1 16 230 70.8139 0.0602567 111 314 0 3 428 148 
22 231 1 16 231 76.7967 0.0605187 111 333 0 4 448 159 
23 253 1 16 253 90.6429 0.0662824 124 352 0 5 481 170 
24 267 1 16 267 93.6429 0.0699502 127 371 0 6 504 181 
25 270 1 16 270 90.0793 0.0707362 127 390 0 7 524 192 
26 279 1 16 279 93.0793 0.0730941 129 409 0 9 547 203 
27 279 1 16 279 93.0793 0.0730941 129 428 0 11 568 214 
28 308 1 16 308 129.423 0.0806916 142 447 0 13 602 225 
29 308 1 16 308 129.423 0.0806916 146 466 0 15 627 236 
30 330 1 16 330 103.153 0.0864553 153 485 0 17 655 248 
31 361 1 16 361 112.434 0.0945769 164 504 0 20 688 260 
32 377 1 16 377 133.974 0.0987687 167 523 0 24 714 272 
33 381 1 16 381 140.787 0.0998166 168 542 0 30 740 284 
34 381 1 16 381 140.787 0.0998166 170 561 0 36 767 296 
35 381 1 16 381 140.787 0.0998166 179 580 0 42 801 308 
36 382 1 16 382 168.772 0.100079 181 599 0 49 829 320 
37 387 1 16 387 147.228 0.101389 189 618 0 57 864 332 
38 389 1 16 389 189.716 0.101912 189 632 0 64 885 344 
39 400 1 16 400 212.219 0.104794 191 646 0 71 908 356 
40 410 1 16 410 207.39 0.107414 194 660 0 79 933 369 
41 448 1 16 448 210.39 0.11737 203 674 0 87 964 382 
42 449 1 16 449 213.39 0.117632 209 688 0 97 994 395 
43 449 1 16 449 213.39 0.117632 212 702 0 110 1024 408 
44 449 1 16 449 212.391 0.117632 212 716 0 120 1048 421 
45 459 1 16 459 260.742 0.120252 214 730 0 130 1074 434 
46 463 1 16 463 262.354 0.121299 216 744 0 141 1101 447 
47 467 1 16 467 225.102 0.122347 217 758 0 154 1129 460 
48 480 1 16 480 293.832 0.125753 220 772 0 182 1174 473 
49 482 1 16 482 251.947 0.126277 235 786 0 207 1228 486 
50 482 1 16 482 251.947 0.126277 242 800 0 229 1271 499 
51 489 1 16 489 281.964 0.128111 253 814 0 255 1322 512 
52 489 1 16 489 250.689 0.128111 255 828 0 306 1389 525 
53 491 1 16 491 290.601 0.128635 266 842 0 358 1466 538 
54 509 1 16 509 304.867 0.133351 271 856 0 377 1504 552 
55 529 1 16 529 312.627 0.138591 278 870 0 438 1586 566 
56 541 1 16 541 325.584 0.141734 281 884 0 517 1682 580 
57 544 1 16 544 323.827 0.14252 282 898 0 624 1804 594 
58 550 1 16 550 349.215 0.144092 283 912 0 723 1918 608 
59 552 1 16 552 359.305 0.144616 288 926 0 832 2046 622 
60 552 1 16 552 359.305 0.144616 290 940 0 942 2172 636 
61 552 1 16 552 358.603 0.144616 290 954 0 1055 2299 650 
62 568 1 16 568 341.494 0.148808 304 968 0 1190 2462 664 
63 593 1 16 593 392.201 0.155358 311 982 0 1336 2629 678 
64 602 1 16 602 389.936 0.157715 316 996 0 1525 2837 692 
65 607 1 16 607 300.021 0.159025 318 1010 0 1648 2976 706 
66 607 1 16 607 300.021 0.159025 318 1024 0 1763 3105 720 
67 607 1 16 607 300.021 0.159025 319 1038 0 1866 3223 734 
68 634 1 16 634 334.783 0.166099 324 1052 0 1966 3342 748 
69 634 1 16 634 334.783 0.166099 330 1066 0 2083 3479 762 
70 646 1 16 646 356.712 0.169243 341 1088 0 2206 3635 776 
71 656 1 16 656 334.686 0.171863 350 1110 0 2285 3745 790 
72 657 1 16 657 346.144 0.172125 357 1132 0 2446 3935 804 
73 700 1 16 700 423.14 0.18339 371 1154 0 2586 4111 818 
74 700 1 16 700 421.909 0.18339 376 1176 0 2722 4274 833 
75 709 1 16 709 417.206 0.185748 386 1198 0 2935 4519 848 
76 709 1 16 709 332.813 0.185748 391 1220 0 3086 4697 863 
77 709 1 16 709 332.813 0.185748 394 1242 0 3244 4880 878 
78 710 1 16 710 356.705 0.18601 395 1264 0 3469 5128 893 
79 746 1 16 746 400.903 0.195441 412 1286 0 3560 5258 908 
80 746 1 16 746 372.297 0.195441 428 1308 0 3751 5487 923 
81 784 1 16 784 394.388 0.205397 439 1330 0 3916 5685 938 
82 787 1 16 787 377.577 0.206183 443 1352 0 4025 5820 953 
83 788 1 16 788 412.167 0.206445 443 1374 0 4102 5919 968 
84 788 1 16 788 378.749 0.206445 446 1396 0 4203 6045 983 
85 790 1 16 790 368.13 0.206969 447 1418 0 4463 6328 998 
86 791 1 16 791 409.986 0.207231 450 1440 0 4710 6600 1013 
87 791 1 16 791 409.986 0.207231 461 1462 0 4803 6726 1028 
88 794 1 16 794 434.984 0.208017 466 1484 0 4838 6788 1043 
89 797 1 16 797 413.964 0.208803 470 1506 0 4876 6852 1058 
90 797 1 16 797 413.964 0.208803 472 1528 0 4914 6914 1073 
91 797 1 16 797 413.964 0.208803 485 1550 0 4943 6978 1088 
92 842 1 16 842 526.011 0.220592 491 1572 0 5057 7120 1103 
93 922 1 16 922 468.346 0.241551 509 1594 0 5102 7205 1118 
94 922 1 16 922 434.82 0.241551 513 1616 0 5145 7274 1133 
95 931 1 16 931 515.838 0.243909 519 1638 0 5390 7547 1148 
96 949 1 16 949 434.109 0.248625 534 1660 0 5472 7666 1163 
97 949 1 16 949 434.109 0.248625 549 1682 0 5523 7754 1178 
98 949 1 16 949 434.109 0.248625 560 1704 0 5660 7924 1193 
99 971 1 16 971 490.662 0.254388 565 1726 0 5912 8203 1208 
100 971 1 16 971 490.662 0.254388 565 1748 0 6483 8796 1224 
101 971 1 16 971 490.662 0.254388 574 1770 0 7163 9507 1240 
102 1070 1 16 1070 523.046 0.280325 599 1792 0 8131 10522 1256 
103 1128 1 16 1128 478.625 0.29552 611 1814 0 8400 10825 1272 
104 1151 1 16 1151 524.409 0.301546 617 1836 0 8991 11444 1288 
105 1151 1 16 1151 477.115 0.301546 628 1858 0 9214 11700 1304 
106 1151 1 16 1151 477.115 0.301546 628 1880 0 9459 11967 1320 
107 1151 1 16 1151 477.115 0.301546 637 1897 0 9730 12264 1336 
108 1151 1 16 1151 477.115 0.301546 639 1914 0 11060 13613 1352 
109 1155 1 16 1155 518.222 0.302594 640 1931 0 12032 14603 1368 
110 1159 1 16 1159 610.5 0.303642 641 1948 0 12285 14874 1384 
111 1232 1 16 1232 528.994 0.322767 663 1965 0 13263 15891 1400 
112 1232 1 16 1232 528.994 0.322767 663 1982 0 13607 16252 1416 
113 1242 1 16 1242 545.425 0.325386 665 1999 0 14179 16843 1432 
114 1251 1 16 1251 496.805 0.327744 668 2016 0 14866 17550 1448 
115 1254 1 16 1254 552.48 0.32853 689 2033 0 17413 20135 1464 
116 1255 1 16 1255 599.026 0.328792 690 2050 0 17908 20648 1480 
117 1265 1 16 1265 586.921 0.331412 696 2067 0 19285 22048 1496 
118 1272 1 16 1272 581.302 0.333246 699 2084 0 21208 23991 1512 
119 1278 1 16 1278 620.054 0.334818 703 2101 0 23559 26363 1528 
120 1296 1 16 1296 658.463 0.339534 709 2118 0 25371 28198 1544 
121 1296 1 16 1296 575.249 0.339534 715 2135 0 26154 29004 1560 
122 1300 1 16 1300 590.353 0.340582 724 2152 0 30799 33675 1576 
123 1305 1 16 1305 658.336 0.341892 726 2169 0 33497 36392 1592 
124 1306 1 16 1306 707.489 0.342154 729 2186 0 36000 38915 1608 
125 1307 1 16 1307 768.079 0.342416 756 2203 0 38997 41956 1624 
126 1307 1 16 1307 669.209 0.342416 759 2220 0 39714 42693 1640 
127 1307 1 16 1307 619.533 0.342416 761 2237 0 40823 43821 1656 
128 1322 1 16 1322 678.736 0.346345 764 2254 0 42701 45719 1672 
129 1322 1 16 1322 678.736 0.346345 777 2271 0 43635 46683 1688 
130 1333 1 16 1333 680.412 0.349227 788 2288 0 48709 51785 1704 
131 1335 1 16 1335 566.577 0.349751 798 2305 0 49340 52443 1720 
132 1342 1 16 1342 635.697 0.351585 802 2322 0 50003 53127 1736 
133 1350 1 16 1350 643.345 0.353681 806 2339 0 50583 53728 1752 
134 1352 1 16 1352 682.208 0.354205 810 2356 0 51997 55163 1768 
135 1352 1 16 1352 601.026 0.354205 810 2373 0 53052 56235 1785 
136 1362 1 16 1362 603.286 0.356825 812 2390 0 55253 58455 1802 
137 1377 1 16 1377 652.915 0.360755 815 2407 0 56227 59449 1819 
138 1384 1 16 1384 769.937 0.362588 825 2424 0 60788 64037 1836 
139 1385 1 16 1385 590.807 0.36285 833 2441 0 63711 66985 1853 
140 1385 1 16 1385 590.807 0.36285 834 2466 0 69934 73234 1870 
141 1386 1 16 1386 808.028 0.363112 839 2491 0 76527 79857 1887 
142 1386 1 16 1386 644.473 0.363112 842 2516 0 80419 83777 1904 
143 1386 1 16 1386 635.353 0.363112 842 2541 0 83950 87333 1921 
144 1416 1 16 1416 695.752 0.370972 852 2566 0 87341 90759 1938 
145 1416 1 16 1416 695.752 0.370972 852 2591 0 91434 94877 1955 
146 1496 1 16 1496 726.581 0.391931 876 2616 0 93538 97030 1972 
147 1529 1 16 1529 606.711 0.400576 907 2641 0 94864 98412 1989 
148 1546 1 16 1546 790.54 0.40503 911 2666 0 100975 104552 2006 
149 1556 1 16 1556 651.026 0.40765 917 2691 0 102362 105970 2023 
150 1563 1 16 1563 710.422 0.409484 923 2716 0 105460 109099 2040 
151 1566 1 16 1566 712.615 0.41027 927 2741 0 107498 111166 2057 
152 1567 1 16 1567 781.558 0.410532 932 2766 0 121815 125513 2074 
153 1567 1 16 1567 750.944 0.410532 934 2791 0 132403 136128 2091 
154 1567 1 16 1567 714.148 0.410532 966 2816 0 150827 154609 2108 
155 1567 1 16 1567 714.148 0.410532 967 2841 0 153516 157324 2125 
156 1574 1 16 1574 697.662 0.412366 973 2866 0 156258 160097 2142 
157 1585 1 16 1585 733.614 0.415248 979 2891 0 160316 164186 2159 
158 1589 1 16 1589 708.395 0.416296 981 2916 0 164527 168424 2176 
159 1590 1 16 1590 786.556 0.416558 992 2941 0 167251 171184 2193 
160 1591 1 16 1591 804.337 0.416819 993 2966 0 189823 193782 2210 
161 1595 1 16 1595 774.573 0.417867 997 2991 0 190913 194901 2227 
162 1596 1 16 1596 760.393 0.418129 997 3016 0 198633 202646 2244 
163 1599 1 16 1599 763.312 0.418915 998 3041 0 202312 206351 2261 
164 1599 1 16 1599 763.312 0.418915 998 3066 0 208727 212791 2278 
165 1620 1 16 1620 780.797 0.424417 1007 3091 0 213411 217509 2295 
166 1687 1 16 1687 768.914 0.44197 1023 3116 0 216262 220401 2312 
167 1687 1 16 1687 756.092 0.44197 1024 3141 0 232856 237021 2329 
168 1687 1 16 1687 756.092 0.44197 1025 3166 0 243131 247322 2346 
169 1687 1 16 1687 756.092 0.44197 1026 3191 0 256171 260388 2363 
170 1731 1 16 1731 733.572 0.453497 1040 3216 0 263785 268041 2380 
171 1768 1 16 1768 700.574 0.463191 1060 3241 0 273538 277839 2397 
172 1768 1 16 1768 700.574 0.463191 1074 3266 0 277800 282140 2414 
173 1768 1 16 1768 700.574 0.463191 1075 3291 0 289521 293887 2431 
174 1768 1 16 1768 654.696 0.463191 1075 3315 0 304342 308732 2448 
175 1770 1 16 1770 819.447 0.463715 1078 3339 0 317770 322187 2465 
176 1771 1 16 1771 743.931 0.463977 1082 3363 0 320300 324745 2482 
177 1774 1 16 1774 841.43 0.464763 1091 3387 0 323735 328213 2499 
178 1784 1 16 1784 742.274 0.467383 1106 3411 0 331050 335567 2516 
179 1788 1 16 1788 926.83 0.468431 1116 3435 0 337542 342093 2533 
180 1791 1 16 1791 895.057 0.469217 1121 3459 0 350253 354833 2550 
181 1808 1 16 1808 808.927 0.47367 1129 3483 0 356042 360654 2567 
182 1808 1 16 1808 808.927 0.47367 1133 3507 0 368284 372924 2584 
183 1814 1 16 1814 880.573 0.475242 1142 3531 0 383922 388595 2601 
184 1816 1 16 1816 752.158 0.475766 1145 3555 0 387807 392507 2619 
185 1823 1 16 1823 726.97 0.4776 1151 3579 0 426464 431194 2637 
186 1823 1 16 1823 726.97 0.4776 1160 3603 0 443456 448219 2655 
187 1823 1 16 1823 726.97 0.4776 1164 3627 0 464093 468884 2673 
188 1823 1 16 1823 721.716 0.4776 1167 3651 0 483005 487823 2691 
189 1823 1 16 1823 721.716 0.4776 1170 3675 0 491401 496246 2709 
190 1823 1 16 1823 721.716 0.4776 1177 3699 0 555469 560345 2727 
191 1823 1 16 1823 721.716 0.4776 1179 3723 0 562008 566910 2745 
192 1836 1 16 1836 815.29 0.481006 1211 3747 0 580973 585931 2763 
193 1836 1 16 1836 815.29 0.481006 1245 3771 0 603350 608366 2781 
194 1839 1 16 1839 915.892 0.481792 1257 3795 0 636596 641648 2799 
195 1839 1 16 1839 882.764 0.481792 1259 3819 0 657377 662455 2817 
196 1850 1 16 1850 878.014 0.484674 1268 3843 0 668604 673715 2835 
197 1850 1 16 1850 878.014 0.484674 1278 3867 0 672225 677370 2853 
198 1851 1 16 1851 886.686 0.484936 1287 3891 0 764467 769645 2871 
199 1851 1 16 1851 822.613 0.484936 1287 3915 0 779033 784235 2889 
200 1854 1 16 1854 930.235 0.485722 1290 3939 0 813569 818798 2907 
201 1855 1 16 1855 842.448 0.485984 1303 3963 0 818410 823676 2925 
202 1855 1 16 1855 842.448 0.485984 1307 3987 0 921818 927112 2943 
203 1855 1 16 1855 842.448 0.485984 1310 4011 0 1002866 1008187 2961 
204 1855 1 16 1855 842.448 0.485984 1310 4035 0 1033269 1038614 2979 
205 1855 1 16 1855 788.949 0.485984 1318 4059 0 1066029 1071406 2997 
206 1855 1 16 1855 788.949 0.485984 1330 4083 0 1088486 1093899 3015 
207 1855 1 16 1855 788.949 0.485984 1330 4107 0 1114964 1120401 3033 
208 1856 1 16 1856 823.713 0.486246 1339 4126 0 1155177 1160642 3051 
209 1856 1 16 1856 823.713 0.486246 1340 4145 0 1169277 1174762 3069 
210 1857 1 16 1857 880.584 0.486508 1344 4164 0 1187167 1192675 3087 
211 1857 1 16 1857 880.584 0.486508 1346 4183 0 1283129 1288658 3105 
212 1857 1 16 1857 863.696 0.486508 1358 4202 0 1319425 1324985 3123 
213 1867 1 16 1867 889.388 0.489128 1365 4221 0 1451852 1457438 3141 
214 1871 1 16 1871 939.949 0.490176 1369 4240 0 1530774 1536383 3159 
215 1902 1 16 1902 968.792 0.498297 1383 4259 0 1589325 1594967 3177 
216 1902 1 16 1902 909.59 0.498297 1397 4278 0 1604211 1609886 3195 
217 1948 1 16 1948 817.703 0.510348 1414 4297 0 1628303 1634014 3213 
218 1948 1 16 1948 817.703 0.510348 1428 4316 0 1676180 1681924 3231 
219 1950 1 16 1950 854.249 0.510872 1460 4335 0 1703880 1709675 3249 
220 1950 1 16 1950 854.249 0.510872 1468 4354 0 1755941 1761763 3267 
221 1950 1 16 1950 854.249 0.510872 1469 4373 0 1775216 1781058 3285 
