1 4 0.01 16.83 4 0 0.00104794 0 14 0 0 14 0 
6 77 0.0585198 16.0052 61 8.53038 0.0159811 20 84 0 0 104 15 
26 279 0.229957 13.0907 168 31.58 0.0440136 129 409 0 2 540 203 
46 463 0.370176 10.707 229 36.5838 0.0599948 216 744 0 8 968 447 
56 541 0.430399 9.68322 268 68.7107 0.0702122 281 884 0 15 1180 580 
63 593 0.469094 9.02539 326 123.44 0.0854074 311 982 0 23 1316 678 
70 646 0.505161 8.41226 383 133.701 0.100341 341 1088 0 34 1463 776 
78 710 0.54339 7.76236 451 138.776 0.118156 395 1264 0 45 1704 893 
85 790 0.57441 7.23503 543 173.307 0.142258 447 1418 0 56 1921 998 
93 922 0.607289 6.67609 602 145.319 0.157715 509 1594 0 71 2174 1118 
99 971 0.63027 6.2854 691 184.465 0.181032 565 1726 0 87 2378 1208 
103 1128 0.644839 6.03773 785 152.706 0.205659 611 1814 0 105 2530 1272 
111 1232 0.672277 5.57129 914 203.546 0.239455 663 1965 0 125 2753 1400 
122 1300 0.706577 4.98819 960 197.93 0.251506 724 2152 0 148 3024 1576 
129 1322 0.726511 4.64931 979 229.079 0.256484 777 2271 0 171 3219 1688 
132 1342 0.734634 4.51123 1004 237.759 0.263034 802 2322 0 196 3320 1736 
136 1362 0.74509 4.33347 1042 247.564 0.272989 812 2390 0 225 3427 1802 
139 1385 0.752661 4.20476 1051 238.595 0.275347 833 2441 0 258 3532 1853 
142 1386 0.760008 4.07987 1063 248.334 0.278491 842 2516 0 301 3659 1904 
144 1416 0.764783 3.99868 1083 239.999 0.283731 852 2566 0 336 3754 1938 
145 1416 0.767136 3.9587 1097 231.804 0.287398 852 2591 0 381 3824 1955 
146 1496 0.769464 3.91911 1175 239.747 0.307833 876 2616 0 432 3924 1972 
147 1529 0.77177 3.87992 1190 236.841 0.311763 907 2641 0 489 4037 1989 
148 1546 0.774052 3.84112 1205 239.47 0.315693 911 2666 0 536 4113 2006 
149 1556 0.776311 3.80271 1208 233.947 0.316479 917 2691 0 579 4187 2023 
150 1563 0.778548 3.76468 1223 221.662 0.320409 923 2716 0 629 4268 2040 
152 1567 0.782955 3.68976 1227 217.349 0.321457 932 2766 0 677 4375 2074 
153 1567 0.785126 3.65287 1232 234.694 0.322767 934 2791 0 731 4456 2091 
154 1567 0.787274 3.61634 1236 226.057 0.323815 966 2816 0 794 4576 2108 
155 1567 0.789402 3.58017 1237 223.715 0.324077 967 2841 0 867 4675 2125 
156 1574 0.791508 3.54437 1252 220.404 0.328006 973 2866 0 915 4754 2142 
157 1585 0.793592 3.50893 1260 212.792 0.330102 979 2891 0 972 4842 2159 
158 1589 0.795657 3.47384 1269 229.393 0.33246 981 2916 0 1063 4960 2176 
160 1591 0.799723 3.40471 1273 235.005 0.333508 993 2966 0 1246 5205 2210 
161 1595 0.801726 3.37066 1281 222.027 0.335604 997 2991 0 1362 5350 2227 
162 1596 0.803708 3.33696 1284 226.349 0.33639 997 3016 0 1472 5485 2244 
163 1599 0.805671 3.30359 1305 234.26 0.341892 998 3041 0 1700 5739 2261 
165 1620 0.809538 3.23785 1312 231.705 0.343725 1007 3091 0 2338 6436 2295 
166 1687 0.811443 3.20547 1375 228.575 0.360231 1023 3116 0 2810 6949 2312 
168 1687 0.815195 3.14168 1382 239.756 0.362064 1025 3166 0 3414 7605 2346 
170 1731 0.818873 3.07916 1424 229.291 0.373068 1040 3216 0 4176 8432 2380 
171 1768 0.820684 3.04837 1455 229.125 0.381189 1060 3241 0 5327 9628 2397 
173 1768 0.824253 2.9877 1462 220.198 0.383023 1075 3291 0 7195 11561 2431 
175 1770 0.82775 2.92825 1474 228.508 0.386167 1078 3339 0 9536 13953 2465 
177 1774 0.831178 2.86998 1475 216.097 0.386429 1091 3387 0 10766 15244 2499 
178 1784 0.832866 2.84128 1494 218.611 0.391407 1106 3411 0 14156 18673 2516 
180 1791 0.836192 2.78474 1498 222.068 0.392455 1121 3459 0 15953 20533 2550 
181 1808 0.83783 2.75689 1515 214.951 0.396909 1129 3483 0 20018 24630 2567 
182 1808 0.839452 2.72932 1519 211.328 0.397957 1133 3507 0 21683 26323 2584 
183 1814 0.841057 2.70203 1526 221.568 0.39979 1142 3531 0 30472 35145 2601 
184 1816 0.842647 2.67501 1538 218.517 0.402934 1145 3555 0 34211 38911 2619 
185 1823 0.84422 2.64826 1541 211.576 0.40372 1151 3579 0 43554 48284 2637 
186 1823 0.845778 2.62177 1544 221.45 0.404506 1160 3603 0 69381 74144 2655 
187 1823 0.84732 2.59556 1546 224.609 0.40503 1164 3627 0 160250 165041 2673 
188 1823 0.848847 2.5696 1556 215.061 0.40765 1167 3651 0 173063 177881 2691 
192 1836 0.854803 2.46835 1570 222.749 0.411318 1211 3747 0 335674 340632 2763 
193 1836 0.856255 2.44366 1573 228.686 0.412104 1245 3771 0 786658 791674 2781 
194 1839 0.857693 2.41923 1582 221.93 0.414462 1257 3795 0 1180389 1185441 2799 
196 1850 0.860524 2.37108 1599 214.716 0.418915 1268 3843 0 1445550 1450661 2835 
