1 4 0.01 6.93 4 0 0.00104794 0 14 0 0 14 0 
6 77 0.0585198 6.59036 61 8.53038 0.0159811 20 84 0 0 104 15 
26 279 0.229957 5.3903 168 31.58 0.0440136 129 409 0 2 540 203 
46 463 0.370176 4.40876 229 36.5838 0.0599948 216 744 0 12 972 447 
56 541 0.430399 3.98721 268 68.7107 0.0702122 281 884 0 19 1184 580 
63 593 0.469094 3.71634 326 123.44 0.0854074 311 982 0 28 1321 678 
70 646 0.505161 3.46387 383 133.701 0.100341 341 1088 0 39 1468 776 
78 710 0.54339 3.19627 449 142.116 0.117632 395 1264 0 50 1709 893 
84 788 0.570111 3.00922 548 160.582 0.143568 446 1396 0 66 1908 983 
93 922 0.607289 2.74898 595 161.334 0.155882 509 1594 0 87 2190 1118 
99 971 0.63027 2.58811 646 157.577 0.169243 565 1726 0 109 2400 1208 
102 1070 0.641252 2.51124 733 142.053 0.192036 599 1792 0 133 2524 1256 
104 1151 0.648391 2.46126 757 157.552 0.198323 617 1836 0 156 2609 1288 
107 1151 0.658834 2.38816 800 148.541 0.209589 637 1897 0 179 2713 1336 
111 1232 0.672277 2.29406 891 138.107 0.233429 663 1965 0 205 2833 1400 
119 1278 0.697595 2.11683 915 145.909 0.239717 703 2101 0 256 3060 1528 
122 1300 0.706577 2.05396 924 143.403 0.242075 724 2152 0 311 3187 1576 
123 1305 0.709511 2.03342 926 148.951 0.242599 726 2169 0 384 3279 1592 
124 1306 0.712416 2.01309 940 150.458 0.246267 729 2186 0 452 3367 1608 
127 1307 0.720958 1.95329 943 144.729 0.247053 761 2237 0 563 3561 1656 
128 1322 0.723748 1.93376 964 151.469 0.252554 764 2254 0 713 3731 1672 
130 1333 0.729246 1.89528 974 149.42 0.255174 788 2288 0 886 3962 1704 
131 1335 0.731953 1.87633 978 153.624 0.256222 798 2305 0 1082 4185 1720 
132 1342 0.734634 1.85756 1000 146.772 0.261986 802 2322 0 1323 4447 1736 
134 1352 0.739914 1.8206 1003 150.095 0.262772 810 2356 0 1542 4708 1768 
135 1352 0.742515 1.80239 1005 146.262 0.263296 810 2373 0 1731 4914 1785 
136 1362 0.74509 1.78437 1015 155.684 0.265916 812 2390 0 2221 5423 1802 
137 1377 0.747639 1.76652 1041 153.702 0.272727 815 2407 0 2743 5965 1819 
139 1385 0.752661 1.73137 1050 154.495 0.275085 833 2441 0 3535 6809 1853 
141 1386 0.757583 1.69692 1051 150.915 0.275347 839 2491 0 4759 8089 1887 
142 1386 0.760008 1.67995 1055 153.15 0.276395 842 2516 0 5449 8807 1904 
143 1386 0.762407 1.66315 1059 155.835 0.277443 842 2541 0 7422 10805 1921 
144 1416 0.764783 1.64652 1092 146.9 0.286089 852 2566 0 8617 12035 1938 
146 1496 0.769464 1.61375 1158 159.298 0.30338 876 2616 0 12871 16363 1972 
147 1529 0.77177 1.59761 1184 146.014 0.310191 907 2641 0 14136 17684 1989 
148 1546 0.774052 1.58164 1201 150.933 0.314645 911 2666 0 15733 19310 2006 
149 1556 0.776311 1.56582 1209 163.93 0.316741 917 2691 0 36846 40454 2023 
150 1563 0.778548 1.55016 1217 158.505 0.318837 923 2716 0 57922 61561 2040 
151 1566 0.780763 1.53466 1224 160.533 0.320671 927 2741 0 104410 108078 2057 
152 1567 0.782955 1.51931 1232 159.497 0.322767 932 2766 0 138332 142030 2074 
154 1567 0.787274 1.48908 1234 161.508 0.323291 966 2816 0 226622 230404 2108 
155 1567 0.789402 1.47419 1241 154.397 0.325124 967 2841 0 276127 279935 2125 
156 1574 0.791508 1.45945 1246 157.964 0.326434 973 2866 0 345634 349473 2142 
157 1585 0.793592 1.44485 1258 160.844 0.329578 979 2891 0 431972 435842 2159 
158 1589 0.795657 1.4304 1269 163.518 0.33246 981 2916 0 525071 528968 2176 
160 1591 0.799723 1.40194 1276 164.599 0.334294 993 2966 0 960279 964238 2210 
161 1595 0.801726 1.38792 1282 158.462 0.335866 997 2991 0 1120288 1124276 2227 
162 1596 0.803708 1.37404 1283 161.094 0.336128 997 3016 0 1635416 1639429 2244 
