1 4 0.01 4.95 4 0 0.00104794 0 14 0 0 14 0 
6 77 0.0585198 4.7074 61 8.53038 0.0159811 20 84 0 0 104 15 
26 279 0.229957 3.85022 168 31.58 0.0440136 129 409 0 2 540 203 
46 463 0.370176 3.14912 229 36.5838 0.0599948 216 744 0 8 968 447 
56 541 0.430399 2.84801 268 68.7107 0.0702122 281 884 0 16 1181 580 
63 593 0.469094 2.65453 326 123.44 0.0854074 311 982 0 29 1322 678 
70 646 0.505161 2.47419 365 129.732 0.0956248 341 1088 0 39 1468 776 
74 700 0.52466 2.3767 429 127.037 0.112392 376 1176 0 50 1602 833 
81 784 0.556952 2.21524 465 132.964 0.121823 439 1330 0 63 1832 938 
88 794 0.58705 2.06475 484 122.234 0.126801 466 1484 0 85 2035 1043 
92 842 0.603322 1.98339 547 115.99 0.143306 491 1572 0 105 2168 1103 
93 922 0.607289 1.96355 601 124.101 0.157453 509 1594 0 121 2224 1118 
99 971 0.63027 1.84865 638 114.274 0.167147 565 1726 0 153 2444 1208 
102 1070 0.641252 1.79374 695 120.045 0.18208 599 1792 0 177 2568 1256 
103 1128 0.644839 1.7758 755 121.235 0.197799 611 1814 0 205 2630 1272 
107 1151 0.658834 1.70583 776 122.314 0.203301 637 1897 0 245 2779 1336 
111 1232 0.672277 1.63861 857 123.251 0.224522 663 1965 0 291 2919 1400 
115 1254 0.685191 1.57405 863 122.91 0.226094 689 2033 0 348 3070 1464 
116 1255 0.688339 1.55831 866 122.584 0.22688 690 2050 0 439 3179 1480 
117 1265 0.691455 1.54272 884 129.031 0.231595 696 2067 0 516 3279 1496 
119 1278 0.697595 1.51202 894 119.869 0.234215 703 2101 0 617 3421 1528 
120 1296 0.700619 1.4969 909 130.073 0.238145 709 2118 0 755 3582 1544 
121 1296 0.703613 1.48193 922 124.755 0.241551 715 2135 0 889 3739 1560 
123 1305 0.709511 1.45244 929 127.833 0.243385 726 2169 0 1022 3917 1592 
124 1306 0.712416 1.43792 934 126.607 0.244695 729 2186 0 1756 4671 1608 
125 1307 0.715292 1.42354 936 123.074 0.245219 756 2203 0 2123 5082 1624 
126 1307 0.718139 1.4093 940 127.532 0.246267 759 2220 0 2542 5521 1640 
127 1307 0.720958 1.39521 946 119.862 0.247839 761 2237 0 2899 5897 1656 
128 1322 0.723748 1.38126 957 128.725 0.25072 764 2254 0 3487 6505 1672 
129 1322 0.726511 1.36745 975 127.943 0.255436 777 2271 0 4270 7318 1688 
131 1335 0.731953 1.34023 980 129.703 0.256746 798 2305 0 5571 8674 1720 
132 1342 0.734634 1.32683 988 129.434 0.258842 802 2322 0 7383 10507 1736 
133 1350 0.737287 1.31356 997 132.746 0.2612 806 2339 0 14295 17440 1752 
134 1352 0.739914 1.30043 1002 139.571 0.26251 810 2356 0 18521 21687 1768 
135 1352 0.742515 1.28742 1013 137.091 0.265392 810 2373 0 25486 28669 1785 
136 1362 0.74509 1.27455 1016 134.522 0.266178 812 2390 0 31297 34499 1802 
137 1377 0.747639 1.2618 1032 137.093 0.270369 815 2407 0 36726 39948 1819 
138 1384 0.750163 1.24918 1047 137.943 0.274299 825 2424 0 50597 53846 1836 
141 1386 0.757583 1.21208 1051 143.482 0.275347 839 2491 0 132164 135494 1887 
142 1386 0.760008 1.19996 1054 138.456 0.276133 842 2516 0 212366 215724 1904 
143 1386 0.762407 1.18796 1064 142.267 0.278753 842 2541 0 281010 284393 1921 
144 1416 0.764783 1.17608 1086 146.092 0.284517 852 2566 0 771598 775016 1938 
145 1416 0.767136 1.16432 1092 147.521 0.286089 852 2591 0 1034997 1038440 1955 
146 1496 0.769464 1.15268 1155 141.066 0.302594 876 2616 0 1134501 1137993 1972 
147 1529 0.77177 1.14115 1199 144.183 0.314121 907 2641 0 1337276 1340824 1989 
149 1556 0.776311 1.11844 1221 144.559 0.319885 917 2691 0 1620843 1624451 2023 
