1 4 0.01 5.94 4 0 0.00104794 0 14 0 0 14 0 
6 77 0.0585198 5.64888 61 8.53038 0.0159811 20 84 0 0 104 15 
26 279 0.229957 4.62026 168 31.58 0.0440136 129 409 0 2 540 203 
46 463 0.370176 3.77894 229 36.5838 0.0599948 216 744 0 8 968 447 
56 541 0.430399 3.41761 268 68.7107 0.0702122 281 884 0 15 1180 580 
63 593 0.469094 3.18543 326 123.44 0.0854074 311 982 0 29 1322 678 
70 646 0.505161 2.96903 399 137.559 0.104532 341 1088 0 40 1469 776 
79 746 0.547956 2.71226 457 134.078 0.119728 412 1286 0 51 1749 908 
86 791 0.578666 2.52801 506 112.648 0.132565 450 1440 0 64 1954 1013 
92 842 0.603322 2.38007 542 134.541 0.141996 491 1572 0 80 2143 1103 
93 922 0.607289 2.35627 583 127.818 0.152738 509 1594 0 108 2211 1118 
96 949 0.618953 2.28628 623 139.424 0.163217 534 1660 0 127 2321 1163 
102 1070 0.641252 2.15249 710 127.442 0.18601 599 1792 0 153 2544 1256 
103 1128 0.644839 2.13096 773 138.916 0.202515 611 1814 0 181 2606 1272 
110 1159 0.668967 1.9862 790 134.378 0.206969 641 1948 0 208 2797 1384 
111 1232 0.672277 1.96634 878 126.018 0.230024 663 1965 0 235 2863 1400 
118 1272 0.694541 1.83275 902 134.841 0.236311 699 2084 0 299 3082 1512 
120 1296 0.700619 1.79628 914 132.767 0.239455 709 2118 0 341 3168 1544 
122 1300 0.706577 1.76054 929 132.252 0.243385 724 2152 0 385 3261 1576 
124 1306 0.712416 1.7255 932 135.813 0.244171 729 2186 0 496 3411 1608 
125 1307 0.715292 1.70825 938 141.447 0.245743 756 2203 0 714 3673 1624 
126 1307 0.718139 1.69116 947 128.596 0.248101 759 2220 0 829 3808 1640 
128 1322 0.723748 1.65751 975 132.691 0.255436 764 2254 0 918 3936 1672 
131 1335 0.731953 1.60828 979 144.778 0.256484 798 2305 0 1736 4839 1720 
132 1342 0.734634 1.5922 986 128.992 0.258318 802 2322 0 2341 5465 1736 
133 1350 0.737287 1.57628 997 140.466 0.2612 806 2339 0 3129 6274 1752 
134 1352 0.739914 1.56051 1003 145.725 0.262772 810 2356 0 4955 8121 1768 
135 1352 0.742515 1.54491 1007 145.28 0.26382 810 2373 0 7582 10765 1785 
136 1362 0.74509 1.52946 1016 144.764 0.266178 812 2390 0 10466 13668 1802 
137 1377 0.747639 1.51416 1037 150.432 0.271679 815 2407 0 12037 15259 1819 
138 1384 0.750163 1.49902 1042 148.319 0.272989 825 2424 0 16758 20007 1836 
139 1385 0.752661 1.48403 1046 149.836 0.274037 833 2441 0 19500 22774 1853 
141 1386 0.757583 1.4545 1052 142.47 0.275609 839 2491 0 23721 27051 1887 
142 1386 0.760008 1.43995 1063 146.206 0.278491 842 2516 0 33370 36728 1904 
144 1416 0.764783 1.4113 1090 150.858 0.285565 852 2566 0 47410 50828 1938 
146 1496 0.769464 1.38322 1155 142.753 0.302594 876 2616 0 60718 64210 1972 
147 1529 0.77177 1.36938 1190 151.122 0.311763 907 2641 0 78418 81966 1989 
148 1546 0.774052 1.35569 1200 150.196 0.314383 911 2666 0 141145 144722 2006 
149 1556 0.776311 1.34213 1208 146.517 0.316479 917 2691 0 170741 174349 2023 
150 1563 0.778548 1.32871 1223 154.988 0.320409 923 2716 0 296422 300061 2040 
152 1567 0.782955 1.30227 1229 155.834 0.321981 932 2766 0 444251 447949 2074 
153 1567 0.785126 1.28925 1233 155.58 0.323029 934 2791 0 761531 765256 2091 
154 1567 0.787274 1.27635 1238 155.637 0.324338 966 2816 0 1050444 1054226 2108 
