1 4 1 4 4 0 0.00104794 0 14 0 0 14 0 
2 7 1 4 7 3 0.0018339 0 28 0 0 28 1 
3 54 1 4 54 7.28892 0.0141472 9 42 0 0 51 3 
4 64 1 4 64 10.2889 0.0167671 14 56 0 0 70 6 
5 66 1 4 66 13.2889 0.0172911 15 70 0 0 85 10 
6 77 1 4 77 16.2889 0.0201729 20 84 0 0 104 15 
7 77 1 4 77 16.2889 0.0201729 20 98 0 0 118 21 
8 93 1 4 93 20.6207 0.0243647 32 112 0 0 144 28 
9 103 1 4 103 33.338 0.0269845 40 126 0 0 166 36 
10 112 1 4 112 39.338 0.0293424 48 140 0 0 188 44 
11 134 1 4 134 42.7487 0.0351061 55 154 0 0 209 52 
12 140 1 4 140 60.0994 0.036678 56 168 0 0 224 61 
13 141 1 4 141 65.635 0.03694 57 182 0 0 239 70 
14 141 1 4 141 65.635 0.03694 64 196 0 0 260 79 
15 149 1 4 149 67.5955 0.0390359 72 210 0 0 282 88 
16 161 1 4 161 57.4898 0.0421797 82 224 0 0 306 98 
17 161 1 4 161 57.4898 0.0421797 83 238 0 0 321 108 
18 163 1 4 163 60.4898 0.0427037 84 257 0 0 341 118 
19 226 1 4 226 72.6583 0.0592088 99 276 0 0 375 128 
20 230 1 4 230 70.8139 0.0602567 103 295 0 1 399 138 
21 230 1 4 230 70.8139 0.0602567 111 314 0 2 427 148 
22 231 1 4 231 76.7967 0.0605187 111 333 0 3 447 159 
23 253 1 4 253 82.9916 0.0662824 124 352 0 4 480 170 
24 267 1 4 267 89.0695 0.0699502 127 371 0 6 504 181 
25 270 1 4 270 82.7247 0.0707362 127 390 0 8 525 192 
26 279 1 4 279 85.7247 0.0730941 129 409 0 10 548 203 
27 279 1 4 279 85.7247 0.0730941 129 428 0 12 569 214 
28 308 1 4 308 108.312 0.0806916 142 447 0 16 605 225 
29 308 1 4 308 99.1952 0.0806916 146 466 0 21 633 236 
30 330 1 4 330 105.071 0.0864553 153 485 0 26 664 248 
31 361 1 4 361 106.822 0.0945769 164 504 0 32 700 260 
32 377 1 4 377 132.342 0.0987687 167 523 0 40 730 272 
33 381 1 4 381 154.673 0.0998166 168 542 0 50 760 284 
34 381 1 4 381 154.673 0.0998166 170 561 0 59 790 296 
35 381 1 4 381 154.673 0.0998166 179 580 0 68 827 308 
36 382 1 4 382 176.381 0.100079 181 599 0 77 857 320 
37 387 1 4 387 186.629 0.101389 189 618 0 94 901 332 
38 389 1 4 389 195.804 0.101912 189 632 0 112 933 344 
39 400 1 4 400 196.963 0.104794 191 646 0 130 967 356 
40 410 1 4 410 195.66 0.107414 194 660 0 143 997 369 
41 448 1 4 448 203.522 0.11737 203 674 0 164 1041 382 
42 449 1 4 449 199.53 0.117632 209 688 0 186 1083 395 
43 449 1 4 449 199.53 0.117632 212 702 0 207 1121 408 
44 449 1 4 449 199.53 0.117632 212 716 0 230 1158 421 
45 459 1 4 459 213.938 0.120252 214 730 0 253 1197 434 
46 463 1 4 463 215.58 0.121299 216 744 0 277 1237 447 
47 467 1 4 467 218.58 0.122347 217 758 0 302 1277 460 
48 480 1 4 480 212.256 0.125753 220 772 0 346 1338 473 
49 482 1 4 482 233.555 0.126277 235 786 0 397 1418 486 
50 482 1 4 482 233.05 0.126277 242 800 0 452 1494 499 
51 489 1 4 489 265.742 0.128111 253 814 0 513 1580 512 
52 489 1 4 489 265.742 0.128111 255 828 0 570 1653 525 
53 491 1 4 491 270.722 0.128635 266 842 0 633 1741 538 
54 509 1 4 509 248.858 0.133351 271 856 0 692 1819 552 
55 529 1 4 529 259.869 0.138591 278 870 0 770 1918 566 
56 541 1 4 541 290.942 0.141734 281 884 0 916 2081 580 
57 544 1 4 544 278.859 0.14252 282 898 0 1014 2194 594 
58 550 1 4 550 295.235 0.144092 283 912 0 1130 2325 608 
59 552 1 4 552 300.539 0.144616 288 926 0 1274 2488 622 
60 552 1 4 552 300.539 0.144616 290 940 0 1419 2649 636 
61 552 1 4 552 274.312 0.144616 290 954 0 1544 2788 650 
62 568 1 4 568 290.485 0.148808 304 968 0 1705 2977 664 
63 593 1 4 593 320.165 0.155358 311 982 0 1993 3286 678 
64 602 1 4 602 340.375 0.157715 316 996 0 2293 3605 692 
65 607 1 4 607 293.556 0.159025 318 1010 0 2509 3837 706 
66 607 1 4 607 291.038 0.159025 318 1024 0 2826 4168 720 
67 607 1 4 607 291.038 0.159025 319 1038 0 3116 4473 734 
68 634 1 4 634 271.741 0.166099 324 1052 0 3396 4772 748 
69 634 1 4 634 253.154 0.166099 330 1066 0 3526 4922 762 
70 646 1 4 646 274.449 0.169243 341 1088 0 4314 5743 776 
71 656 1 4 656 299.108 0.171863 350 1110 0 5469 6929 790 
72 657 1 4 657 289.63 0.172125 357 1132 0 6304 7793 804 
73 700 1 4 700 303.076 0.18339 371 1154 0 7466 8991 818 
74 700 1 4 700 303.076 0.18339 376 1176 0 9160 10712 833 
75 709 1 4 709 301.228 0.185748 386 1198 0 10155 11739 848 
76 709 1 4 709 301.228 0.185748 391 1220 0 11680 13291 863 
77 709 1 4 709 301.228 0.185748 394 1242 0 12995 14631 878 
78 710 1 4 710 287.103 0.18601 395 1264 0 13854 15513 893 
79 746 1 4 746 326.315 0.195441 412 1286 0 15158 16856 908 
80 746 1 4 746 310.768 0.195441 428 1308 0 16213 17949 923 
81 784 1 4 784 296.072 0.205397 439 1330 0 18555 20324 938 
82 787 1 4 787 292.479 0.206183 443 1352 0 20560 22355 953 
83 788 1 4 788 318.29 0.206445 443 1374 0 23485 25302 968 
84 788 1 4 788 308.377 0.206445 446 1396 0 25963 27805 983 
85 790 1 4 790 304.954 0.206969 447 1418 0 29353 31218 998 
86 791 1 4 791 311.508 0.207231 450 1440 0 34431 36321 1013 
87 791 1 4 791 311.508 0.207231 461 1462 0 40384 42307 1028 
88 794 1 4 794 289.019 0.208017 466 1484 0 43102 45052 1043 
89 797 1 4 797 337.042 0.208803 470 1506 0 49672 51648 1058 
90 797 1 4 797 307.45 0.208803 472 1528 0 56403 58403 1073 
91 797 1 4 797 304.334 0.208803 485 1550 0 63608 65643 1088 
92 842 1 4 842 323.391 0.220592 491 1572 0 71036 73099 1103 
93 922 1 4 922 323.764 0.241551 509 1594 0 75168 77271 1118 
94 922 1 4 922 323.764 0.241551 513 1616 0 86333 88462 1133 
95 931 1 4 931 345.484 0.243909 519 1638 0 114586 116743 1148 
96 949 1 4 949 316.206 0.248625 534 1660 0 137526 139720 1163 
97 949 1 4 949 316.206 0.248625 549 1682 0 178194 180425 1178 
98 949 1 4 949 316.206 0.248625 560 1704 0 204056 206320 1193 
99 971 1 4 971 365.563 0.254388 565 1726 0 225172 227463 1208 
100 971 1 4 971 345.388 0.254388 565 1748 0 241386 243699 1224 
101 971 1 4 971 319.774 0.254388 574 1770 0 260436 262780 1240 
102 1070 1 4 1070 324.687 0.280325 599 1792 0 272553 274944 1256 
103 1128 1 4 1128 360.173 0.29552 611 1814 0 341983 344408 1272 
104 1151 1 4 1151 327.229 0.301546 617 1836 0 383876 386329 1288 
105 1151 1 4 1151 327.229 0.301546 628 1858 0 493609 496095 1304 
106 1151 1 4 1151 327.229 0.301546 628 1880 0 572254 574762 1320 
107 1151 1 4 1151 327.229 0.301546 637 1897 0 616694 619228 1336 
108 1151 1 4 1151 327.229 0.301546 639 1914 0 702927 705480 1352 
109 1155 1 4 1155 361.486 0.302594 640 1931 0 817244 819815 1368 
110 1159 1 4 1159 370.236 0.303642 641 1948 0 961029 963618 1384 
111 1232 1 4 1232 354.167 0.322767 663 1965 0 1065711 1068339 1400 
112 1232 1 4 1232 340.474 0.322767 663 1982 0 1261577 1264222 1416 
