1 4 1 2 4 0 0.00104794 0 14 0 0 14 0 
2 7 1 2 7 3 0.0018339 0 28 0 0 28 1 
3 54 1 2 54 7.28892 0.0141472 9 42 0 0 51 3 
4 64 1 2 64 10.2889 0.0167671 14 56 0 0 70 6 
5 66 1 2 66 13.2889 0.0172911 15 70 0 0 85 10 
6 77 1 2 77 16.2889 0.0201729 20 84 0 0 104 15 
7 77 1 2 77 16.2889 0.0201729 20 98 0 0 118 21 
8 93 1 2 93 20.6207 0.0243647 32 112 0 0 144 28 
9 103 1 2 103 23.9374 0.0269845 40 126 0 0 166 36 
10 112 1 2 112 39.0335 0.0293424 48 140 0 1 189 44 
11 134 1 2 134 36.6649 0.0351061 55 154 0 2 211 52 
12 140 1 2 140 42.6649 0.036678 56 168 0 3 227 61 
13 141 1 2 141 52.8269 0.03694 57 182 0 6 245 70 
14 141 1 2 141 52.8269 0.03694 64 196 0 8 268 79 
15 149 1 2 149 56.0141 0.0390359 72 210 0 11 293 88 
16 161 1 2 161 55.2584 0.0421797 82 224 0 16 322 98 
17 161 1 2 161 49.8964 0.0421797 83 238 0 18 339 108 
18 163 1 2 163 52.8964 0.0427037 84 257 0 20 361 118 
19 226 1 2 226 64.2482 0.0592088 99 276 0 26 401 128 
20 230 1 2 230 68.2997 0.0602567 103 295 0 32 430 138 
21 230 1 2 230 68.2997 0.0602567 111 314 0 38 463 148 
22 231 1 2 231 72.8295 0.0605187 111 333 0 53 497 159 
23 253 1 2 253 78.5727 0.0662824 124 352 0 72 548 170 
24 267 1 2 267 88.9192 0.0699502 127 371 0 94 592 181 
25 270 1 2 270 85.4583 0.0707362 127 390 0 116 633 192 
26 279 1 2 279 102.63 0.0730941 129 409 0 140 678 203 
27 279 1 2 279 102.63 0.0730941 129 428 0 167 724 214 
28 308 1 2 308 87.8135 0.0806916 142 447 0 199 788 225 
29 308 1 2 308 87.8135 0.0806916 146 466 0 237 849 236 
30 330 1 2 330 104.775 0.0864553 153 485 0 286 924 248 
31 361 1 2 361 104.975 0.0945769 164 504 0 397 1065 260 
32 377 1 2 377 97.9768 0.0987687 167 523 0 509 1199 272 
33 381 1 2 381 108.688 0.0998166 168 542 0 637 1347 284 
34 381 1 2 381 94.842 0.0998166 170 561 0 695 1426 296 
35 381 1 2 381 94.842 0.0998166 179 580 0 837 1596 308 
36 382 1 2 382 125.622 0.100079 181 599 0 975 1755 320 
37 387 1 2 387 124.611 0.101389 189 618 0 1187 1994 332 
38 389 1 2 389 119.376 0.101912 189 632 0 1371 2192 344 
39 400 1 2 400 130.578 0.104794 191 646 0 1600 2437 356 
40 410 1 2 410 151.56 0.107414 194 660 0 1890 2744 369 
41 448 1 2 448 146.06 0.11737 203 674 0 2151 3028 382 
42 449 1 2 449 149.643 0.117632 209 688 0 2417 3314 395 
43 449 1 2 449 141.954 0.117632 212 702 0 2683 3597 408 
44 449 1 2 449 141.954 0.117632 212 716 0 3002 3930 421 
45 459 1 2 459 175.362 0.120252 214 730 0 3387 4331 434 
46 463 1 2 463 173.491 0.121299 216 744 0 3745 4705 447 
47 467 1 2 467 177.754 0.122347 217 758 0 4078 5053 460 
48 480 1 2 480 162.041 0.125753 220 772 0 4498 5490 473 
49 482 1 2 482 179.398 0.126277 235 786 0 5011 6032 486 
50 482 1 2 482 173.193 0.126277 242 800 0 5708 6750 499 
51 489 1 2 489 188.975 0.128111 253 814 0 6333 7400 512 
52 489 1 2 489 188.975 0.128111 255 828 0 7224 8307 525 
53 491 1 2 491 205.366 0.128635 266 842 0 8082 9190 538 
54 509 1 2 509 194.073 0.133351 271 856 0 11764 12891 552 
55 529 1 2 529 194.713 0.138591 278 870 0 15570 16718 566 
56 541 1 2 541 210.967 0.141734 281 884 0 19778 20943 580 
57 544 1 2 544 210.075 0.14252 282 898 0 24718 25898 594 
58 550 1 2 550 213.939 0.144092 283 912 0 28749 29944 608 
59 552 1 2 552 204.769 0.144616 288 926 0 34194 35408 622 
60 552 1 2 552 204.769 0.144616 290 940 0 45707 46937 636 
61 552 1 2 552 204.769 0.144616 290 954 0 57056 58300 650 
62 568 1 2 568 198.019 0.148808 304 968 0 70105 71377 664 
63 593 1 2 593 229.018 0.155358 311 982 0 82198 83491 678 
64 602 1 2 602 226.774 0.157715 316 996 0 101697 103009 692 
65 607 1 2 607 205.904 0.159025 318 1010 0 117912 119240 706 
66 607 1 2 607 205.904 0.159025 318 1024 0 147044 148386 720 
67 607 1 2 607 199.788 0.159025 319 1038 0 162346 163703 734 
68 634 1 2 634 229.962 0.166099 324 1052 0 196550 197926 748 
69 634 1 2 634 225.165 0.166099 330 1066 0 219480 220876 762 
70 646 1 2 646 205.211 0.169243 341 1088 0 249440 250869 776 
71 656 1 2 656 222.38 0.171863 350 1110 0 288722 290182 790 
72 657 1 2 657 215.588 0.172125 357 1132 0 336230 337719 804 
73 700 1 2 700 214.013 0.18339 371 1154 0 407188 408713 818 
74 700 1 2 700 214.013 0.18339 376 1176 0 466997 468549 833 
75 709 1 2 709 240.207 0.185748 386 1198 0 572475 574059 848 
76 709 1 2 709 240.207 0.185748 391 1220 0 682288 683899 863 
77 709 1 2 709 221.794 0.185748 394 1242 0 763771 765407 878 
78 710 1 2 710 236.56 0.18601 395 1264 0 915620 917279 893 
79 746 1 2 746 252.033 0.195441 412 1286 0 1064328 1066026 908 
80 746 1 2 746 241.012 0.195441 428 1308 0 1190301 1192037 923 
81 784 1 2 784 236.195 0.205397 439 1330 0 1415074 1416843 938 
82 787 1 2 787 231.707 0.206183 443 1352 0 1760231 1762026 953 
