1 4 1 3 4 0 0.00104794 0 14 0 0 14 0 
2 7 1 3 7 3 0.0018339 0 28 0 0 28 1 
3 54 1 3 54 7.28892 0.0141472 9 42 0 0 51 3 
4 64 1 3 64 10.2889 0.0167671 14 56 0 0 70 6 
5 66 1 3 66 13.2889 0.0172911 15 70 0 0 85 10 
6 77 1 3 77 16.2889 0.0201729 20 84 0 0 104 15 
7 77 1 3 77 16.2889 0.0201729 20 98 0 0 118 21 
8 93 1 3 93 20.6207 0.0243647 32 112 0 0 144 28 
9 103 1 3 103 33.338 0.0269845 40 126 0 0 166 36 
10 112 1 3 112 51.7507 0.0293424 48 140 0 0 188 44 
11 134 1 3 134 42.7487 0.0351061 55 154 0 0 209 52 
12 140 1 3 140 51.2887 0.036678 56 168 0 0 224 61 
13 141 1 3 141 47.1582 0.03694 57 182 0 0 239 70 
14 141 1 3 141 47.1582 0.03694 64 196 0 0 260 79 
15 149 1 3 149 54.8782 0.0390359 72 210 0 0 282 88 
16 161 1 3 161 51.2538 0.0421797 82 224 0 0 306 98 
17 161 1 3 161 51.2538 0.0421797 83 238 0 0 321 108 
18 163 1 3 163 54.2538 0.0427037 84 257 0 0 341 118 
19 226 1 3 226 68.9498 0.0592088 99 276 0 1 376 128 
20 230 1 3 230 73.3415 0.0602567 103 295 0 3 401 138 
21 230 1 3 230 73.3415 0.0602567 111 314 0 4 429 148 
22 231 1 3 231 88.427 0.0605187 111 333 0 7 451 159 
23 253 1 3 253 72.888 0.0662824 124 352 0 12 488 170 
24 267 1 3 267 75.888 0.0699502 127 371 0 17 515 181 
25 270 1 3 270 100.681 0.0707362 127 390 0 21 538 192 
26 279 1 3 279 93.0421 0.0730941 129 409 0 26 564 203 
27 279 1 3 279 93.0421 0.0730941 129 428 0 31 588 214 
28 308 1 3 308 89.936 0.0806916 142 447 0 37 626 225 
29 308 1 3 308 89.936 0.0806916 146 466 0 46 658 236 
30 330 1 3 330 92.5375 0.0864553 153 485 0 54 692 248 
31 361 1 3 361 95.5497 0.0945769 164 504 0 66 734 260 
32 377 1 3 377 123.801 0.0987687 167 523 0 84 774 272 
33 381 1 3 381 127.816 0.0998166 168 542 0 109 819 284 
34 381 1 3 381 127.816 0.0998166 170 561 0 139 870 296 
35 381 1 3 381 127.816 0.0998166 179 580 0 167 926 308 
36 382 1 3 382 152.126 0.100079 181 599 0 193 973 320 
37 387 1 3 387 152.475 0.101389 189 618 0 229 1036 332 
38 389 1 3 389 157.055 0.101912 189 632 0 265 1086 344 
39 400 1 3 400 155.93 0.104794 191 646 0 300 1137 356 
40 410 1 3 410 167.588 0.107414 194 660 0 319 1173 369 
41 448 1 3 448 172.159 0.11737 203 674 0 358 1235 382 
42 449 1 3 449 181.635 0.117632 209 688 0 407 1304 395 
43 449 1 3 449 173.871 0.117632 212 702 0 451 1365 408 
44 449 1 3 449 173.871 0.117632 212 716 0 495 1423 421 
45 459 1 3 459 183.784 0.120252 214 730 0 549 1493 434 
46 463 1 3 463 196.991 0.121299 216 744 0 623 1583 447 
47 467 1 3 467 189.637 0.122347 217 758 0 688 1663 460 
48 480 1 3 480 151.207 0.125753 220 772 0 725 1717 473 
49 482 1 3 482 183.974 0.126277 235 786 0 779 1800 486 
50 482 1 3 482 183.974 0.126277 242 800 0 836 1878 499 
51 489 1 3 489 227.829 0.128111 253 814 0 911 1978 512 
52 489 1 3 489 227.755 0.128111 255 828 0 975 2058 525 
53 491 1 3 491 201.714 0.128635 266 842 0 1048 2156 538 
54 509 1 3 509 209.808 0.133351 271 856 0 1167 2294 552 
55 529 1 3 529 255.1 0.138591 278 870 0 1273 2421 566 
56 541 1 3 541 241.377 0.141734 281 884 0 1387 2552 580 
57 544 1 3 544 211.777 0.14252 282 898 0 1606 2786 594 
58 550 1 3 550 250.433 0.144092 283 912 0 1772 2967 608 
59 552 1 3 552 275.488 0.144616 288 926 0 1989 3203 622 
60 552 1 3 552 251.279 0.144616 290 940 0 2212 3442 636 
61 552 1 3 552 218.981 0.144616 290 954 0 2415 3659 650 
62 568 1 3 568 246.365 0.148808 304 968 0 2620 3892 664 
63 593 1 3 593 229.656 0.155358 311 982 0 2906 4199 678 
64 602 1 3 602 257.24 0.157715 316 996 0 3204 4516 692 
65 607 1 3 607 262.583 0.159025 318 1010 0 3629 4957 706 
66 607 1 3 607 254.549 0.159025 318 1024 0 4199 5541 720 
67 607 1 3 607 254.549 0.159025 319 1038 0 4481 5838 734 
68 634 1 3 634 263.011 0.166099 324 1052 0 5864 7240 748 
69 634 1 3 634 259.029 0.166099 330 1066 0 7296 8692 762 
70 646 1 3 646 276.722 0.169243 341 1088 0 10820 12249 776 
71 656 1 3 656 287.8 0.171863 350 1110 0 14145 15605 790 
72 657 1 3 657 280.6 0.172125 357 1132 0 16003 17492 804 
73 700 1 3 700 290.557 0.18339 371 1154 0 19455 20980 818 
74 700 1 3 700 245.989 0.18339 376 1176 0 21064 22616 833 
75 709 1 3 709 282 0.185748 386 1198 0 24415 25999 848 
76 709 1 3 709 282 0.185748 391 1220 0 27495 29106 863 
77 709 1 3 709 282 0.185748 394 1242 0 32576 34212 878 
78 710 1 3 710 284.179 0.18601 395 1264 0 36011 37670 893 
79 746 1 3 746 271.778 0.195441 412 1286 0 37638 39336 908 
80 746 1 3 746 271.778 0.195441 428 1308 0 40167 41903 923 
81 784 1 3 784 284.288 0.205397 439 1330 0 44046 45815 938 
82 787 1 3 787 283.139 0.206183 443 1352 0 48557 50352 953 
83 788 1 3 788 286.587 0.206445 443 1374 0 53887 55704 968 
84 788 1 3 788 286.587 0.206445 446 1396 0 60448 62290 983 
85 790 1 3 790 276.955 0.206969 447 1418 0 66682 68547 998 
86 791 1 3 791 298.997 0.207231 450 1440 0 73953 75843 1013 
87 791 1 3 791 287.423 0.207231 461 1462 0 82219 84142 1028 
88 794 1 3 794 285.679 0.208017 466 1484 0 92956 94906 1043 
89 797 1 3 797 285.883 0.208803 470 1506 0 112863 114839 1058 
90 797 1 3 797 285.883 0.208803 472 1528 0 128412 130412 1073 
91 797 1 3 797 279.22 0.208803 485 1550 0 142686 144721 1088 
92 842 1 3 842 297.672 0.220592 491 1572 0 168015 170078 1103 
93 922 1 3 922 304.694 0.241551 509 1594 0 205237 207340 1118 
94 922 1 3 922 304.694 0.241551 513 1616 0 239970 242099 1133 
95 931 1 3 931 312.749 0.243909 519 1638 0 324572 326729 1148 
96 949 1 3 949 298.039 0.248625 534 1660 0 536475 538669 1163 
97 949 1 3 949 298.039 0.248625 549 1682 0 1004940 1007171 1178 
