1 4 1 14 4 0 0.00104794 0 14 0 0 14 0 
2 7 1 14 7 3 0.0018339 0 28 0 0 28 1 
3 54 1 14 54 7.28892 0.0141472 9 42 0 0 51 3 
4 64 1 14 64 10.2889 0.0167671 14 56 0 0 70 6 
5 66 1 14 66 13.2889 0.0172911 15 70 0 0 85 10 
6 77 1 14 77 16.2889 0.0201729 20 84 0 0 104 15 
7 77 1 14 77 16.2889 0.0201729 20 98 0 0 118 21 
8 93 1 14 93 20.6207 0.0243647 32 112 0 0 144 28 
9 103 1 14 103 33.338 0.0269845 40 126 0 0 166 36 
10 112 1 14 112 39.338 0.0293424 48 140 0 0 188 44 
11 134 1 14 134 42.7487 0.0351061 55 154 0 0 209 52 
12 140 1 14 140 60.0994 0.036678 56 168 0 0 224 61 
13 141 1 14 141 65.635 0.03694 57 182 0 0 239 70 
14 141 1 14 141 65.635 0.03694 64 196 0 0 260 79 
15 149 1 14 149 67.5955 0.0390359 72 210 0 0 282 88 
16 161 1 14 161 57.4898 0.0421797 82 224 0 0 306 98 
17 161 1 14 161 57.4898 0.0421797 83 238 0 0 321 108 
18 163 1 14 163 60.4898 0.0427037 84 257 0 0 341 118 
19 226 1 14 226 72.6583 0.0592088 99 276 0 0 375 128 
20 230 1 14 230 70.8139 0.0602567 103 295 0 1 399 138 
21 230 1 14 230 70.8139 0.0602567 111 314 0 2 427 148 
22 231 1 14 231 76.7967 0.0605187 111 333 0 3 447 159 
23 253 1 14 253 90.6429 0.0662824 124 352 0 4 480 170 
24 267 1 14 267 93.6429 0.0699502 127 371 0 5 503 181 
25 270 1 14 270 90.0793 0.0707362 127 390 0 6 523 192 
26 279 1 14 279 93.0793 0.0730941 129 409 0 7 545 203 
27 279 1 14 279 93.0793 0.0730941 129 428 0 8 565 214 
28 308 1 14 308 129.423 0.0806916 142 447 0 11 600 225 
29 308 1 14 308 129.423 0.0806916 146 466 0 13 625 236 
30 330 1 14 330 103.153 0.0864553 153 485 0 15 653 248 
31 361 1 14 361 112.434 0.0945769 164 504 0 18 686 260 
32 377 1 14 377 133.974 0.0987687 167 523 0 23 713 272 
33 381 1 14 381 140.787 0.0998166 168 542 0 29 739 284 
34 381 1 14 381 140.787 0.0998166 170 561 0 35 766 296 
35 381 1 14 381 140.787 0.0998166 179 580 0 41 800 308 
36 382 1 14 382 168.772 0.100079 181 599 0 48 828 320 
37 387 1 14 387 147.228 0.101389 189 618 0 56 863 332 
38 389 1 14 389 189.716 0.101912 189 632 0 62 883 344 
39 400 1 14 400 212.219 0.104794 191 646 0 70 907 356 
40 410 1 14 410 207.39 0.107414 194 660 0 77 931 369 
41 448 1 14 448 210.39 0.11737 203 674 0 86 963 382 
42 449 1 14 449 213.39 0.117632 209 688 0 96 993 395 
43 449 1 14 449 213.39 0.117632 212 702 0 109 1023 408 
44 449 1 14 449 212.391 0.117632 212 716 0 118 1046 421 
45 459 1 14 459 260.742 0.120252 214 730 0 129 1073 434 
46 463 1 14 463 262.354 0.121299 216 744 0 140 1100 447 
47 467 1 14 467 225.102 0.122347 217 758 0 154 1129 460 
48 480 1 14 480 293.832 0.125753 220 772 0 182 1174 473 
49 482 1 14 482 251.947 0.126277 235 786 0 207 1228 486 
50 482 1 14 482 251.947 0.126277 242 800 0 229 1271 499 
51 489 1 14 489 281.964 0.128111 253 814 0 254 1321 512 
52 489 1 14 489 250.689 0.128111 255 828 0 305 1388 525 
53 491 1 14 491 290.601 0.128635 266 842 0 357 1465 538 
54 509 1 14 509 304.867 0.133351 271 856 0 376 1503 552 
55 529 1 14 529 312.627 0.138591 278 870 0 436 1584 566 
56 541 1 14 541 325.584 0.141734 281 884 0 515 1680 580 
57 544 1 14 544 323.827 0.14252 282 898 0 622 1802 594 
58 550 1 14 550 349.215 0.144092 283 912 0 723 1918 608 
59 552 1 14 552 359.305 0.144616 288 926 0 833 2047 622 
60 552 1 14 552 359.305 0.144616 290 940 0 943 2173 636 
61 552 1 14 552 358.603 0.144616 290 954 0 1055 2299 650 
62 568 1 14 568 341.494 0.148808 304 968 0 1190 2462 664 
63 593 1 14 593 392.201 0.155358 311 982 0 1335 2628 678 
64 602 1 14 602 389.936 0.157715 316 996 0 1525 2837 692 
65 607 1 14 607 300.021 0.159025 318 1010 0 1649 2977 706 
66 607 1 14 607 300.021 0.159025 318 1024 0 1764 3106 720 
67 607 1 14 607 300.021 0.159025 319 1038 0 1866 3223 734 
68 634 1 14 634 334.783 0.166099 324 1052 0 1967 3343 748 
69 634 1 14 634 334.783 0.166099 330 1066 0 2084 3480 762 
70 646 1 14 646 356.712 0.169243 341 1088 0 2207 3636 776 
71 656 1 14 656 334.686 0.171863 350 1110 0 2285 3745 790 
72 657 1 14 657 346.144 0.172125 357 1132 0 2447 3936 804 
73 700 1 14 700 423.14 0.18339 371 1154 0 2588 4113 818 
74 700 1 14 700 421.909 0.18339 376 1176 0 2724 4276 833 
75 709 1 14 709 417.206 0.185748 386 1198 0 2939 4523 848 
76 709 1 14 709 332.813 0.185748 391 1220 0 3090 4701 863 
77 709 1 14 709 332.813 0.185748 394 1242 0 3250 4886 878 
78 710 1 14 710 356.705 0.18601 395 1264 0 3478 5137 893 
79 746 1 14 746 400.903 0.195441 412 1286 0 3570 5268 908 
80 746 1 14 746 372.297 0.195441 428 1308 0 3765 5501 923 
81 784 1 14 784 394.388 0.205397 439 1330 0 3929 5698 938 
82 787 1 14 787 377.577 0.206183 443 1352 0 4038 5833 953 
83 788 1 14 788 412.167 0.206445 443 1374 0 4115 5932 968 
84 788 1 14 788 378.749 0.206445 446 1396 0 4216 6058 983 
85 790 1 14 790 368.13 0.206969 447 1418 0 4475 6340 998 
86 791 1 14 791 409.986 0.207231 450 1440 0 4722 6612 1013 
87 791 1 14 791 409.986 0.207231 461 1462 0 4815 6738 1028 
88 794 1 14 794 434.984 0.208017 466 1484 0 4850 6800 1043 
89 797 1 14 797 413.964 0.208803 470 1506 0 4888 6864 1058 
90 797 1 14 797 413.964 0.208803 472 1528 0 4926 6926 1073 
91 797 1 14 797 413.964 0.208803 485 1550 0 4954 6989 1088 
92 842 1 14 842 526.011 0.220592 491 1572 0 5068 7131 1103 
93 922 1 14 922 468.346 0.241551 509 1594 0 5113 7216 1118 
94 922 1 14 922 434.82 0.241551 513 1616 0 5156 7285 1133 
95 931 1 14 931 515.838 0.243909 519 1638 0 5403 7560 1148 
96 949 1 14 949 434.109 0.248625 534 1660 0 5486 7680 1163 
97 949 1 14 949 434.109 0.248625 549 1682 0 5537 7768 1178 
98 949 1 14 949 434.109 0.248625 560 1704 0 5674 7938 1193 
99 971 1 14 971 490.662 0.254388 565 1726 0 5923 8214 1208 
100 971 1 14 971 490.662 0.254388 565 1748 0 6498 8811 1224 
101 971 1 14 971 490.662 0.254388 574 1770 0 7183 9527 1240 
102 1070 1 14 1070 523.046 0.280325 599 1792 0 8155 10546 1256 
103 1128 1 14 1128 478.625 0.29552 611 1814 0 8422 10847 1272 
104 1151 1 14 1151 524.409 0.301546 617 1836 0 9019 11472 1288 
105 1151 1 14 1151 477.115 0.301546 628 1858 0 9241 11727 1304 
106 1151 1 14 1151 477.115 0.301546 628 1880 0 9489 11997 1320 
107 1151 1 14 1151 477.115 0.301546 637 1897 0 9768 12302 1336 
108 1151 1 14 1151 477.115 0.301546 639 1914 0 11106 13659 1352 
109 1155 1 14 1155 518.222 0.302594 640 1931 0 12076 14647 1368 
110 1159 1 14 1159 610.5 0.303642 641 1948 0 12328 14917 1384 
111 1232 1 14 1232 528.994 0.322767 663 1965 0 13315 15943 1400 
112 1232 1 14 1232 528.994 0.322767 663 1982 0 13663 16308 1416 
113 1242 1 14 1242 545.425 0.325386 665 1999 0 14239 16903 1432 
114 1251 1 14 1251 496.805 0.327744 668 2016 0 14924 17608 1448 
115 1254 1 14 1254 552.48 0.32853 689 2033 0 17468 20190 1464 
116 1255 1 14 1255 599.026 0.328792 690 2050 0 17966 20706 1480 
117 1265 1 14 1265 586.921 0.331412 696 2067 0 19353 22116 1496 
118 1272 1 14 1272 581.302 0.333246 699 2084 0 21288 24071 1512 
119 1278 1 14 1278 620.054 0.334818 703 2101 0 23636 26440 1528 
120 1296 1 14 1296 658.463 0.339534 709 2118 0 25442 28269 1544 
121 1296 1 14 1296 575.249 0.339534 715 2135 0 26225 29075 1560 
122 1300 1 14 1300 590.353 0.340582 724 2152 0 30883 33759 1576 
123 1305 1 14 1305 658.336 0.341892 726 2169 0 33592 36487 1592 
124 1306 1 14 1306 707.489 0.342154 729 2186 0 36091 39006 1608 
125 1307 1 14 1307 768.079 0.342416 756 2203 0 39086 42045 1624 
126 1307 1 14 1307 669.209 0.342416 759 2220 0 39806 42785 1640 
127 1307 1 14 1307 619.533 0.342416 761 2237 0 40917 43915 1656 
128 1322 1 14 1322 678.736 0.346345 764 2254 0 42793 45811 1672 
129 1322 1 14 1322 678.736 0.346345 777 2271 0 43723 46771 1688 
130 1333 1 14 1333 680.412 0.349227 788 2288 0 48828 51904 1704 
131 1335 1 14 1335 566.577 0.349751 798 2305 0 49452 52555 1720 
132 1342 1 14 1342 635.697 0.351585 802 2322 0 50111 53235 1736 
133 1350 1 14 1350 643.345 0.353681 806 2339 0 50695 53840 1752 
134 1352 1 14 1352 682.208 0.354205 810 2356 0 52109 55275 1768 
135 1352 1 14 1352 601.026 0.354205 810 2373 0 53155 56338 1785 
136 1362 1 14 1362 603.286 0.356825 812 2390 0 55346 58548 1802 
137 1377 1 14 1377 652.915 0.360755 815 2407 0 56317 59539 1819 
138 1384 1 14 1384 769.937 0.362588 825 2424 0 60874 64123 1836 
139 1385 1 14 1385 590.807 0.36285 833 2441 0 63801 67075 1853 
140 1385 1 14 1385 590.807 0.36285 834 2466 0 70037 73337 1870 
141 1386 1 14 1386 808.028 0.363112 839 2491 0 76506 79836 1887 
142 1386 1 14 1386 644.473 0.363112 842 2516 0 80182 83540 1904 
143 1386 1 14 1386 635.353 0.363112 842 2541 0 83706 87089 1921 
144 1416 1 14 1416 695.752 0.370972 852 2566 0 87108 90526 1938 
145 1416 1 14 1416 695.752 0.370972 852 2591 0 91216 94659 1955 
146 1496 1 14 1496 726.581 0.391931 876 2616 0 93332 96824 1972 
147 1529 1 14 1529 606.711 0.400576 907 2641 0 94671 98219 1989 
148 1546 1 14 1546 783.317 0.40503 911 2666 0 100742 104319 2006 
149 1556 1 14 1556 720.154 0.40765 917 2691 0 112782 116390 2023 
150 1563 1 14 1563 726.844 0.409484 923 2716 0 117286 120925 2040 
151 1566 1 14 1566 655.962 0.41027 927 2741 0 128002 131670 2057 
152 1567 1 14 1567 771.473 0.410532 932 2766 0 136262 139960 2074 
153 1567 1 14 1567 757.869 0.410532 934 2791 0 142840 146565 2091 
154 1567 1 14 1567 722.511 0.410532 966 2816 0 144841 148623 2108 
155 1567 1 14 1567 656.567 0.410532 967 2841 0 149088 152896 2125 
156 1574 1 14 1574 839.761 0.412366 973 2866 0 156025 159864 2142 
157 1585 1 14 1585 828.251 0.415248 979 2891 0 163233 167103 2159 
158 1589 1 14 1589 766.604 0.416296 981 2916 0 169420 173317 2176 
159 1590 1 14 1590 804.734 0.416558 992 2941 0 174123 178056 2193 
160 1591 1 14 1591 728.902 0.416819 993 2966 0 181382 185341 2210 
161 1595 1 14 1595 798.659 0.417867 997 2991 0 183767 187755 2227 
162 1596 1 14 1596 767.471 0.418129 997 3016 0 189343 193356 2244 
163 1599 1 14 1599 840.036 0.418915 998 3041 0 190642 194681 2261 
164 1599 1 14 1599 831.628 0.418915 998 3066 0 201067 205131 2278 
165 1620 1 14 1620 768.184 0.424417 1007 3091 0 206178 210276 2295 
166 1687 1 14 1687 785.402 0.44197 1023 3116 0 209699 213838 2312 
167 1687 1 14 1687 785.402 0.44197 1024 3141 0 219819 223984 2329 
168 1687 1 14 1687 772.619 0.44197 1025 3166 0 233713 237904 2346 
169 1687 1 14 1687 772.619 0.44197 1026 3191 0 242303 246520 2363 
170 1731 1 14 1731 787.203 0.453497 1040 3216 0 255608 259864 2380 
171 1768 1 14 1768 763.541 0.463191 1060 3241 0 260627 264928 2397 
172 1768 1 14 1768 763.541 0.463191 1074 3266 0 287599 291939 2414 
173 1768 1 14 1768 763.541 0.463191 1075 3291 0 301534 305900 2431 
174 1768 1 14 1768 763.541 0.463191 1075 3315 0 302645 307035 2448 
175 1770 1 14 1770 820.682 0.463715 1078 3339 0 331782 336199 2465 
176 1771 1 14 1771 813.777 0.463977 1082 3363 0 342231 346676 2482 
177 1774 1 14 1774 800.487 0.464763 1091 3387 0 346878 351356 2499 
178 1784 1 14 1784 688.916 0.467383 1106 3411 0 359831 364348 2516 
179 1788 1 14 1788 827.482 0.468431 1116 3435 0 379033 383584 2533 
180 1791 1 14 1791 839.773 0.469217 1121 3459 0 403713 408293 2550 
181 1808 1 14 1808 797.922 0.47367 1129 3483 0 422217 426829 2567 
182 1808 1 14 1808 735.08 0.47367 1133 3507 0 426718 431358 2584 
183 1814 1 14 1814 786.419 0.475242 1142 3531 0 432829 437502 2601 
184 1816 1 14 1816 743.035 0.475766 1145 3555 0 457720 462420 2619 
185 1823 1 14 1823 861.403 0.4776 1151 3579 0 461778 466508 2637 
186 1823 1 14 1823 834.9 0.4776 1160 3603 0 477477 482240 2655 
187 1823 1 14 1823 834.9 0.4776 1164 3627 0 493035 497826 2673 
188 1823 1 14 1823 834.9 0.4776 1167 3651 0 527040 531858 2691 
189 1823 1 14 1823 716.683 0.4776 1170 3675 0 555674 560519 2709 
190 1823 1 14 1823 716.683 0.4776 1177 3699 0 566657 571533 2727 
191 1823 1 14 1823 716.683 0.4776 1179 3723 0 585853 590755 2745 
192 1836 1 14 1836 801.422 0.481006 1211 3747 0 598612 603570 2763 
193 1836 1 14 1836 801.422 0.481006 1245 3771 0 604082 609098 2781 
194 1839 1 14 1839 795.691 0.481792 1257 3795 0 640690 645742 2799 
195 1839 1 14 1839 795.691 0.481792 1259 3819 0 645646 650724 2817 
196 1850 1 14 1850 760.053 0.484674 1268 3843 0 670081 675192 2835 
197 1850 1 14 1850 760.053 0.484674 1278 3867 0 677571 682716 2853 
198 1851 1 14 1851 906.251 0.484936 1287 3891 0 719222 724400 2871 
199 1851 1 14 1851 843.779 0.484936 1287 3915 0 739443 744645 2889 
200 1854 1 14 1854 864.832 0.485722 1290 3939 0 785718 790947 2907 
201 1855 1 14 1855 869.166 0.485984 1303 3963 0 820966 826232 2925 
202 1855 1 14 1855 869.166 0.485984 1307 3987 0 881818 887112 2943 
203 1855 1 14 1855 855.372 0.485984 1310 4011 0 942188 947509 2961 
204 1855 1 14 1855 855.372 0.485984 1310 4035 0 955370 960715 2979 
205 1855 1 14 1855 797.063 0.485984 1318 4059 0 978780 984157 2997 
206 1855 1 14 1855 797.063 0.485984 1330 4083 0 1019456 1024869 3015 
207 1855 1 14 1855 797.063 0.485984 1330 4107 0 1040561 1045998 3033 
208 1856 1 14 1856 885.315 0.486246 1339 4126 0 1152400 1157865 3051 
209 1856 1 14 1856 867.274 0.486246 1340 4145 0 1221512 1226997 3069 
210 1857 1 14 1857 862.187 0.486508 1344 4164 0 1276506 1282014 3087 
211 1857 1 14 1857 825.334 0.486508 1346 4183 0 1315146 1320675 3105 
212 1857 1 14 1857 824.707 0.486508 1358 4202 0 1325881 1331441 3123 
213 1867 1 14 1867 823.605 0.489128 1365 4221 0 1341361 1346947 3141 
214 1871 1 14 1871 815.873 0.490176 1369 4240 0 1411729 1417338 3159 
215 1902 1 14 1902 857.439 0.498297 1383 4259 0 1469805 1475447 3177 
216 1902 1 14 1902 857.439 0.498297 1397 4278 0 1515601 1521276 3195 
217 1948 1 14 1948 853.712 0.510348 1414 4297 0 1565494 1571205 3213 
218 1948 1 14 1948 853.712 0.510348 1428 4316 0 1603624 1609368 3231 
219 1950 1 14 1950 837.955 0.510872 1460 4335 0 1628805 1634600 3249 
220 1950 1 14 1950 837.955 0.510872 1468 4354 0 1656333 1662155 3267 
221 1950 1 14 1950 837.955 0.510872 1469 4373 0 1728149 1733991 3285 
222 1950 1 14 1950 837.955 0.510872 1469 4392 0 1788344 1794205 3303 
