1 4 0.02 19.6 4 0 0.00104794 0 14 0 0 14 0 
4 64 0.0776318 18.4474 51 3 0.0133613 14 56 0 0 70 6 
19 226 0.318767 13.6247 167 28.0519 0.0437516 99 276 0 1 376 128 
31 361 0.465425 10.6915 239 34.4803 0.0626146 164 504 0 3 671 260 
41 448 0.563213 8.73573 284 67.8259 0.074404 203 674 0 7 884 382 
47 467 0.613076 7.73848 312 99.4407 0.0817396 217 758 0 13 988 460 
51 489 0.643114 7.13773 326 75.5694 0.0854074 253 814 0 19 1086 512 
54 509 0.664101 6.71797 372 104.015 0.0974587 271 856 0 26 1153 552 
57 544 0.683855 6.3229 390 119.692 0.102174 282 898 0 38 1218 594 
61 552 0.708398 5.83204 403 140.56 0.10558 290 954 0 46 1290 650 
62 568 0.71423 5.7154 423 161.063 0.11082 304 968 0 54 1326 664 
63 593 0.719945 5.60109 463 154.744 0.121299 311 982 0 65 1358 678 
68 634 0.746853 5.06294 505 171.434 0.132303 324 1052 0 75 1451 748 
73 700 0.771175 4.5765 575 176.663 0.150642 371 1154 0 85 1610 818 
79 746 0.797297 4.05406 604 178.636 0.158239 412 1286 0 99 1797 908 
81 784 0.805324 3.89352 662 203.424 0.173435 439 1330 0 112 1881 938 
89 797 0.834377 3.31246 665 176.18 0.174221 470 1506 0 139 2115 1058 
90 797 0.837689 3.24621 674 175.764 0.176578 472 1528 0 175 2175 1073 
92 842 0.844117 3.11766 711 180.568 0.186272 491 1572 0 202 2265 1103 
93 922 0.847234 3.05531 788 188.056 0.206445 509 1594 0 255 2358 1118 
95 931 0.853284 2.93432 801 179.104 0.209851 519 1638 0 311 2468 1148 
96 949 0.856218 2.87563 828 200.217 0.216924 534 1660 0 650 2844 1163 
99 971 0.864674 2.70652 840 176.107 0.220068 565 1726 0 715 3006 1208 
100 971 0.86738 2.65239 844 185.242 0.221116 565 1748 0 842 3155 1224 
101 971 0.870033 2.59934 852 189.712 0.223212 574 1770 0 994 3338 1240 
102 1070 0.872632 2.54736 937 181.763 0.245481 599 1792 0 1234 3625 1256 
103 1128 0.87518 2.49641 1005 196.498 0.263296 611 1814 0 1428 3853 1272 
104 1151 0.877676 2.44648 1018 183.03 0.266702 617 1836 0 1864 4317 1288 
107 1151 0.88487 2.30261 1022 184.069 0.26775 637 1897 0 3506 6040 1336 
109 1155 0.889429 2.21143 1054 201.598 0.276133 640 1931 0 4812 7383 1368 
111 1232 0.893807 2.12385 1103 205.333 0.28897 663 1965 0 11033 13661 1400 
112 1232 0.895931 2.08138 1106 199.037 0.289756 663 1982 0 16154 18799 1416 
113 1242 0.898013 2.03975 1119 204.537 0.293162 665 1999 0 33698 36362 1432 
114 1251 0.900052 1.99895 1137 179.241 0.297878 668 2016 0 38552 41236 1448 
117 1265 0.90593 1.8814 1160 194.71 0.303904 696 2067 0 65583 68346 1496 
119 1278 0.909655 1.8069 1171 195.669 0.306785 703 2101 0 115655 118459 1528 
120 1296 0.911462 1.77076 1188 198.254 0.311239 709 2118 0 183876 186703 1544 
