1 4 1 13.86 4 0 0.00104794 0 14 0 0 14 0 
2 7 1 13.7214 7 3 0.0018339 0 28 0 0 28 1 
3 54 1 13.5842 54 7.28892 0.0141472 9 42 0 0 51 3 
4 64 1 13.4483 64 10.2889 0.0167671 14 56 0 0 70 6 
5 66 1 13.3139 66 13.2889 0.0172911 15 70 0 0 85 10 
6 77 1 13.1807 77 16.2889 0.0201729 20 84 0 0 104 15 
7 77 1 13.0489 77 16.2889 0.0201729 20 98 0 0 118 21 
8 93 1 12.9184 93 20.6207 0.0243647 32 112 0 0 144 28 
9 103 1 12.7892 103 33.338 0.0269845 40 126 0 0 166 36 
10 112 1 12.6613 112 39.338 0.0293424 48 140 0 0 188 44 
11 134 1 12.5347 134 42.7487 0.0351061 55 154 0 0 209 52 
12 140 1 12.4094 140 60.0994 0.036678 56 168 0 0 224 61 
13 141 1 12.2853 141 65.635 0.03694 57 182 0 0 239 70 
14 141 1 12.1624 141 65.635 0.03694 64 196 0 0 260 79 
15 149 1 12.0408 149 67.5955 0.0390359 72 210 0 0 282 88 
16 161 1 11.9204 161 57.4898 0.0421797 82 224 0 0 306 98 
17 161 1 11.8012 161 57.4898 0.0421797 83 238 0 0 321 108 
18 163 1 11.6832 163 60.4898 0.0427037 84 257 0 0 341 118 
19 226 1 11.5664 226 72.6583 0.0592088 99 276 0 0 375 128 
20 230 1 11.4507 230 70.8139 0.0602567 103 295 0 1 399 138 
21 230 1 11.3362 230 70.8139 0.0602567 111 314 0 2 427 148 
22 231 1 11.2228 231 76.7967 0.0605187 111 333 0 3 447 159 
23 253 1 11.1106 253 90.6429 0.0662824 124 352 0 4 480 170 
24 267 1 10.9995 267 93.6429 0.0699502 127 371 0 5 503 181 
25 270 1 10.8895 270 90.0793 0.0707362 127 390 0 6 523 192 
26 279 1 10.7806 279 93.0793 0.0730941 129 409 0 7 545 203 
27 279 1 10.6728 279 93.0793 0.0730941 129 428 0 8 565 214 
28 308 1 10.5661 308 129.423 0.0806916 142 447 0 10 599 225 
29 308 1 10.4604 308 129.423 0.0806916 146 466 0 12 624 236 
30 330 1 10.3558 330 103.153 0.0864553 153 485 0 15 653 248 
31 361 1 10.2522 361 112.434 0.0945769 164 504 0 18 686 260 
32 377 1 10.1497 377 133.974 0.0987687 167 523 0 22 712 272 
33 381 1 10.0482 381 140.787 0.0998166 168 542 0 28 738 284 
34 381 1 9.94774 381 140.787 0.0998166 170 561 0 34 765 296 
35 381 1 9.84827 381 140.787 0.0998166 179 580 0 40 799 308 
36 382 1 9.74978 382 168.772 0.100079 181 599 0 47 827 320 
37 387 1 9.65228 387 147.228 0.101389 189 618 0 55 862 332 
38 389 1 9.55576 389 189.716 0.101912 189 632 0 61 882 344 
39 400 1 9.4602 400 212.219 0.104794 191 646 0 68 905 356 
40 410 1 9.3656 410 207.39 0.107414 194 660 0 76 930 369 
41 448 1 9.27195 448 210.39 0.11737 203 674 0 84 961 382 
42 449 1 9.17923 449 213.39 0.117632 209 688 0 94 991 395 
43 449 1 9.08744 449 213.39 0.117632 212 702 0 107 1021 408 
44 449 1 8.99656 449 212.391 0.117632 212 716 0 117 1045 421 
45 459 1 8.9066 459 260.742 0.120252 214 730 0 127 1071 434 
46 463 1 8.81753 463 262.354 0.121299 216 744 0 138 1098 447 
47 467 1 8.72935 467 225.102 0.122347 217 758 0 151 1126 460 
48 480 1 8.64206 480 293.832 0.125753 220 772 0 178 1170 473 
49 482 1 8.55564 482 251.947 0.126277 235 786 0 204 1225 486 
50 482 1 8.47008 482 251.947 0.126277 242 800 0 226 1268 499 
51 489 1 8.38538 489 281.964 0.128111 253 814 0 251 1318 512 
52 489 1 8.30153 489 250.689 0.128111 255 828 0 302 1385 525 
53 491 1 8.21851 491 290.601 0.128635 266 842 0 353 1461 538 
54 509 1 8.13633 509 304.867 0.133351 271 856 0 372 1499 552 
55 529 1 8.05497 529 312.627 0.138591 278 870 0 431 1579 566 
56 541 1 7.97442 541 325.584 0.141734 281 884 0 510 1675 580 
57 544 1 7.89467 544 323.827 0.14252 282 898 0 616 1796 594 
58 550 1 7.81573 550 349.215 0.144092 283 912 0 715 1910 608 
59 552 1 7.73757 552 359.305 0.144616 288 926 0 825 2039 622 
60 552 1 7.66019 552 359.305 0.144616 290 940 0 934 2164 636 
61 552 1 7.58359 552 358.603 0.144616 290 954 0 1046 2290 650 
62 568 1 7.50775 568 341.494 0.148808 304 968 0 1181 2453 664 
63 593 1 7.43268 593 392.201 0.155358 311 982 0 1327 2620 678 
64 602 1 7.35835 602 389.936 0.157715 316 996 0 1540 2852 692 
65 607 1 7.28477 607 300.021 0.159025 318 1010 0 1665 2993 706 
66 607 1 7.21192 607 300.021 0.159025 318 1024 0 1779 3121 720 
67 607 1 7.1398 607 300.021 0.159025 319 1038 0 1881 3238 734 
68 634 1 7.0684 634 388.01 0.166099 324 1052 0 1997 3373 748 
69 634 1 6.99772 634 388.01 0.166099 330 1066 0 2108 3504 762 
70 646 1 6.92774 646 373.628 0.169243 341 1088 0 2178 3607 776 
71 656 1 6.85846 656 360.173 0.171863 350 1110 0 2254 3714 790 
72 657 1 6.78988 657 373.603 0.172125 357 1132 0 2328 3817 804 
73 700 1 6.72198 700 324.757 0.18339 371 1154 0 2476 4001 818 
74 700 1 6.65476 700 324.757 0.18339 376 1176 0 2664 4216 833 
75 709 1 6.58821 709 433.696 0.185748 386 1198 0 2799 4383 848 
76 709 1 6.52233 709 391.875 0.185748 391 1220 0 2926 4537 863 
77 709 1 6.45711 709 391.875 0.185748 394 1242 0 3107 4743 878 
78 710 1 6.39254 710 419.343 0.18601 395 1264 0 3277 4936 893 
79 746 1 6.32861 746 409.91 0.195441 412 1286 0 3402 5100 908 
80 746 1 6.26532 746 361.899 0.195441 428 1308 0 3538 5274 923 
81 784 1 6.20267 784 409.512 0.205397 439 1330 0 3690 5459 938 
82 787 1 6.14065 787 380.904 0.206183 443 1352 0 3927 5722 953 
83 788 1 6.07924 788 382.631 0.206445 443 1374 0 4205 6022 968 
84 788 1 6.01845 788 366.114 0.206445 446 1396 0 4397 6239 983 
85 790 1 5.95826 790 376.255 0.206969 447 1418 0 4579 6444 998 
86 791 1 5.89868 791 339.649 0.207231 450 1440 0 4680 6570 1013 
87 791 1 5.83969 791 330.735 0.207231 461 1462 0 5132 7055 1028 
88 794 1 5.7813 794 351.589 0.208017 466 1484 0 5710 7660 1043 
89 797 1 5.72348 797 356.645 0.208803 470 1506 0 6627 8603 1058 
90 797 1 5.66625 797 346.016 0.208803 472 1528 0 6817 8817 1073 
91 797 1 5.60958 797 319.773 0.208803 485 1550 0 7011 9046 1088 
92 842 1 5.55349 842 396.658 0.220592 491 1572 0 7381 9444 1103 
93 922 1 5.49795 922 437.149 0.241551 509 1594 0 8278 10381 1118 
94 922 1 5.44297 922 426.085 0.241551 513 1616 0 9233 11362 1133 
95 931 1 5.38855 931 360.29 0.243909 519 1638 0 9698 11855 1148 
96 949 1 5.33466 949 372.864 0.248625 534 1660 0 10403 12597 1163 
97 949 1 5.28131 949 372.864 0.248625 549 1682 0 15967 18198 1178 
98 949 1 5.2285 949 368.658 0.248625 560 1704 0 18714 20978 1193 
99 971 1 5.17621 971 409.611 0.254388 565 1726 0 22220 24511 1208 
100 971 1 5.12445 971 385.137 0.254388 565 1748 0 24508 26821 1224 
101 971 1 5.07321 971 385.137 0.254388 574 1770 0 25533 27877 1240 
102 1070 1 5.02248 1070 395.182 0.280325 599 1792 0 30005 32396 1256 
103 1128 1 4.97225 1128 396.191 0.29552 611 1814 0 33236 35661 1272 
104 1151 1 4.92253 1151 415.125 0.301546 617 1836 0 47724 50177 1288 
105 1151 1 4.8733 1151 413.976 0.301546 628 1858 0 61830 64316 1304 
106 1151 1 4.82457 1151 412.039 0.301546 628 1880 0 77912 80420 1320 
107 1151 1 4.77632 1151 407.285 0.301546 637 1897 0 95545 98079 1336 
108 1151 1 4.72856 1151 374.555 0.301546 639 1914 0 119764 122317 1352 
109 1155 1 4.68127 1155 391.882 0.302594 640 1931 0 134762 137333 1368 
110 1159 1 4.63446 1159 401.533 0.303642 641 1948 0 160876 163465 1384 
111 1232 1 4.58812 1232 392.509 0.322767 663 1965 0 194339 196967 1400 
112 1232 1 4.54224 1232 367.145 0.322767 663 1982 0 205305 207950 1416 
113 1242 1 4.49681 1242 386.963 0.325386 665 1999 0 322735 325399 1432 
114 1251 1 4.45185 1251 374.25 0.327744 668 2016 0 469998 472682 1448 
115 1254 1 4.40733 1254 379.257 0.32853 689 2033 0 541474 544196 1464 
116 1255 1 4.36325 1255 392.245 0.328792 690 2050 0 596264 599004 1480 
117 1265 1 4.31962 1265 386.421 0.331412 696 2067 0 1004114 1006877 1496 
118 1272 1 4.27643 1272 390.901 0.333246 699 2084 0 1290453 1293236 1512 
119 1278 1 4.23366 1278 398.725 0.334818 703 2101 0 1722498 1725302 1528 
