1 4 1 10.89 4 0 0.00104794 0 14 0 0 14 0 
2 7 1 10.7811 7 3 0.0018339 0 28 0 0 28 1 
3 54 1 10.6733 54 7.28892 0.0141472 9 42 0 0 51 3 
4 64 1 10.5666 64 10.2889 0.0167671 14 56 0 0 70 6 
5 66 1 10.4609 66 13.2889 0.0172911 15 70 0 0 85 10 
6 77 1 10.3563 77 16.2889 0.0201729 20 84 0 0 104 15 
7 77 1 10.2527 77 16.2889 0.0201729 20 98 0 0 118 21 
8 93 1 10.1502 93 20.6207 0.0243647 32 112 0 0 144 28 
9 103 1 10.0487 103 33.338 0.0269845 40 126 0 0 166 36 
10 112 1 9.9482 112 39.338 0.0293424 48 140 0 0 188 44 
11 134 1 9.84872 134 42.7487 0.0351061 55 154 0 0 209 52 
12 140 1 9.75024 140 60.0994 0.036678 56 168 0 0 224 61 
13 141 1 9.65273 141 65.635 0.03694 57 182 0 0 239 70 
14 141 1 9.55621 141 65.635 0.03694 64 196 0 0 260 79 
15 149 1 9.46064 149 67.5955 0.0390359 72 210 0 0 282 88 
16 161 1 9.36604 161 57.4898 0.0421797 82 224 0 0 306 98 
17 161 1 9.27238 161 57.4898 0.0421797 83 238 0 0 321 108 
18 163 1 9.17965 163 60.4898 0.0427037 84 257 0 1 342 118 
19 226 1 9.08786 226 72.6583 0.0592088 99 276 0 4 379 128 
20 230 1 8.99698 230 70.8139 0.0602567 103 295 0 8 406 138 
21 230 1 8.90701 230 70.8139 0.0602567 111 314 0 12 437 148 
22 231 1 8.81794 231 76.7967 0.0605187 111 333 0 16 460 159 
23 253 1 8.72976 253 90.6429 0.0662824 124 352 0 21 497 170 
24 267 1 8.64246 267 93.6429 0.0699502 127 371 0 27 525 181 
25 270 1 8.55604 270 90.0793 0.0707362 127 390 0 33 550 192 
26 279 1 8.47048 279 93.0793 0.0730941 129 409 0 39 577 203 
27 279 1 8.38577 279 93.0793 0.0730941 129 428 0 46 603 214 
28 308 1 8.30191 308 129.423 0.0806916 142 447 0 56 645 225 
29 308 1 8.21889 308 129.423 0.0806916 146 466 0 66 678 236 
30 330 1 8.13671 330 103.153 0.0864553 153 485 0 76 714 248 
31 361 1 8.05534 361 112.434 0.0945769 164 504 0 83 751 260 
32 377 1 7.97478 377 133.974 0.0987687 167 523 0 88 778 272 
33 381 1 7.89504 381 140.787 0.0998166 168 542 0 96 806 284 
34 381 1 7.81609 381 140.787 0.0998166 170 561 0 103 834 296 
35 381 1 7.73793 381 140.787 0.0998166 179 580 0 110 869 308 
36 382 1 7.66055 382 168.772 0.100079 181 599 0 117 897 320 
37 387 1 7.58394 387 147.228 0.101389 189 618 0 125 932 332 
38 389 1 7.5081 389 189.716 0.101912 189 632 0 131 952 344 
39 400 1 7.43302 400 212.219 0.104794 191 646 0 138 975 356 
40 410 1 7.35869 410 207.39 0.107414 194 660 0 146 1000 369 
41 448 1 7.2851 448 210.39 0.11737 203 674 0 155 1032 382 
42 449 1 7.21225 449 213.39 0.117632 209 688 0 165 1062 395 
43 449 1 7.14013 449 213.39 0.117632 212 702 0 178 1092 408 
44 449 1 7.06873 449 212.391 0.117632 212 716 0 188 1116 421 
45 459 1 6.99804 459 260.742 0.120252 214 730 0 198 1142 434 
46 463 1 6.92806 463 262.354 0.121299 216 744 0 208 1168 447 
47 467 1 6.85878 467 225.102 0.122347 217 758 0 221 1196 460 
48 480 1 6.79019 480 293.832 0.125753 220 772 0 249 1241 473 
49 482 1 6.72229 482 251.947 0.126277 235 786 0 273 1294 486 
50 482 1 6.65507 482 251.947 0.126277 242 800 0 295 1337 499 
51 489 1 6.58852 489 281.964 0.128111 253 814 0 319 1386 512 
52 489 1 6.52263 489 250.689 0.128111 255 828 0 370 1453 525 
53 491 1 6.45741 491 290.601 0.128635 266 842 0 421 1529 538 
54 509 1 6.39283 509 305.035 0.133351 271 856 0 441 1568 552 
55 529 1 6.3289 529 311.445 0.138591 278 870 0 499 1647 566 
56 541 1 6.26561 541 311.08 0.141734 281 884 0 564 1729 580 
57 544 1 6.20296 544 362.431 0.14252 282 898 0 668 1848 594 
58 550 1 6.14093 550 353.581 0.144092 283 912 0 771 1966 608 
59 552 1 6.07952 552 348.875 0.144616 288 926 0 885 2099 622 
60 552 1 6.01872 552 326.729 0.144616 290 940 0 1019 2249 636 
61 552 1 5.95854 552 326.729 0.144616 290 954 0 1134 2378 650 
62 568 1 5.89895 568 362.101 0.148808 304 968 0 1262 2534 664 
63 593 1 5.83996 593 390.703 0.155358 311 982 0 1426 2719 678 
64 602 1 5.78156 602 409.076 0.157715 316 996 0 1617 2929 692 
65 607 1 5.72375 607 301.05 0.159025 318 1010 0 1741 3069 706 
66 607 1 5.66651 607 296.447 0.159025 318 1024 0 1866 3208 720 
67 607 1 5.60984 607 296.447 0.159025 319 1038 0 1987 3344 734 
68 634 1 5.55374 634 367.113 0.166099 324 1052 0 2075 3451 748 
69 634 1 5.49821 634 288.7 0.166099 330 1066 0 2133 3529 762 
70 646 1 5.44323 646 326.139 0.169243 341 1088 0 2207 3636 776 
71 656 1 5.38879 656 331.104 0.171863 350 1110 0 2344 3804 790 
72 657 1 5.33491 657 341.14 0.172125 357 1132 0 2436 3925 804 
73 700 1 5.28156 700 373.806 0.18339 371 1154 0 2686 4211 818 
74 700 1 5.22874 700 349.083 0.18339 376 1176 0 2893 4445 833 
75 709 1 5.17645 709 308.863 0.185748 386 1198 0 3148 4732 848 
76 709 1 5.12469 709 308.863 0.185748 391 1220 0 3337 4948 863 
77 709 1 5.07344 709 308.863 0.185748 394 1242 0 3654 5290 878 
78 710 1 5.02271 710 336.26 0.18601 395 1264 0 3890 5549 893 
79 746 1 4.97248 746 367.062 0.195441 412 1286 0 4188 5886 908 
80 746 1 4.92276 746 333.948 0.195441 428 1308 0 4701 6437 923 
81 784 1 4.87353 784 342.565 0.205397 439 1330 0 4918 6687 938 
82 787 1 4.82479 787 339.841 0.206183 443 1352 0 5342 7137 953 
83 788 1 4.77654 788 322.197 0.206445 443 1374 0 5480 7297 968 
84 788 1 4.72878 788 316.622 0.206445 446 1396 0 5637 7479 983 
85 790 1 4.68149 790 304.065 0.206969 447 1418 0 6430 8295 998 
86 791 1 4.63468 791 330.324 0.207231 450 1440 0 8376 10266 1013 
87 791 1 4.58833 791 329.372 0.207231 461 1462 0 11204 13127 1028 
88 794 1 4.54245 794 311.371 0.208017 466 1484 0 13650 15600 1043 
89 797 1 4.49702 797 346.42 0.208803 470 1506 0 19021 20997 1058 
90 797 1 4.45205 797 346.42 0.208803 472 1528 0 20451 22451 1073 
91 797 1 4.40753 797 346.42 0.208803 485 1550 0 26407 28442 1088 
92 842 1 4.36346 842 348.542 0.220592 491 1572 0 30406 32469 1103 
93 922 1 4.31982 922 347.754 0.241551 509 1594 0 41463 43566 1118 
94 922 1 4.27662 922 347.754 0.241551 513 1616 0 47017 49146 1133 
95 931 1 4.23386 931 347.892 0.243909 519 1638 0 56418 58575 1148 
96 949 1 4.19152 949 345.587 0.248625 534 1660 0 84091 86285 1163 
97 949 1 4.1496 949 345.587 0.248625 549 1682 0 103149 105380 1178 
98 949 1 4.10811 949 345.587 0.248625 560 1704 0 119937 122201 1193 
99 971 1 4.06703 971 337.565 0.254388 565 1726 0 130955 133246 1208 
100 971 1 4.02636 971 337.565 0.254388 565 1748 0 155829 158142 1224 
101 971 1 3.98609 971 327.289 0.254388 574 1770 0 164886 167230 1240 
102 1070 1 3.94623 1070 328.348 0.280325 599 1792 0 196459 198850 1256 
103 1128 1 3.90677 1128 324.155 0.29552 611 1814 0 223149 225574 1272 
104 1151 1 3.8677 1151 356.216 0.301546 617 1836 0 310169 312622 1288 
105 1151 1 3.82902 1151 353.689 0.301546 628 1858 0 468155 470641 1304 
106 1151 1 3.79073 1151 353.689 0.301546 628 1880 0 538087 540595 1320 
107 1151 1 3.75283 1151 349.672 0.301546 637 1897 0 690863 693397 1336 
108 1151 1 3.7153 1151 344.589 0.301546 639 1914 0 851466 854019 1352 
109 1155 1 3.67815 1155 324.63 0.302594 640 1931 0 1060544 1063115 1368 
110 1159 1 3.64136 1159 336.461 0.303642 641 1948 0 1442260 1444849 1384 
