1 4 1 11 4 0 0.00104794 0 14 0 0 14 0 
2 7 1 11 7 3 0.0018339 0 28 0 0 28 1 
3 54 1 11 54 7.28892 0.0141472 9 42 0 0 51 3 
4 64 1 11 64 10.2889 0.0167671 14 56 0 0 70 6 
5 66 1 11 66 13.2889 0.0172911 15 70 0 0 85 10 
6 77 1 11 77 16.2889 0.0201729 20 84 0 0 104 15 
7 77 1 11 77 16.2889 0.0201729 20 98 0 0 118 21 
8 93 1 11 93 20.6207 0.0243647 32 112 0 0 144 28 
9 103 1 11 103 33.338 0.0269845 40 126 0 0 166 36 
10 112 1 11 112 39.338 0.0293424 48 140 0 0 188 44 
11 134 1 11 134 42.7487 0.0351061 55 154 0 0 209 52 
12 140 1 11 140 60.0994 0.036678 56 168 0 0 224 61 
13 141 1 11 141 65.635 0.03694 57 182 0 0 239 70 
14 141 1 11 141 65.635 0.03694 64 196 0 0 260 79 
15 149 1 11 149 67.5955 0.0390359 72 210 0 0 282 88 
16 161 1 11 161 57.4898 0.0421797 82 224 0 0 306 98 
17 161 1 11 161 57.4898 0.0421797 83 238 0 0 321 108 
18 163 1 11 163 60.4898 0.0427037 84 257 0 0 341 118 
19 226 1 11 226 72.6583 0.0592088 99 276 0 0 375 128 
20 230 1 11 230 70.8139 0.0602567 103 295 0 1 399 138 
21 230 1 11 230 70.8139 0.0602567 111 314 0 2 427 148 
22 231 1 11 231 76.7967 0.0605187 111 333 0 3 447 159 
23 253 1 11 253 90.6429 0.0662824 124 352 0 4 480 170 
24 267 1 11 267 93.6429 0.0699502 127 371 0 5 503 181 
25 270 1 11 270 90.0793 0.0707362 127 390 0 6 523 192 
26 279 1 11 279 93.0793 0.0730941 129 409 0 8 546 203 
27 279 1 11 279 93.0793 0.0730941 129 428 0 9 566 214 
28 308 1 11 308 129.423 0.0806916 142 447 0 11 600 225 
29 308 1 11 308 129.423 0.0806916 146 466 0 13 625 236 
30 330 1 11 330 103.153 0.0864553 153 485 0 15 653 248 
31 361 1 11 361 112.434 0.0945769 164 504 0 18 686 260 
32 377 1 11 377 133.974 0.0987687 167 523 0 22 712 272 
33 381 1 11 381 140.787 0.0998166 168 542 0 28 738 284 
34 381 1 11 381 140.787 0.0998166 170 561 0 34 765 296 
35 381 1 11 381 140.787 0.0998166 179 580 0 40 799 308 
36 382 1 11 382 168.772 0.100079 181 599 0 47 827 320 
37 387 1 11 387 147.228 0.101389 189 618 0 55 862 332 
38 389 1 11 389 189.716 0.101912 189 632 0 62 883 344 
39 400 1 11 400 212.219 0.104794 191 646 0 69 906 356 
40 410 1 11 410 207.39 0.107414 194 660 0 77 931 369 
41 448 1 11 448 210.39 0.11737 203 674 0 85 962 382 
42 449 1 11 449 213.39 0.117632 209 688 0 95 992 395 
43 449 1 11 449 213.39 0.117632 212 702 0 108 1022 408 
44 449 1 11 449 212.391 0.117632 212 716 0 118 1046 421 
45 459 1 11 459 260.742 0.120252 214 730 0 128 1072 434 
46 463 1 11 463 262.354 0.121299 216 744 0 139 1099 447 
47 467 1 11 467 225.102 0.122347 217 758 0 152 1127 460 
48 480 1 11 480 293.832 0.125753 220 772 0 180 1172 473 
49 482 1 11 482 251.947 0.126277 235 786 0 205 1226 486 
50 482 1 11 482 251.947 0.126277 242 800 0 227 1269 499 
51 489 1 11 489 281.964 0.128111 253 814 0 252 1319 512 
52 489 1 11 489 250.689 0.128111 255 828 0 303 1386 525 
53 491 1 11 491 290.601 0.128635 266 842 0 355 1463 538 
54 509 1 11 509 304.867 0.133351 271 856 0 374 1501 552 
55 529 1 11 529 312.627 0.138591 278 870 0 434 1582 566 
56 541 1 11 541 325.584 0.141734 281 884 0 513 1678 580 
57 544 1 11 544 323.827 0.14252 282 898 0 621 1801 594 
58 550 1 11 550 349.215 0.144092 283 912 0 720 1915 608 
59 552 1 11 552 359.305 0.144616 288 926 0 831 2045 622 
60 552 1 11 552 359.305 0.144616 290 940 0 941 2171 636 
61 552 1 11 552 358.603 0.144616 290 954 0 1054 2298 650 
62 568 1 11 568 341.494 0.148808 304 968 0 1189 2461 664 
63 593 1 11 593 392.201 0.155358 311 982 0 1336 2629 678 
64 602 1 11 602 389.936 0.157715 316 996 0 1527 2839 692 
65 607 1 11 607 300.021 0.159025 318 1010 0 1650 2978 706 
66 607 1 11 607 300.021 0.159025 318 1024 0 1764 3106 720 
67 607 1 11 607 300.021 0.159025 319 1038 0 1866 3223 734 
68 634 1 11 634 334.783 0.166099 324 1052 0 1966 3342 748 
69 634 1 11 634 334.783 0.166099 330 1066 0 2083 3479 762 
70 646 1 11 646 356.712 0.169243 341 1088 0 2206 3635 776 
71 656 1 11 656 334.686 0.171863 350 1110 0 2284 3744 790 
72 657 1 11 657 346.144 0.172125 357 1132 0 2446 3935 804 
73 700 1 11 700 423.14 0.18339 371 1154 0 2586 4111 818 
74 700 1 11 700 421.909 0.18339 376 1176 0 2721 4273 833 
75 709 1 11 709 417.206 0.185748 386 1198 0 2932 4516 848 
76 709 1 11 709 332.813 0.185748 391 1220 0 3082 4693 863 
77 709 1 11 709 332.813 0.185748 394 1242 0 3242 4878 878 
78 710 1 11 710 356.705 0.18601 395 1264 0 3470 5129 893 
79 746 1 11 746 400.903 0.195441 412 1286 0 3561 5259 908 
80 746 1 11 746 372.297 0.195441 428 1308 0 3753 5489 923 
81 784 1 11 784 394.388 0.205397 439 1330 0 3917 5686 938 
82 787 1 11 787 377.577 0.206183 443 1352 0 4025 5820 953 
83 788 1 11 788 412.167 0.206445 443 1374 0 4102 5919 968 
84 788 1 11 788 378.749 0.206445 446 1396 0 4204 6046 983 
85 790 1 11 790 368.13 0.206969 447 1418 0 4465 6330 998 
86 791 1 11 791 409.986 0.207231 450 1440 0 4710 6600 1013 
87 791 1 11 791 409.986 0.207231 461 1462 0 4803 6726 1028 
88 794 1 11 794 434.984 0.208017 466 1484 0 4838 6788 1043 
89 797 1 11 797 413.964 0.208803 470 1506 0 4876 6852 1058 
90 797 1 11 797 413.964 0.208803 472 1528 0 4914 6914 1073 
91 797 1 11 797 413.964 0.208803 485 1550 0 4954 6989 1088 
92 842 1 11 842 526.011 0.220592 491 1572 0 5113 7176 1103 
93 922 1 11 922 468.346 0.241551 509 1594 0 5159 7262 1118 
94 922 1 11 922 434.82 0.241551 513 1616 0 5202 7331 1133 
95 931 1 11 931 515.838 0.243909 519 1638 0 5449 7606 1148 
96 949 1 11 949 434.109 0.248625 534 1660 0 5532 7726 1163 
97 949 1 11 949 434.109 0.248625 549 1682 0 5583 7814 1178 
98 949 1 11 949 434.109 0.248625 560 1704 0 5719 7983 1193 
99 971 1 11 971 490.662 0.254388 565 1726 0 5966 8257 1208 
100 971 1 11 971 490.662 0.254388 565 1748 0 6603 8916 1224 
101 971 1 11 971 490.662 0.254388 574 1770 0 7278 9622 1240 
102 1070 1 11 1070 523.046 0.280325 599 1792 0 8255 10646 1256 
103 1128 1 11 1128 478.625 0.29552 611 1814 0 8522 10947 1272 
104 1151 1 11 1151 524.409 0.301546 617 1836 0 9111 11564 1288 
105 1151 1 11 1151 477.115 0.301546 628 1858 0 9334 11820 1304 
106 1151 1 11 1151 477.115 0.301546 628 1880 0 9582 12090 1320 
107 1151 1 11 1151 477.115 0.301546 637 1897 0 9856 12390 1336 
108 1151 1 11 1151 477.115 0.301546 639 1914 0 11199 13752 1352 
109 1155 1 11 1155 518.222 0.302594 640 1931 0 12191 14762 1368 
110 1159 1 11 1159 580.336 0.303642 641 1948 0 12463 15052 1384 
111 1232 1 11 1232 550.478 0.322767 663 1965 0 13785 16413 1400 
112 1232 1 11 1232 504.875 0.322767 663 1982 0 14067 16712 1416 
113 1242 1 11 1242 573.223 0.325386 665 1999 0 15000 17664 1432 
114 1251 1 11 1251 553.216 0.327744 668 2016 0 15558 18242 1448 
115 1254 1 11 1254 629.536 0.32853 689 2033 0 16583 19305 1464 
116 1255 1 11 1255 652.413 0.328792 690 2050 0 17081 19821 1480 
117 1265 1 11 1265 589.534 0.331412 696 2067 0 17866 20629 1496 
118 1272 1 11 1272 544.899 0.333246 699 2084 0 19486 22269 1512 
119 1278 1 11 1278 629.279 0.334818 703 2101 0 20289 23093 1528 
120 1296 1 11 1296 634.215 0.339534 709 2118 0 24181 27008 1544 
121 1296 1 11 1296 580.278 0.339534 715 2135 0 24845 27695 1560 
122 1300 1 11 1300 563.002 0.340582 724 2152 0 25838 28714 1576 
123 1305 1 11 1305 576.551 0.341892 726 2169 0 26550 29445 1592 
124 1306 1 11 1306 713.197 0.342154 729 2186 0 28760 31675 1608 
125 1307 1 11 1307 712.227 0.342416 756 2203 0 30676 33635 1624 
126 1307 1 11 1307 668.342 0.342416 759 2220 0 32005 34984 1640 
127 1307 1 11 1307 665.286 0.342416 761 2237 0 33898 36896 1656 
128 1322 1 11 1322 624.197 0.346345 764 2254 0 35166 38184 1672 
129 1322 1 11 1322 624.197 0.346345 777 2271 0 36070 39118 1688 
130 1333 1 11 1333 683.9 0.349227 788 2288 0 40245 43321 1704 
131 1335 1 11 1335 585.812 0.349751 798 2305 0 40725 43828 1720 
132 1342 1 11 1342 594.794 0.351585 802 2322 0 41188 44312 1736 
133 1350 1 11 1350 593.226 0.353681 806 2339 0 42333 45478 1752 
134 1352 1 11 1352 644.868 0.354205 810 2356 0 43700 46866 1768 
135 1352 1 11 1352 644.868 0.354205 810 2373 0 46961 50144 1785 
136 1362 1 11 1362 613.989 0.356825 812 2390 0 48002 51204 1802 
137 1377 1 11 1377 671.847 0.360755 815 2407 0 49012 52234 1819 
138 1384 1 11 1384 725.304 0.362588 825 2424 0 59074 62323 1836 
139 1385 1 11 1385 735.629 0.36285 833 2441 0 61510 64784 1853 
140 1385 1 11 1385 735.629 0.36285 834 2466 0 68106 71406 1870 
141 1386 1 11 1386 731.268 0.363112 839 2491 0 76908 80238 1887 
142 1386 1 11 1386 680.291 0.363112 842 2516 0 86036 89394 1904 
143 1386 1 11 1386 680.291 0.363112 842 2541 0 89793 93176 1921 
144 1416 1 11 1416 705.28 0.370972 852 2566 0 93186 96604 1938 
145 1416 1 11 1416 705.28 0.370972 852 2591 0 94362 97805 1955 
146 1496 1 11 1496 686.322 0.391931 876 2616 0 99286 102778 1972 
147 1529 1 11 1529 684.371 0.400576 907 2641 0 103613 107161 1989 
148 1546 1 11 1546 690.543 0.40503 911 2666 0 108355 111932 2006 
149 1556 1 11 1556 705.789 0.40765 917 2691 0 114879 118487 2023 
150 1563 1 11 1563 658.126 0.409484 923 2716 0 119463 123102 2040 
151 1566 1 11 1566 669.349 0.41027 927 2741 0 123533 127201 2057 
152 1567 1 11 1567 683.457 0.410532 932 2766 0 125193 128891 2074 
153 1567 1 11 1567 672.05 0.410532 934 2791 0 126468 130193 2091 
154 1567 1 11 1567 672.05 0.410532 966 2816 0 133157 136939 2108 
155 1567 1 11 1567 672.05 0.410532 967 2841 0 136569 140377 2125 
156 1574 1 11 1574 702.717 0.412366 973 2866 0 140262 144101 2142 
157 1585 1 11 1585 703.3 0.415248 979 2891 0 147536 151406 2159 
158 1589 1 11 1589 670.765 0.416296 981 2916 0 156719 160616 2176 
159 1590 1 11 1590 715.897 0.416558 992 2941 0 174753 178686 2193 
160 1591 1 11 1591 733.52 0.416819 993 2966 0 180570 184529 2210 
161 1595 1 11 1595 695.671 0.417867 997 2991 0 185397 189385 2227 
162 1596 1 11 1596 728.857 0.418129 997 3016 0 193324 197337 2244 
163 1599 1 11 1599 745.288 0.418915 998 3041 0 209962 214001 2261 
164 1599 1 11 1599 712.38 0.418915 998 3066 0 214544 218608 2278 
165 1620 1 11 1620 738.6 0.424417 1007 3091 0 220283 224381 2295 
166 1687 1 11 1687 703.097 0.44197 1023 3116 0 228938 233077 2312 
167 1687 1 11 1687 703.097 0.44197 1024 3141 0 237893 242058 2329 
168 1687 1 11 1687 703.097 0.44197 1025 3166 0 249303 253494 2346 
169 1687 1 11 1687 703.018 0.44197 1026 3191 0 252021 256238 2363 
170 1731 1 11 1731 726.78 0.453497 1040 3216 0 270909 275165 2380 
171 1768 1 11 1768 748.887 0.463191 1060 3241 0 278611 282912 2397 
172 1768 1 11 1768 698.782 0.463191 1074 3266 0 292207 296547 2414 
173 1768 1 11 1768 698.782 0.463191 1075 3291 0 313887 318253 2431 
174 1768 1 11 1768 698.782 0.463191 1075 3315 0 336484 340874 2448 
175 1770 1 11 1770 707.099 0.463715 1078 3339 0 343658 348075 2465 
176 1771 1 11 1771 738.54 0.463977 1082 3363 0 354096 358541 2482 
177 1774 1 11 1774 707.866 0.464763 1091 3387 0 389411 393889 2499 
178 1784 1 11 1784 718.33 0.467383 1106 3411 0 397527 402044 2516 
179 1788 1 11 1788 724.455 0.468431 1116 3435 0 423816 428367 2533 
180 1791 1 11 1791 725.878 0.469217 1121 3459 0 469432 474012 2550 
181 1808 1 11 1808 721.078 0.47367 1129 3483 0 504559 509171 2567 
182 1808 1 11 1808 721.078 0.47367 1133 3507 0 524395 529035 2584 
183 1814 1 11 1814 735.592 0.475242 1142 3531 0 538132 542805 2601 
184 1816 1 11 1816 704.753 0.475766 1145 3555 0 542971 547671 2619 
185 1823 1 11 1823 705.592 0.4776 1151 3579 0 548327 553057 2637 
186 1823 1 11 1823 705.592 0.4776 1160 3603 0 568202 572965 2655 
187 1823 1 11 1823 705.592 0.4776 1164 3627 0 590084 594875 2673 
188 1823 1 11 1823 705.592 0.4776 1167 3651 0 618460 623278 2691 
189 1823 1 11 1823 705.592 0.4776 1170 3675 0 633843 638688 2709 
190 1823 1 11 1823 705.592 0.4776 1177 3699 0 708017 712893 2727 
191 1823 1 11 1823 705.592 0.4776 1179 3723 0 744916 749818 2745 
192 1836 1 11 1836 741.182 0.481006 1211 3747 0 790816 795774 2763 
193 1836 1 11 1836 735.352 0.481006 1245 3771 0 817883 822899 2781 
194 1839 1 11 1839 743.884 0.481792 1257 3795 0 872878 877930 2799 
195 1839 1 11 1839 728.11 0.481792 1259 3819 0 932784 937862 2817 
196 1850 1 11 1850 704.773 0.484674 1268 3843 0 969442 974553 2835 
197 1850 1 11 1850 704.773 0.484674 1278 3867 0 1158557 1163702 2853 
198 1851 1 11 1851 753.021 0.484936 1287 3891 0 1436509 1441687 2871 
199 1851 1 11 1851 706.209 0.484936 1287 3915 0 1525176 1530378 2889 
200 1854 1 11 1854 748.461 0.485722 1290 3939 0 1620282 1625511 2907 
201 1855 1 11 1855 720.247 0.485984 1303 3963 0 1639177 1644443 2925 
202 1855 1 11 1855 720.247 0.485984 1307 3987 0 1782259 1787553 2943 
