1 4 0.01 19.8 4 0 0.00104794 0 14 0 0 14 0 
6 77 0.0585198 18.8296 61 8.53038 0.0159811 20 84 0 0 104 15 
26 279 0.229957 15.4009 168 31.58 0.0440136 129 409 0 2 540 203 
46 463 0.370176 12.5965 229 36.5838 0.0599948 216 744 0 8 968 447 
56 541 0.430399 11.392 268 68.7107 0.0702122 281 884 0 15 1180 580 
63 593 0.469094 10.6181 326 123.44 0.0854074 311 982 0 24 1317 678 
70 646 0.505161 9.89677 383 133.701 0.100341 341 1088 0 35 1464 776 
78 710 0.54339 9.13219 451 138.776 0.118156 395 1264 0 46 1705 893 
85 790 0.57441 8.5118 543 173.307 0.142258 447 1418 0 57 1922 998 
93 922 0.607289 7.85422 602 145.319 0.157715 509 1594 0 72 2175 1118 
99 971 0.63027 7.39459 691 184.465 0.181032 565 1726 0 88 2379 1208 
103 1128 0.644839 7.10322 785 152.706 0.205659 611 1814 0 107 2532 1272 
111 1232 0.672277 6.55445 914 203.546 0.239455 663 1965 0 128 2756 1400 
122 1300 0.706577 5.86845 960 197.93 0.251506 724 2152 0 151 3027 1576 
129 1322 0.726511 5.46978 979 229.079 0.256484 777 2271 0 175 3223 1688 
132 1342 0.734634 5.30732 1005 250.027 0.263296 802 2322 0 199 3323 1736 
136 1362 0.74509 5.09819 1032 260.984 0.270369 812 2390 0 226 3428 1802 
138 1384 0.750163 4.99674 1049 249.45 0.274823 825 2424 0 261 3510 1836 
141 1386 0.757583 4.84833 1072 264.952 0.280849 839 2491 0 290 3620 1887 
144 1416 0.764783 4.70433 1090 258.893 0.285565 852 2566 0 320 3738 1938 
146 1496 0.769464 4.61071 1171 270.758 0.306785 876 2616 0 357 3849 1972 
147 1529 0.77177 4.56461 1190 266.003 0.311763 907 2641 0 391 3939 1989 
148 1546 0.774052 4.51896 1220 235.074 0.319623 911 2666 0 430 4007 2006 
151 1566 0.780763 4.38474 1239 266.3 0.3246 927 2741 0 498 4166 2057 
156 1574 0.791508 4.16985 1246 242.495 0.326434 973 2866 0 545 4384 2142 
157 1585 0.793592 4.12815 1268 250.325 0.332198 979 2891 0 591 4461 2159 
159 1590 0.7977 4.046 1271 242.155 0.332984 992 2941 0 641 4574 2193 
160 1591 0.799723 4.00554 1303 263.771 0.341368 993 2966 0 751 4710 2210 
165 1620 0.809538 3.80923 1313 248.459 0.343987 1007 3091 0 935 5033 2295 
166 1687 0.811443 3.77114 1372 236.948 0.359445 1023 3116 0 1076 5215 2312 
167 1687 0.813329 3.73342 1373 244.698 0.359707 1024 3141 0 1174 5339 2329 
168 1687 0.815195 3.69609 1378 252.073 0.361017 1025 3166 0 1398 5589 2346 
169 1687 0.817043 3.65913 1383 251.091 0.362326 1026 3191 0 1634 5851 2363 
170 1731 0.818873 3.62254 1422 253.162 0.372544 1040 3216 0 1916 6172 2380 
171 1768 0.820684 3.58631 1454 240.076 0.380927 1060 3241 0 2114 6415 2397 
172 1768 0.822477 3.55045 1455 237.081 0.381189 1074 3266 0 2385 6725 2414 
173 1768 0.824253 3.51494 1466 237.255 0.384071 1075 3291 0 2586 6952 2431 
176 1771 0.829473 3.41055 1470 232.499 0.385119 1082 3363 0 3272 7717 2482 
177 1774 0.831178 3.37644 1476 236.058 0.386691 1091 3387 0 3835 8313 2499 
178 1784 0.832866 3.34268 1486 228.769 0.389311 1106 3411 0 4056 8573 2516 
179 1788 0.834537 3.30925 1502 239.969 0.393503 1116 3435 0 5631 10182 2533 
181 1808 0.83783 3.2434 1519 246.638 0.397957 1129 3483 0 7191 11803 2567 
183 1814 0.841057 3.17885 1530 239.898 0.400838 1142 3531 0 8912 13585 2601 
184 1816 0.842647 3.14706 1538 245.561 0.402934 1145 3555 0 16915 21615 2619 
185 1823 0.84422 3.11559 1541 244.619 0.40372 1151 3579 0 25066 29796 2637 
186 1823 0.845778 3.08444 1555 235.68 0.407388 1160 3603 0 28566 33329 2655 
191 1823 0.853337 2.93327 1556 226.606 0.40765 1179 3723 0 36288 41190 2745 
192 1836 0.854803 2.90394 1580 232.558 0.413938 1211 3747 0 51828 56786 2763 
196 1850 0.860524 2.78951 1593 236.718 0.417343 1268 3843 0 100551 105662 2835 
197 1850 0.861919 2.76162 1597 231.82 0.418391 1278 3867 0 154584 159729 2853 
198 1851 0.8633 2.734 1600 241.248 0.419177 1287 3891 0 442166 447344 2871 
199 1851 0.864667 2.70666 1602 249.064 0.419701 1287 3915 0 1155464 1160666 2889 
200 1854 0.86602 2.67959 1611 243.855 0.422059 1290 3939 0 1503246 1508475 2907 
