1 4 1 17.82 4 0 0.00104794 0 14 0 0 14 0 
2 7 1 17.6418 7 3 0.0018339 0 28 0 0 28 1 
3 54 1 17.4654 54 7.28892 0.0141472 9 42 0 0 51 3 
4 64 1 17.2907 64 10.2889 0.0167671 14 56 0 0 70 6 
5 66 1 17.1178 66 13.2889 0.0172911 15 70 0 0 85 10 
6 77 1 16.9466 77 16.2889 0.0201729 20 84 0 0 104 15 
7 77 1 16.7772 77 16.2889 0.0201729 20 98 0 0 118 21 
8 93 1 16.6094 93 20.6207 0.0243647 32 112 0 0 144 28 
9 103 1 16.4433 103 33.338 0.0269845 40 126 0 0 166 36 
10 112 1 16.2789 112 39.338 0.0293424 48 140 0 0 188 44 
11 134 1 16.1161 134 42.7487 0.0351061 55 154 0 0 209 52 
12 140 1 15.9549 140 60.0994 0.036678 56 168 0 0 224 61 
13 141 1 15.7954 141 65.635 0.03694 57 182 0 0 239 70 
14 141 1 15.6374 141 65.635 0.03694 64 196 0 0 260 79 
15 149 1 15.4811 149 67.5955 0.0390359 72 210 0 0 282 88 
16 161 1 15.3262 161 57.4898 0.0421797 82 224 0 0 306 98 
17 161 1 15.173 161 57.4898 0.0421797 83 238 0 0 321 108 
18 163 1 15.0212 163 60.4898 0.0427037 84 257 0 0 341 118 
19 226 1 14.871 226 72.6583 0.0592088 99 276 0 0 375 128 
20 230 1 14.7223 230 70.8139 0.0602567 103 295 0 1 399 138 
21 230 1 14.5751 230 70.8139 0.0602567 111 314 0 2 427 148 
22 231 1 14.4294 231 76.7967 0.0605187 111 333 0 3 447 159 
23 253 1 14.2851 253 90.6429 0.0662824 124 352 0 4 480 170 
24 267 1 14.1422 267 93.6429 0.0699502 127 371 0 5 503 181 
25 270 1 14.0008 270 90.0793 0.0707362 127 390 0 6 523 192 
26 279 1 13.8608 279 93.0793 0.0730941 129 409 0 7 545 203 
27 279 1 13.7222 279 93.0793 0.0730941 129 428 0 8 565 214 
28 308 1 13.5849 308 129.423 0.0806916 142 447 0 10 599 225 
29 308 1 13.4491 308 129.423 0.0806916 146 466 0 12 624 236 
30 330 1 13.3146 330 103.153 0.0864553 153 485 0 14 652 248 
31 361 1 13.1815 361 112.434 0.0945769 164 504 0 17 685 260 
32 377 1 13.0496 377 133.974 0.0987687 167 523 0 21 711 272 
33 381 1 12.9191 381 140.787 0.0998166 168 542 0 27 737 284 
34 381 1 12.79 381 140.787 0.0998166 170 561 0 33 764 296 
35 381 1 12.6621 381 140.787 0.0998166 179 580 0 39 798 308 
36 382 1 12.5354 382 168.772 0.100079 181 599 0 46 826 320 
37 387 1 12.4101 387 147.228 0.101389 189 618 0 54 861 332 
38 389 1 12.286 389 189.716 0.101912 189 632 0 60 881 344 
39 400 1 12.1631 400 212.219 0.104794 191 646 0 67 904 356 
40 410 1 12.0415 410 207.39 0.107414 194 660 0 75 929 369 
41 448 1 11.9211 448 210.39 0.11737 203 674 0 83 960 382 
42 449 1 11.8019 449 213.39 0.117632 209 688 0 93 990 395 
43 449 1 11.6838 449 213.39 0.117632 212 702 0 106 1020 408 
44 449 1 11.567 449 212.391 0.117632 212 716 0 116 1044 421 
45 459 1 11.4513 459 260.742 0.120252 214 730 0 126 1070 434 
46 463 1 11.3368 463 262.354 0.121299 216 744 0 137 1097 447 
47 467 1 11.2235 467 225.102 0.122347 217 758 0 150 1125 460 
48 480 1 11.1112 480 293.832 0.125753 220 772 0 178 1170 473 
49 482 1 11.0001 482 251.947 0.126277 235 786 0 202 1223 486 
50 482 1 10.8901 482 251.947 0.126277 242 800 0 224 1266 499 
51 489 1 10.7812 489 281.964 0.128111 253 814 0 248 1315 512 
52 489 1 10.6734 489 250.689 0.128111 255 828 0 299 1382 525 
53 491 1 10.5667 491 290.601 0.128635 266 842 0 351 1459 538 
54 509 1 10.461 509 304.867 0.133351 271 856 0 370 1497 552 
55 529 1 10.3564 529 312.627 0.138591 278 870 0 430 1578 566 
56 541 1 10.2528 541 325.584 0.141734 281 884 0 509 1674 580 
57 544 1 10.1503 544 323.827 0.14252 282 898 0 616 1796 594 
58 550 1 10.0488 550 349.215 0.144092 283 912 0 716 1911 608 
59 552 1 9.9483 552 359.305 0.144616 288 926 0 826 2040 622 
60 552 1 9.84882 552 359.305 0.144616 290 940 0 936 2166 636 
61 552 1 9.75033 552 358.603 0.144616 290 954 0 1048 2292 650 
62 568 1 9.65283 568 341.494 0.148808 304 968 0 1183 2455 664 
63 593 1 9.5563 593 392.201 0.155358 311 982 0 1328 2621 678 
64 602 1 9.46074 602 389.936 0.157715 316 996 0 1516 2828 692 
65 607 1 9.36613 607 300.021 0.159025 318 1010 0 1671 2999 706 
66 607 1 9.27247 607 300.021 0.159025 318 1024 0 1789 3131 720 
67 607 1 9.17974 607 300.021 0.159025 319 1038 0 1891 3248 734 
68 634 1 9.08794 634 334.783 0.166099 324 1052 0 1995 3371 748 
69 634 1 8.99706 634 334.783 0.166099 330 1066 0 2112 3508 762 
70 646 1 8.90709 646 356.712 0.169243 341 1088 0 2233 3662 776 
71 656 1 8.81802 656 334.686 0.171863 350 1110 0 2311 3771 790 
72 657 1 8.72984 657 346.144 0.172125 357 1132 0 2472 3961 804 
73 700 1 8.64254 700 423.14 0.18339 371 1154 0 2612 4137 818 
74 700 1 8.55612 700 421.909 0.18339 376 1176 0 2747 4299 833 
75 709 1 8.47056 709 417.206 0.185748 386 1198 0 2962 4546 848 
76 709 1 8.38585 709 417.206 0.185748 391 1220 0 3141 4752 863 
77 709 1 8.30199 709 417.206 0.185748 394 1242 0 3299 4935 878 
78 710 1 8.21897 710 347.866 0.18601 395 1264 0 3455 5114 893 
79 746 1 8.13678 746 458.868 0.195441 412 1286 0 3536 5234 908 
80 746 1 8.05542 746 358.456 0.195441 428 1308 0 3687 5423 923 
81 784 1 7.97486 784 386.269 0.205397 439 1330 0 3851 5620 938 
82 787 1 7.89511 787 377.26 0.206183 443 1352 0 3997 5792 953 
83 788 1 7.81616 788 385.879 0.206445 443 1374 0 4088 5905 968 
84 788 1 7.738 788 385.879 0.206445 446 1396 0 4276 6118 983 
85 790 1 7.66062 790 425.844 0.206969 447 1418 0 4533 6398 998 
86 791 1 7.58401 791 421.913 0.207231 450 1440 0 5051 6941 1013 
87 791 1 7.50817 791 421.913 0.207231 461 1462 0 5208 7131 1028 
88 794 1 7.43309 794 444.78 0.208017 466 1484 0 5417 7367 1043 
89 797 1 7.35876 797 453.55 0.208803 470 1506 0 5675 7651 1058 
90 797 1 7.28517 797 414.663 0.208803 472 1528 0 5873 7873 1073 
91 797 1 7.21232 797 395.087 0.208803 485 1550 0 6034 8069 1088 
92 842 1 7.1402 842 410.142 0.220592 491 1572 0 6408 8471 1103 
93 922 1 7.0688 922 454.084 0.241551 509 1594 0 6822 8925 1118 
94 922 1 6.99811 922 447.611 0.241551 513 1616 0 7172 9301 1133 
95 931 1 6.92813 931 474.495 0.243909 519 1638 0 7786 9943 1148 
96 949 1 6.85885 949 440.716 0.248625 534 1660 0 8301 10495 1163 
97 949 1 6.79026 949 394.936 0.248625 549 1682 0 8609 10840 1178 
98 949 1 6.72236 949 394.936 0.248625 560 1704 0 9260 11524 1193 
99 971 1 6.65513 971 422.858 0.254388 565 1726 0 9967 12258 1208 
100 971 1 6.58858 971 422.858 0.254388 565 1748 0 10699 13012 1224 
101 971 1 6.5227 971 422.858 0.254388 574 1770 0 12250 14594 1240 
102 1070 1 6.45747 1070 471.201 0.280325 599 1792 0 14032 16423 1256 
103 1128 1 6.39289 1128 448.261 0.29552 611 1814 0 15296 17721 1272 
104 1151 1 6.32896 1151 470.274 0.301546 617 1836 0 16460 18913 1288 
105 1151 1 6.26568 1151 437.382 0.301546 628 1858 0 17673 20159 1304 
106 1151 1 6.20302 1151 437.382 0.301546 628 1880 0 19451 21959 1320 
107 1151 1 6.14099 1151 436.488 0.301546 637 1897 0 20980 23514 1336 
108 1151 1 6.07958 1151 436.488 0.301546 639 1914 0 24181 26734 1352 
109 1155 1 6.01878 1155 420.9 0.302594 640 1931 0 25118 27689 1368 
110 1159 1 5.95859 1159 457.755 0.303642 641 1948 0 29282 31871 1384 
111 1232 1 5.89901 1232 452.267 0.322767 663 1965 0 34084 36712 1400 
112 1232 1 5.84002 1232 412.397 0.322767 663 1982 0 38353 40998 1416 
113 1242 1 5.78162 1242 465.668 0.325386 665 1999 0 52756 55420 1432 
114 1251 1 5.7238 1251 470.45 0.327744 668 2016 0 68350 71034 1448 
115 1254 1 5.66656 1254 437.097 0.32853 689 2033 0 77161 79883 1464 
116 1255 1 5.6099 1255 448.214 0.328792 690 2050 0 94405 97145 1480 
117 1265 1 5.5538 1265 443.986 0.331412 696 2067 0 108334 111097 1496 
118 1272 1 5.49826 1272 460.307 0.333246 699 2084 0 159859 162642 1512 
119 1278 1 5.44328 1278 434.91 0.334818 703 2101 0 198899 201703 1528 
120 1296 1 5.38885 1296 407.262 0.339534 709 2118 0 217930 220757 1544 
121 1296 1 5.33496 1296 407.262 0.339534 715 2135 0 352596 355446 1560 
122 1300 1 5.28161 1300 456.442 0.340582 724 2152 0 424100 426976 1576 
123 1305 1 5.22879 1305 415.819 0.341892 726 2169 0 602951 605846 1592 
124 1306 1 5.1765 1306 463.501 0.342154 729 2186 0 944882 947797 1608 
125 1307 1 5.12474 1307 451.813 0.342416 756 2203 0 1175746 1178705 1624 
126 1307 1 5.07349 1307 435.668 0.342416 759 2220 0 1510229 1513208 1640 
127 1307 1 5.02276 1307 435.668 0.342416 761 2237 0 1645378 1648376 1656 
