1 4 1 15.84 4 0 0.00104794 0 14 0 0 14 0 
2 7 1 15.6816 7 3 0.0018339 0 28 0 0 28 1 
3 54 1 15.5248 54 7.28892 0.0141472 9 42 0 0 51 3 
4 64 1 15.3695 64 10.2889 0.0167671 14 56 0 0 70 6 
5 66 1 15.2158 66 13.2889 0.0172911 15 70 0 0 85 10 
6 77 1 15.0637 77 16.2889 0.0201729 20 84 0 0 104 15 
7 77 1 14.913 77 16.2889 0.0201729 20 98 0 0 118 21 
8 93 1 14.7639 93 20.6207 0.0243647 32 112 0 0 144 28 
9 103 1 14.6163 103 33.338 0.0269845 40 126 0 0 166 36 
10 112 1 14.4701 112 39.338 0.0293424 48 140 0 0 188 44 
11 134 1 14.3254 134 42.7487 0.0351061 55 154 0 0 209 52 
12 140 1 14.1822 140 60.0994 0.036678 56 168 0 0 224 61 
13 141 1 14.0403 141 65.635 0.03694 57 182 0 0 239 70 
14 141 1 13.8999 141 65.635 0.03694 64 196 0 0 260 79 
15 149 1 13.7609 149 67.5955 0.0390359 72 210 0 0 282 88 
16 161 1 13.6233 161 57.4898 0.0421797 82 224 0 0 306 98 
17 161 1 13.4871 161 57.4898 0.0421797 83 238 0 0 321 108 
18 163 1 13.3522 163 60.4898 0.0427037 84 257 0 0 341 118 
19 226 1 13.2187 226 72.6583 0.0592088 99 276 0 0 375 128 
20 230 1 13.0865 230 70.8139 0.0602567 103 295 0 1 399 138 
21 230 1 12.9556 230 70.8139 0.0602567 111 314 0 2 427 148 
22 231 1 12.8261 231 76.7967 0.0605187 111 333 0 3 447 159 
23 253 1 12.6978 253 90.6429 0.0662824 124 352 0 4 480 170 
24 267 1 12.5709 267 93.6429 0.0699502 127 371 0 5 503 181 
25 270 1 12.4451 270 90.0793 0.0707362 127 390 0 6 523 192 
26 279 1 12.3207 279 93.0793 0.0730941 129 409 0 7 545 203 
27 279 1 12.1975 279 93.0793 0.0730941 129 428 0 8 565 214 
28 308 1 12.0755 308 129.423 0.0806916 142 447 0 10 599 225 
29 308 1 11.9548 308 129.423 0.0806916 146 466 0 12 624 236 
30 330 1 11.8352 330 103.153 0.0864553 153 485 0 14 652 248 
31 361 1 11.7169 361 112.434 0.0945769 164 504 0 17 685 260 
32 377 1 11.5997 377 133.974 0.0987687 167 523 0 21 711 272 
33 381 1 11.4837 381 140.787 0.0998166 168 542 0 27 737 284 
34 381 1 11.3689 381 140.787 0.0998166 170 561 0 33 764 296 
35 381 1 11.2552 381 140.787 0.0998166 179 580 0 39 798 308 
36 382 1 11.1426 382 168.772 0.100079 181 599 0 46 826 320 
37 387 1 11.0312 387 147.228 0.101389 189 618 0 54 861 332 
38 389 1 10.9209 389 189.716 0.101912 189 632 0 60 881 344 
39 400 1 10.8117 400 212.219 0.104794 191 646 0 67 904 356 
40 410 1 10.7035 410 207.39 0.107414 194 660 0 74 928 369 
41 448 1 10.5965 448 210.39 0.11737 203 674 0 83 960 382 
42 449 1 10.4905 449 213.39 0.117632 209 688 0 93 990 395 
43 449 1 10.3856 449 213.39 0.117632 212 702 0 106 1020 408 
44 449 1 10.2818 449 212.391 0.117632 212 716 0 116 1044 421 
45 459 1 10.179 459 260.742 0.120252 214 730 0 127 1071 434 
46 463 1 10.0772 463 262.354 0.121299 216 744 0 138 1098 447 
47 467 1 9.97641 467 225.102 0.122347 217 758 0 151 1126 460 
48 480 1 9.87664 480 293.832 0.125753 220 772 0 179 1171 473 
49 482 1 9.77788 482 251.947 0.126277 235 786 0 203 1224 486 
50 482 1 9.6801 482 251.947 0.126277 242 800 0 225 1267 499 
51 489 1 9.5833 489 281.964 0.128111 253 814 0 249 1316 512 
52 489 1 9.48746 489 250.689 0.128111 255 828 0 300 1383 525 
53 491 1 9.39259 491 290.601 0.128635 266 842 0 351 1459 538 
54 509 1 9.29866 509 304.867 0.133351 271 856 0 370 1497 552 
55 529 1 9.20568 529 312.627 0.138591 278 870 0 430 1578 566 
56 541 1 9.11362 541 325.584 0.141734 281 884 0 509 1674 580 
57 544 1 9.02248 544 323.827 0.14252 282 898 0 616 1796 594 
58 550 1 8.93226 550 349.215 0.144092 283 912 0 715 1910 608 
59 552 1 8.84294 552 359.305 0.144616 288 926 0 824 2038 622 
60 552 1 8.75451 552 359.305 0.144616 290 940 0 933 2163 636 
61 552 1 8.66696 552 358.603 0.144616 290 954 0 1045 2289 650 
62 568 1 8.58029 568 341.494 0.148808 304 968 0 1181 2453 664 
63 593 1 8.49449 593 392.201 0.155358 311 982 0 1326 2619 678 
64 602 1 8.40954 602 389.936 0.157715 316 996 0 1515 2827 692 
65 607 1 8.32545 607 300.021 0.159025 318 1010 0 1638 2966 706 
66 607 1 8.24219 607 300.021 0.159025 318 1024 0 1752 3094 720 
67 607 1 8.15977 607 300.021 0.159025 319 1038 0 1854 3211 734 
68 634 1 8.07817 634 334.783 0.166099 324 1052 0 1954 3330 748 
69 634 1 7.99739 634 334.783 0.166099 330 1066 0 2071 3467 762 
70 646 1 7.91742 646 389.37 0.169243 341 1088 0 2206 3635 776 
71 656 1 7.83824 656 385.46 0.171863 350 1110 0 2297 3757 790 
72 657 1 7.75986 657 335.911 0.172125 357 1132 0 2442 3931 804 
73 700 1 7.68226 700 489.557 0.18339 371 1154 0 2591 4116 818 
74 700 1 7.60544 700 412.921 0.18339 376 1176 0 2929 4481 833 
75 709 1 7.52939 709 377.05 0.185748 386 1198 0 2989 4573 848 
76 709 1 7.45409 709 377.05 0.185748 391 1220 0 3115 4726 863 
77 709 1 7.37955 709 338.658 0.185748 394 1242 0 3258 4894 878 
78 710 1 7.30576 710 374.618 0.18601 395 1264 0 3443 5102 893 
79 746 1 7.2327 746 350.498 0.195441 412 1286 0 3610 5308 908 
80 746 1 7.16037 746 350.498 0.195441 428 1308 0 3755 5491 923 
81 784 1 7.08877 784 374.403 0.205397 439 1330 0 3868 5637 938 
82 787 1 7.01788 787 353.267 0.206183 443 1352 0 3963 5758 953 
83 788 1 6.9477 788 412.937 0.206445 443 1374 0 4188 6005 968 
84 788 1 6.87822 788 412.937 0.206445 446 1396 0 4455 6297 983 
85 790 1 6.80944 790 421.124 0.206969 447 1418 0 4597 6462 998 
86 791 1 6.74135 791 411.178 0.207231 450 1440 0 4831 6721 1013 
87 791 1 6.67393 791 411.178 0.207231 461 1462 0 5284 7207 1028 
88 794 1 6.60719 794 410.797 0.208017 466 1484 0 5612 7562 1043 
89 797 1 6.54112 797 429.619 0.208803 470 1506 0 5966 7942 1058 
90 797 1 6.47571 797 388.29 0.208803 472 1528 0 6126 8126 1073 
91 797 1 6.41095 797 377.997 0.208803 485 1550 0 6402 8437 1088 
92 842 1 6.34684 842 421.706 0.220592 491 1572 0 6786 8849 1103 
93 922 1 6.28338 922 437.301 0.241551 509 1594 0 7281 9384 1118 
94 922 1 6.22054 922 410.774 0.241551 513 1616 0 7922 10051 1133 
95 931 1 6.15834 931 422.177 0.243909 519 1638 0 8767 10924 1148 
96 949 1 6.09675 949 448.823 0.248625 534 1660 0 9847 12041 1163 
97 949 1 6.03579 949 394.119 0.248625 549 1682 0 10672 12903 1178 
98 949 1 5.97543 949 394.119 0.248625 560 1704 0 11417 13681 1193 
99 971 1 5.91567 971 402.61 0.254388 565 1726 0 12454 14745 1208 
100 971 1 5.85652 971 379.069 0.254388 565 1748 0 13329 15642 1224 
101 971 1 5.79795 971 379.069 0.254388 574 1770 0 15787 18131 1240 
102 1070 1 5.73997 1070 382.592 0.280325 599 1792 0 16802 19193 1256 
103 1128 1 5.68257 1128 438.315 0.29552 611 1814 0 27083 29508 1272 
104 1151 1 5.62575 1151 402.482 0.301546 617 1836 0 28404 30857 1288 
105 1151 1 5.56949 1151 397.836 0.301546 628 1858 0 31830 34316 1304 
106 1151 1 5.51379 1151 397.836 0.301546 628 1880 0 37470 39978 1320 
107 1151 1 5.45866 1151 397.836 0.301546 637 1897 0 45706 48240 1336 
108 1151 1 5.40407 1151 382.683 0.301546 639 1914 0 46650 49203 1352 
109 1155 1 5.35003 1155 385.589 0.302594 640 1931 0 48519 51090 1368 
110 1159 1 5.29653 1159 373.474 0.303642 641 1948 0 50048 52637 1384 
111 1232 1 5.24356 1232 427.251 0.322767 663 1965 0 61679 64307 1400 
112 1232 1 5.19113 1232 401.191 0.322767 663 1982 0 70395 73040 1416 
113 1242 1 5.13922 1242 413.144 0.325386 665 1999 0 93055 95719 1432 
114 1251 1 5.08782 1251 411.521 0.327744 668 2016 0 130072 132756 1448 
115 1254 1 5.03695 1254 425.352 0.32853 689 2033 0 240604 243326 1464 
116 1255 1 4.98658 1255 405.994 0.328792 690 2050 0 291303 294043 1480 
117 1265 1 4.93671 1265 407.015 0.331412 696 2067 0 335527 338290 1496 
118 1272 1 4.88734 1272 415.844 0.333246 699 2084 0 370147 372930 1512 
119 1278 1 4.83847 1278 440.368 0.334818 703 2101 0 979518 982322 1528 
120 1296 1 4.79009 1296 420.727 0.339534 709 2118 0 1224442 1227269 1544 
121 1296 1 4.74219 1296 420.727 0.339534 715 2135 0 1357684 1360534 1560 
122 1300 1 4.69476 1300 450.249 0.340582 724 2152 0 1713111 1715987 1576 
