1 4 1 1.98 4 0 0.00104794 0 14 0 0 14 0 
2 7 1 1.9602 7 3 0.0018339 0 28 0 0 28 1 
3 54 1 1.9406 54 7.28892 0.0141472 9 42 0 0 51 3 
4 64 1 1.92119 64 10.2889 0.0167671 14 56 0 0 70 6 
5 66 1 1.90198 66 13.2889 0.0172911 15 70 0 0 85 10 
6 77 1 1.88296 77 16.2889 0.0201729 20 84 0 0 104 15 
7 77 1 1.86413 77 16.2889 0.0201729 20 98 0 0 118 21 
8 93 1 1.84549 93 20.6207 0.0243647 32 112 0 0 144 28 
9 103 1 1.82703 103 23.9374 0.0269845 40 126 0 0 166 36 
10 112 1 1.80876 112 39.0335 0.0293424 48 140 0 0 188 44 
11 134 1 1.79068 134 36.6649 0.0351061 55 154 0 0 209 52 
12 140 1 1.77277 140 42.6649 0.036678 56 168 0 0 224 61 
13 141 1 1.75504 141 50.3549 0.03694 57 182 0 1 240 70 
14 141 1 1.73749 141 50.3549 0.03694 64 196 0 2 262 79 
15 149 1 1.72012 149 52.471 0.0390359 72 210 0 3 285 88 
16 161 1 1.70292 161 61.5971 0.0421797 82 224 0 6 312 98 
17 161 1 1.68589 161 61.5971 0.0421797 83 238 0 9 330 108 
18 163 1 1.66903 163 66.5186 0.0427037 84 257 0 14 355 118 
19 226 1 1.65234 226 64.458 0.0592088 99 276 0 20 395 128 
20 230 1 1.63581 230 63.3306 0.0602567 103 295 0 27 425 138 
21 230 1 1.61946 230 63.3306 0.0602567 111 314 0 34 459 148 
22 231 1 1.60326 231 75.5984 0.0605187 111 333 0 65 509 159 
23 253 1 1.58723 253 75.8691 0.0662824 124 352 0 92 568 170 
24 267 1 1.57136 267 78.1413 0.0699502 127 371 0 121 619 181 
25 270 1 1.55564 270 65.7639 0.0707362 127 390 0 149 666 192 
26 279 1 1.54009 279 68.7639 0.0730941 129 409 0 184 722 203 
27 279 1 1.52469 279 68.7639 0.0730941 129 428 0 226 783 214 
28 308 1 1.50944 308 75.3779 0.0806916 142 447 0 274 863 225 
29 308 1 1.49434 308 75.3779 0.0806916 146 466 0 355 967 236 
30 330 1 1.4794 330 90.3997 0.0864553 153 485 0 500 1138 248 
31 361 1 1.46461 361 85.9908 0.0945769 164 504 0 890 1558 260 
32 377 1 1.44996 377 96.0099 0.0987687 167 523 0 1467 2157 272 
33 381 1 1.43546 381 90.2856 0.0998166 168 542 0 1940 2650 284 
34 381 1 1.42111 381 90.2856 0.0998166 170 561 0 2637 3368 296 
35 381 1 1.4069 381 90.2856 0.0998166 179 580 0 3235 3994 308 
36 382 1 1.39283 382 98.9831 0.100079 181 599 0 3911 4691 320 
37 387 1 1.3789 387 107.797 0.101389 189 618 0 5823 6630 332 
38 389 1 1.36511 389 108.697 0.101912 189 632 0 8353 9174 344 
39 400 1 1.35146 400 112.554 0.104794 191 646 0 11893 12730 356 
40 410 1 1.33794 410 116.924 0.107414 194 660 0 15232 16086 369 
41 448 1 1.32456 448 143.156 0.11737 203 674 0 20141 21018 382 
42 449 1 1.31132 449 132.458 0.117632 209 688 0 24058 24955 395 
43 449 1 1.29821 449 130.268 0.117632 212 702 0 28405 29319 408 
44 449 1 1.28522 449 130.268 0.117632 212 716 0 33743 34671 421 
45 459 1 1.27237 459 134.054 0.120252 214 730 0 39708 40652 434 
46 463 1 1.25965 463 123.266 0.121299 216 744 0 47584 48544 447 
47 467 1 1.24705 467 134.307 0.122347 217 758 0 58713 59688 460 
48 480 1 1.23458 480 152.29 0.125753 220 772 0 79807 80799 473 
49 482 1 1.22223 482 152.947 0.126277 235 786 0 116669 117690 486 
50 482 1 1.21001 482 149.948 0.126277 242 800 0 154732 155774 499 
51 489 1 1.19791 489 163.742 0.128111 253 814 0 208415 209482 512 
52 489 1 1.18593 489 163.742 0.128111 255 828 0 257647 258730 525 
53 491 1 1.17407 491 163.109 0.128635 266 842 0 324511 325619 538 
54 509 1 1.16233 509 167.9 0.133351 271 856 0 405359 406486 552 
55 529 1 1.15071 529 177.161 0.138591 278 870 0 539575 540723 566 
56 541 1 1.1392 541 177.097 0.141734 281 884 0 754124 755289 580 
57 544 1 1.12781 544 169.878 0.14252 282 898 0 1395935 1397115 594 
