1 4 1 12.87 4 0 0.00104794 0 14 0 0 14 0 
2 7 1 12.7413 7 3 0.0018339 0 28 0 0 28 1 
3 54 1 12.6139 54 7.28892 0.0141472 9 42 0 0 51 3 
4 64 1 12.4877 64 10.2889 0.0167671 14 56 0 0 70 6 
5 66 1 12.3629 66 13.2889 0.0172911 15 70 0 0 85 10 
6 77 1 12.2392 77 16.2889 0.0201729 20 84 0 0 104 15 
7 77 1 12.1168 77 16.2889 0.0201729 20 98 0 0 118 21 
8 93 1 11.9957 93 20.6207 0.0243647 32 112 0 0 144 28 
9 103 1 11.8757 103 33.338 0.0269845 40 126 0 0 166 36 
10 112 1 11.757 112 39.338 0.0293424 48 140 0 0 188 44 
11 134 1 11.6394 134 42.7487 0.0351061 55 154 0 0 209 52 
12 140 1 11.523 140 60.0994 0.036678 56 168 0 0 224 61 
13 141 1 11.4078 141 65.635 0.03694 57 182 0 0 239 70 
14 141 1 11.2937 141 65.635 0.03694 64 196 0 0 260 79 
15 149 1 11.1808 149 67.5955 0.0390359 72 210 0 0 282 88 
16 161 1 11.069 161 57.4898 0.0421797 82 224 0 0 306 98 
17 161 1 10.9583 161 57.4898 0.0421797 83 238 0 1 322 108 
18 163 1 10.8487 163 60.4898 0.0427037 84 257 0 1 342 118 
19 226 1 10.7402 226 72.6583 0.0592088 99 276 0 1 376 128 
20 230 1 10.6328 230 70.8139 0.0602567 103 295 0 2 400 138 
21 230 1 10.5265 230 70.8139 0.0602567 111 314 0 3 428 148 
22 231 1 10.4212 231 76.7967 0.0605187 111 333 0 4 448 159 
23 253 1 10.317 253 90.6429 0.0662824 124 352 0 5 481 170 
24 267 1 10.2138 267 93.6429 0.0699502 127 371 0 6 504 181 
25 270 1 10.1117 270 90.0793 0.0707362 127 390 0 7 524 192 
26 279 1 10.0106 279 93.0793 0.0730941 129 409 0 9 547 203 
27 279 1 9.91045 279 93.0793 0.0730941 129 428 0 10 567 214 
28 308 1 9.81135 308 129.423 0.0806916 142 447 0 13 602 225 
29 308 1 9.71324 308 129.423 0.0806916 146 466 0 15 627 236 
30 330 1 9.6161 330 103.153 0.0864553 153 485 0 17 655 248 
31 361 1 9.51994 361 112.434 0.0945769 164 504 0 21 689 260 
32 377 1 9.42474 377 133.974 0.0987687 167 523 0 26 716 272 
33 381 1 9.3305 381 140.787 0.0998166 168 542 0 32 742 284 
34 381 1 9.23719 381 140.787 0.0998166 170 561 0 39 770 296 
35 381 1 9.14482 381 140.787 0.0998166 179 580 0 46 805 308 
36 382 1 9.05337 382 168.772 0.100079 181 599 0 53 833 320 
37 387 1 8.96284 387 147.228 0.101389 189 618 0 64 871 332 
38 389 1 8.87321 389 189.716 0.101912 189 632 0 70 891 344 
39 400 1 8.78448 400 212.219 0.104794 191 646 0 77 914 356 
40 410 1 8.69663 410 207.39 0.107414 194 660 0 85 939 369 
41 448 1 8.60967 448 210.39 0.11737 203 674 0 95 972 382 
42 449 1 8.52357 449 213.39 0.117632 209 688 0 107 1004 395 
43 449 1 8.43833 449 213.39 0.117632 212 702 0 121 1035 408 
44 449 1 8.35395 449 212.391 0.117632 212 716 0 130 1058 421 
45 459 1 8.27041 459 260.742 0.120252 214 730 0 143 1087 434 
46 463 1 8.18771 463 262.354 0.121299 216 744 0 156 1116 447 
47 467 1 8.10583 467 225.102 0.122347 217 758 0 171 1146 460 
48 480 1 8.02477 480 293.832 0.125753 220 772 0 202 1194 473 
49 482 1 7.94452 482 251.947 0.126277 235 786 0 229 1250 486 
50 482 1 7.86508 482 251.947 0.126277 242 800 0 253 1295 499 
51 489 1 7.78643 489 281.964 0.128111 253 814 0 283 1350 512 
52 489 1 7.70856 489 250.689 0.128111 255 828 0 340 1423 525 
53 491 1 7.63148 491 290.601 0.128635 266 842 0 401 1509 538 
54 509 1 7.55516 509 304.867 0.133351 271 856 0 421 1548 552 
55 529 1 7.47961 529 312.627 0.138591 278 870 0 494 1642 566 
56 541 1 7.40482 541 325.584 0.141734 281 884 0 585 1750 580 
57 544 1 7.33077 544 323.827 0.14252 282 898 0 710 1890 594 
58 550 1 7.25746 550 349.215 0.144092 283 912 0 826 2021 608 
59 552 1 7.18489 552 359.305 0.144616 288 926 0 950 2164 622 
60 552 1 7.11304 552 359.305 0.144616 290 940 0 1077 2307 636 
61 552 1 7.04191 552 358.603 0.144616 290 954 0 1211 2455 650 
62 568 1 6.97149 568 341.494 0.148808 304 968 0 1382 2654 664 
63 593 1 6.90177 593 392.201 0.155358 311 982 0 1561 2854 678 
64 602 1 6.83275 602 389.936 0.157715 316 996 0 1801 3113 692 
65 607 1 6.76443 607 300.021 0.159025 318 1010 0 1953 3281 706 
66 607 1 6.69678 607 300.021 0.159025 318 1024 0 2130 3472 720 
67 607 1 6.62981 607 300.021 0.159025 319 1038 0 2280 3637 734 
68 634 1 6.56352 634 308.625 0.166099 324 1052 0 2381 3757 748 
69 634 1 6.49788 634 308.625 0.166099 330 1066 0 2463 3859 762 
70 646 1 6.4329 646 380.874 0.169243 341 1088 0 2618 4047 776 
71 656 1 6.36857 656 374.428 0.171863 350 1110 0 3003 4463 790 
72 657 1 6.30489 657 351.623 0.172125 357 1132 0 3062 4551 804 
73 700 1 6.24184 700 373.058 0.18339 371 1154 0 3188 4713 818 
74 700 1 6.17942 700 373.058 0.18339 376 1176 0 3391 4943 833 
75 709 1 6.11763 709 419.437 0.185748 386 1198 0 3834 5418 848 
76 709 1 6.05645 709 404.931 0.185748 391 1220 0 4011 5622 863 
77 709 1 5.99589 709 404.047 0.185748 394 1242 0 4204 5840 878 
78 710 1 5.93593 710 415.23 0.18601 395 1264 0 4439 6098 893 
79 746 1 5.87657 746 380.215 0.195441 412 1286 0 4608 6306 908 
80 746 1 5.8178 746 362.698 0.195441 428 1308 0 4955 6691 923 
81 784 1 5.75962 784 391.481 0.205397 439 1330 0 5379 7148 938 
82 787 1 5.70203 787 362.893 0.206183 443 1352 0 6011 7806 953 
83 788 1 5.64501 788 358.357 0.206445 443 1374 0 6198 8015 968 
84 788 1 5.58856 788 358.357 0.206445 446 1396 0 6482 8324 983 
85 790 1 5.53267 790 339.158 0.206969 447 1418 0 7743 9608 998 
86 791 1 5.47734 791 355.464 0.207231 450 1440 0 8164 10054 1013 
87 791 1 5.42257 791 355.464 0.207231 461 1462 0 8922 10845 1028 
88 794 1 5.36835 794 339.059 0.208017 466 1484 0 9372 11322 1043 
89 797 1 5.31466 797 337.163 0.208803 470 1506 0 9824 11800 1058 
90 797 1 5.26152 797 332.5 0.208803 472 1528 0 10440 12440 1073 
91 797 1 5.2089 797 332.5 0.208803 485 1550 0 10803 12838 1088 
92 842 1 5.15681 842 369.449 0.220592 491 1572 0 13085 15148 1103 
93 922 1 5.10524 922 364.851 0.241551 509 1594 0 14009 16112 1118 
94 922 1 5.05419 922 364.851 0.241551 513 1616 0 15671 17800 1133 
95 931 1 5.00365 931 385.247 0.243909 519 1638 0 16920 19077 1148 
96 949 1 4.95361 949 395.37 0.248625 534 1660 0 20915 23109 1163 
97 949 1 4.90408 949 335.893 0.248625 549 1682 0 23104 25335 1178 
98 949 1 4.85503 949 335.893 0.248625 560 1704 0 26880 29144 1193 
99 971 1 4.80648 971 390.801 0.254388 565 1726 0 30843 33134 1208 
100 971 1 4.75842 971 366.396 0.254388 565 1748 0 41437 43750 1224 
101 971 1 4.71084 971 366.396 0.254388 574 1770 0 62031 64375 1240 
102 1070 1 4.66373 1070 395.938 0.280325 599 1792 0 79674 82065 1256 
103 1128 1 4.61709 1128 365.333 0.29552 611 1814 0 100188 102613 1272 
104 1151 1 4.57092 1151 379.288 0.301546 617 1836 0 134175 136628 1288 
105 1151 1 4.52521 1151 378.332 0.301546 628 1858 0 150558 153044 1304 
106 1151 1 4.47996 1151 378.332 0.301546 628 1880 0 211030 213538 1320 
107 1151 1 4.43516 1151 352.959 0.301546 637 1897 0 220728 223262 1336 
108 1151 1 4.39081 1151 352.959 0.301546 639 1914 0 249752 252305 1352 
109 1155 1 4.3469 1155 382.615 0.302594 640 1931 0 267057 269628 1368 
110 1159 1 4.30343 1159 378.016 0.303642 641 1948 0 291080 293669 1384 
111 1232 1 4.2604 1232 378.676 0.322767 663 1965 0 320402 323030 1400 
112 1232 1 4.21779 1232 378.676 0.322767 663 1982 0 437394 440039 1416 
113 1242 1 4.17561 1242 379.044 0.325386 665 1999 0 730920 733584 1432 
114 1251 1 4.13386 1251 372.713 0.327744 668 2016 0 862620 865304 1448 
115 1254 1 4.09252 1254 355.815 0.32853 689 2033 0 1218944 1221666 1464 
116 1255 1 4.05159 1255 373.896 0.328792 690 2050 0 1658616 1661356 1480 
