1 4 0.01 2.97 4 0 0.00104794 0 14 0 0 14 0 
6 77 0.0585198 2.82444 61 8.53038 0.0159811 20 84 0 0 104 15 
26 279 0.229957 2.31013 168 31.58 0.0440136 129 409 0 2 540 203 
46 463 0.370176 1.88947 229 36.5838 0.0599948 216 744 0 8 968 447 
56 541 0.430399 1.7088 268 68.7107 0.0702122 281 884 0 16 1181 580 
63 593 0.469094 1.59272 325 85.8342 0.0851454 311 982 0 26 1319 678 
70 646 0.505161 1.48452 365 101.442 0.0956248 341 1088 0 37 1466 776 
74 700 0.52466 1.42602 401 99.9573 0.105056 376 1176 0 49 1601 833 
79 746 0.547956 1.35613 435 97.0777 0.113964 412 1286 0 62 1760 908 
81 784 0.556952 1.32914 455 100.9 0.119204 439 1330 0 84 1853 938 
86 791 0.578666 1.264 473 96.3547 0.123919 450 1440 0 110 2000 1013 
90 797 0.595268 1.2142 486 94.7509 0.127325 472 1528 0 133 2133 1073 
92 842 0.603322 1.19003 528 98.83 0.138329 491 1572 0 174 2237 1103 
93 922 0.607289 1.17813 575 93.0853 0.150642 509 1594 0 208 2311 1118 
96 949 0.618953 1.14314 600 97.0923 0.157192 534 1660 0 239 2433 1163 
99 971 0.63027 1.10919 625 98.0911 0.163741 565 1726 0 290 2581 1208 
102 1070 0.641252 1.07624 690 95.7129 0.18077 599 1792 0 361 2752 1256 
103 1128 0.644839 1.06548 745 102.942 0.195179 611 1814 0 498 2923 1272 
104 1151 0.648391 1.05483 763 103.454 0.199895 617 1836 0 618 3071 1288 
109 1155 0.665623 1.00313 770 100.329 0.201729 640 1931 0 771 3342 1368 
110 1159 0.668967 0.993099 778 105.796 0.203825 641 1948 0 1083 3672 1384 
111 1232 0.672277 0.983168 835 95.6382 0.218758 663 1965 0 1247 3875 1400 
113 1242 0.678799 0.963603 845 103.653 0.221378 665 1999 0 2263 4927 1432 
114 1251 0.682011 0.953967 859 104.882 0.225046 668 2016 0 3856 6540 1448 
115 1254 0.685191 0.944428 861 107.016 0.22557 689 2033 0 5754 8476 1464 
116 1255 0.688339 0.934983 870 103.27 0.227928 690 2050 0 7015 9755 1480 
117 1265 0.691455 0.925633 878 109.657 0.230024 696 2067 0 8950 11713 1496 
118 1272 0.694541 0.916377 884 106.647 0.231595 699 2084 0 12478 15261 1512 
119 1278 0.697595 0.907213 894 108.151 0.234215 703 2101 0 19566 22370 1528 
120 1296 0.700619 0.898141 911 113.285 0.238669 709 2118 0 27144 29971 1544 
121 1296 0.703613 0.88916 925 110.573 0.242337 715 2135 0 34978 37828 1560 
123 1305 0.709511 0.871466 936 114.036 0.245219 726 2169 0 53706 56601 1592 
126 1307 0.718139 0.845582 945 115.286 0.247577 759 2220 0 103528 106507 1640 
128 1322 0.723748 0.828755 961 120.439 0.251768 764 2254 0 192104 195122 1672 
130 1333 0.729246 0.812263 978 120.65 0.256222 788 2288 0 308670 311746 1704 
132 1342 0.734634 0.796099 991 126.017 0.259628 802 2322 0 1180486 1183610 1736 
