1 4 1 6 4 0 0.00104794 0 14 0 0 14 0 
2 7 1 6 7 3 0.0018339 0 28 0 0 28 1 
3 54 1 6 54 7.28892 0.0141472 9 42 0 0 51 3 
4 64 1 6 64 10.2889 0.0167671 14 56 0 0 70 6 
5 66 1 6 66 13.2889 0.0172911 15 70 0 0 85 10 
6 77 1 6 77 16.2889 0.0201729 20 84 0 0 104 15 
7 77 1 6 77 16.2889 0.0201729 20 98 0 0 118 21 
8 93 1 6 93 20.6207 0.0243647 32 112 0 0 144 28 
9 103 1 6 103 33.338 0.0269845 40 126 0 0 166 36 
10 112 1 6 112 39.338 0.0293424 48 140 0 0 188 44 
11 134 1 6 134 42.7487 0.0351061 55 154 0 0 209 52 
12 140 1 6 140 60.0994 0.036678 56 168 0 0 224 61 
13 141 1 6 141 65.635 0.03694 57 182 0 0 239 70 
14 141 1 6 141 65.635 0.03694 64 196 0 0 260 79 
15 149 1 6 149 67.5955 0.0390359 72 210 0 0 282 88 
16 161 1 6 161 57.4898 0.0421797 82 224 0 0 306 98 
17 161 1 6 161 57.4898 0.0421797 83 238 0 0 321 108 
18 163 1 6 163 60.4898 0.0427037 84 257 0 0 341 118 
19 226 1 6 226 72.6583 0.0592088 99 276 0 0 375 128 
20 230 1 6 230 70.8139 0.0602567 103 295 0 1 399 138 
21 230 1 6 230 70.8139 0.0602567 111 314 0 2 427 148 
22 231 1 6 231 76.7967 0.0605187 111 333 0 3 447 159 
23 253 1 6 253 90.6429 0.0662824 124 352 0 4 480 170 
24 267 1 6 267 93.6429 0.0699502 127 371 0 5 503 181 
25 270 1 6 270 90.0793 0.0707362 127 390 0 6 523 192 
26 279 1 6 279 93.0793 0.0730941 129 409 0 7 545 203 
27 279 1 6 279 93.0793 0.0730941 129 428 0 8 565 214 
28 308 1 6 308 129.423 0.0806916 142 447 0 10 599 225 
29 308 1 6 308 129.423 0.0806916 146 466 0 12 624 236 
30 330 1 6 330 103.153 0.0864553 153 485 0 15 653 248 
31 361 1 6 361 112.434 0.0945769 164 504 0 18 686 260 
32 377 1 6 377 133.974 0.0987687 167 523 0 22 712 272 
33 381 1 6 381 140.787 0.0998166 168 542 0 29 739 284 
34 381 1 6 381 140.787 0.0998166 170 561 0 35 766 296 
35 381 1 6 381 140.787 0.0998166 179 580 0 41 800 308 
36 382 1 6 382 168.772 0.100079 181 599 0 48 828 320 
37 387 1 6 387 147.228 0.101389 189 618 0 56 863 332 
38 389 1 6 389 189.716 0.101912 189 632 0 62 883 344 
39 400 1 6 400 212.219 0.104794 191 646 0 69 906 356 
40 410 1 6 410 207.39 0.107414 194 660 0 77 931 369 
41 448 1 6 448 210.39 0.11737 203 674 0 86 963 382 
42 449 1 6 449 213.39 0.117632 209 688 0 96 993 395 
43 449 1 6 449 213.39 0.117632 212 702 0 109 1023 408 
44 449 1 6 449 212.391 0.117632 212 716 0 119 1047 421 
45 459 1 6 459 260.742 0.120252 214 730 0 130 1074 434 
46 463 1 6 463 262.354 0.121299 216 744 0 140 1100 447 
47 467 1 6 467 225.102 0.122347 217 758 0 153 1128 460 
48 480 1 6 480 293.832 0.125753 220 772 0 181 1173 473 
49 482 1 6 482 251.947 0.126277 235 786 0 206 1227 486 
50 482 1 6 482 251.947 0.126277 242 800 0 228 1270 499 
51 489 1 6 489 281.964 0.128111 253 814 0 253 1320 512 
52 489 1 6 489 250.689 0.128111 255 828 0 304 1387 525 
53 491 1 6 491 290.601 0.128635 266 842 0 356 1464 538 
54 509 1 6 509 343.695 0.133351 271 856 0 426 1553 552 
55 529 1 6 529 322.322 0.138591 278 870 0 508 1656 566 
56 541 1 6 541 294.665 0.141734 281 884 0 590 1755 580 
57 544 1 6 544 323.827 0.14252 282 898 0 675 1855 594 
58 550 1 6 550 340.949 0.144092 283 912 0 769 1964 608 
59 552 1 6 552 348.875 0.144616 288 926 0 884 2098 622 
60 552 1 6 552 327.962 0.144616 290 940 0 1020 2250 636 
61 552 1 6 552 327.962 0.144616 290 954 0 1136 2380 650 
62 568 1 6 568 355.814 0.148808 304 968 0 1274 2546 664 
63 593 1 6 593 369.384 0.155358 311 982 0 1434 2727 678 
64 602 1 6 602 336.757 0.157715 316 996 0 1622 2934 692 
65 607 1 6 607 305.999 0.159025 318 1010 0 1748 3076 706 
66 607 1 6 607 301.05 0.159025 318 1024 0 1866 3208 720 
67 607 1 6 607 301.05 0.159025 319 1038 0 1992 3349 734 
68 634 1 6 634 385.931 0.166099 324 1052 0 2113 3489 748 
69 634 1 6 634 327.619 0.166099 330 1066 0 2207 3603 762 
70 646 1 6 646 378.896 0.169243 341 1088 0 2344 3773 776 
71 656 1 6 656 383.332 0.171863 350 1110 0 2557 4017 790 
72 657 1 6 657 386.399 0.172125 357 1132 0 2669 4158 804 
73 700 1 6 700 402.816 0.18339 371 1154 0 2797 4322 818 
74 700 1 6 700 346.665 0.18339 376 1176 0 2956 4508 833 
75 709 1 6 709 410.091 0.185748 386 1198 0 3094 4678 848 
76 709 1 6 709 366.481 0.185748 391 1220 0 3218 4829 863 
77 709 1 6 709 366.481 0.185748 394 1242 0 3341 4977 878 
78 710 1 6 710 359.609 0.18601 395 1264 0 3474 5133 893 
79 746 1 6 746 389.365 0.195441 412 1286 0 3669 5367 908 
80 746 1 6 746 373.501 0.195441 428 1308 0 3904 5640 923 
81 784 1 6 784 404.099 0.205397 439 1330 0 4133 5902 938 
82 787 1 6 787 344.513 0.206183 443 1352 0 4368 6163 953 
83 788 1 6 788 331.277 0.206445 443 1374 0 4712 6529 968 
84 788 1 6 788 331.277 0.206445 446 1396 0 5061 6903 983 
85 790 1 6 790 345.213 0.206969 447 1418 0 5329 7194 998 
86 791 1 6 791 362.585 0.207231 450 1440 0 5602 7492 1013 
87 791 1 6 791 362.585 0.207231 461 1462 0 5851 7774 1028 
88 794 1 6 794 380.398 0.208017 466 1484 0 6111 8061 1043 
89 797 1 6 797 371.812 0.208803 470 1506 0 6459 8435 1058 
90 797 1 6 797 369.962 0.208803 472 1528 0 6693 8693 1073 
91 797 1 6 797 369.962 0.208803 485 1550 0 7011 9046 1088 
92 842 1 6 842 375.476 0.220592 491 1572 0 7311 9374 1103 
93 922 1 6 922 416.396 0.241551 509 1594 0 7785 9888 1118 
94 922 1 6 922 401.501 0.241551 513 1616 0 8204 10333 1133 
95 931 1 6 931 396.333 0.243909 519 1638 0 8561 10718 1148 
96 949 1 6 949 416.817 0.248625 534 1660 0 9436 11630 1163 
97 949 1 6 949 415.955 0.248625 549 1682 0 10266 12497 1178 
98 949 1 6 949 380.608 0.248625 560 1704 0 10793 13057 1193 
99 971 1 6 971 414.031 0.254388 565 1726 0 12124 14415 1208 
100 971 1 6 971 414.031 0.254388 565 1748 0 13356 15669 1224 
101 971 1 6 971 414.031 0.254388 574 1770 0 14588 16932 1240 
102 1070 1 6 1070 428.937 0.280325 599 1792 0 15852 18243 1256 
103 1128 1 6 1128 439.418 0.29552 611 1814 0 17580 20005 1272 
104 1151 1 6 1151 415.165 0.301546 617 1836 0 19015 21468 1288 
105 1151 1 6 1151 415.165 0.301546 628 1858 0 20492 22978 1304 
106 1151 1 6 1151 415.165 0.301546 628 1880 0 21302 23810 1320 
107 1151 1 6 1151 415.165 0.301546 637 1897 0 23995 26529 1336 
108 1151 1 6 1151 415.165 0.301546 639 1914 0 29279 31832 1352 
109 1155 1 6 1155 413.174 0.302594 640 1931 0 30153 32724 1368 
110 1159 1 6 1159 422.878 0.303642 641 1948 0 31107 33696 1384 
111 1232 1 6 1232 421.324 0.322767 663 1965 0 34254 36882 1400 
112 1232 1 6 1232 421.324 0.322767 663 1982 0 38670 41315 1416 
113 1242 1 6 1242 426.486 0.325386 665 1999 0 45335 47999 1432 
114 1251 1 6 1251 472.736 0.327744 668 2016 0 49528 52212 1448 
115 1254 1 6 1254 459.087 0.32853 689 2033 0 54088 56810 1464 
116 1255 1 6 1255 467.163 0.328792 690 2050 0 59901 62641 1480 
117 1265 1 6 1265 466.204 0.331412 696 2067 0 72195 74958 1496 
118 1272 1 6 1272 483.155 0.333246 699 2084 0 86083 88866 1512 
119 1278 1 6 1278 474.933 0.334818 703 2101 0 91906 94710 1528 
120 1296 1 6 1296 465.954 0.339534 709 2118 0 107944 110771 1544 
121 1296 1 6 1296 449.844 0.339534 715 2135 0 111025 113875 1560 
122 1300 1 6 1300 497.476 0.340582 724 2152 0 142067 144943 1576 
123 1305 1 6 1305 467.962 0.341892 726 2169 0 166379 169274 1592 
124 1306 1 6 1306 516.763 0.342154 729 2186 0 235179 238094 1608 
125 1307 1 6 1307 496.727 0.342416 756 2203 0 352908 355867 1624 
126 1307 1 6 1307 470.661 0.342416 759 2220 0 461117 464096 1640 
127 1307 1 6 1307 470.661 0.342416 761 2237 0 544937 547935 1656 
128 1322 1 6 1322 472.492 0.346345 764 2254 0 590417 593435 1672 
129 1322 1 6 1322 472.492 0.346345 777 2271 0 697853 700901 1688 
130 1333 1 6 1333 536.523 0.349227 788 2288 0 891583 894659 1704 
131 1335 1 6 1335 502.917 0.349751 798 2305 0 1059524 1062627 1720 
132 1342 1 6 1342 520.987 0.351585 802 2322 0 1292079 1295203 1736 
133 1350 1 6 1350 508.26 0.353681 806 2339 0 1499006 1502151 1752 
134 1352 1 6 1352 505.796 0.354205 810 2356 0 1657810 1660976 1768 
