1 4 1 19 4 0 0.00104794 0 14 0 0 14 0 
2 7 1 19 7 3 0.0018339 0 28 0 0 28 1 
3 54 1 19 54 7.28892 0.0141472 9 42 0 0 51 3 
4 64 1 19 64 10.2889 0.0167671 14 56 0 0 70 6 
5 66 1 19 66 13.2889 0.0172911 15 70 0 0 85 10 
6 77 1 19 77 16.2889 0.0201729 20 84 0 0 104 15 
7 77 1 19 77 16.2889 0.0201729 20 98 0 0 118 21 
8 93 1 19 93 20.6207 0.0243647 32 112 0 0 144 28 
9 103 1 19 103 33.338 0.0269845 40 126 0 0 166 36 
10 112 1 19 112 39.338 0.0293424 48 140 0 0 188 44 
11 134 1 19 134 42.7487 0.0351061 55 154 0 0 209 52 
12 140 1 19 140 60.0994 0.036678 56 168 0 0 224 61 
13 141 1 19 141 65.635 0.03694 57 182 0 0 239 70 
14 141 1 19 141 65.635 0.03694 64 196 0 0 260 79 
15 149 1 19 149 67.5955 0.0390359 72 210 0 0 282 88 
16 161 1 19 161 57.4898 0.0421797 82 224 0 0 306 98 
17 161 1 19 161 57.4898 0.0421797 83 238 0 0 321 108 
18 163 1 19 163 60.4898 0.0427037 84 257 0 0 341 118 
19 226 1 19 226 72.6583 0.0592088 99 276 0 0 375 128 
20 230 1 19 230 70.8139 0.0602567 103 295 0 1 399 138 
21 230 1 19 230 70.8139 0.0602567 111 314 0 2 427 148 
22 231 1 19 231 76.7967 0.0605187 111 333 0 3 447 159 
23 253 1 19 253 90.6429 0.0662824 124 352 0 4 480 170 
24 267 1 19 267 93.6429 0.0699502 127 371 0 6 504 181 
25 270 1 19 270 90.0793 0.0707362 127 390 0 7 524 192 
26 279 1 19 279 93.0793 0.0730941 129 409 0 8 546 203 
27 279 1 19 279 93.0793 0.0730941 129 428 0 9 566 214 
28 308 1 19 308 129.423 0.0806916 142 447 0 11 600 225 
29 308 1 19 308 129.423 0.0806916 146 466 0 13 625 236 
30 330 1 19 330 103.153 0.0864553 153 485 0 16 654 248 
31 361 1 19 361 112.434 0.0945769 164 504 0 18 686 260 
32 377 1 19 377 133.974 0.0987687 167 523 0 22 712 272 
33 381 1 19 381 140.787 0.0998166 168 542 0 28 738 284 
34 381 1 19 381 140.787 0.0998166 170 561 0 34 765 296 
35 381 1 19 381 140.787 0.0998166 179 580 0 40 799 308 
36 382 1 19 382 168.772 0.100079 181 599 0 47 827 320 
37 387 1 19 387 147.228 0.101389 189 618 0 56 863 332 
38 389 1 19 389 189.716 0.101912 189 632 0 62 883 344 
39 400 1 19 400 212.219 0.104794 191 646 0 70 907 356 
40 410 1 19 410 207.39 0.107414 194 660 0 78 932 369 
41 448 1 19 448 210.39 0.11737 203 674 0 87 964 382 
42 449 1 19 449 213.39 0.117632 209 688 0 97 994 395 
43 449 1 19 449 213.39 0.117632 212 702 0 111 1025 408 
44 449 1 19 449 212.391 0.117632 212 716 0 121 1049 421 
45 459 1 19 459 260.742 0.120252 214 730 0 132 1076 434 
46 463 1 19 463 262.354 0.121299 216 744 0 142 1102 447 
47 467 1 19 467 225.102 0.122347 217 758 0 155 1130 460 
48 480 1 19 480 293.832 0.125753 220 772 0 183 1175 473 
49 482 1 19 482 251.947 0.126277 235 786 0 208 1229 486 
50 482 1 19 482 251.947 0.126277 242 800 0 230 1272 499 
51 489 1 19 489 281.964 0.128111 253 814 0 255 1322 512 
52 489 1 19 489 250.689 0.128111 255 828 0 306 1389 525 
53 491 1 19 491 290.601 0.128635 266 842 0 358 1466 538 
54 509 1 19 509 304.867 0.133351 271 856 0 377 1504 552 
55 529 1 19 529 312.627 0.138591 278 870 0 437 1585 566 
56 541 1 19 541 325.584 0.141734 281 884 0 516 1681 580 
57 544 1 19 544 323.827 0.14252 282 898 0 622 1802 594 
58 550 1 19 550 349.215 0.144092 283 912 0 722 1917 608 
59 552 1 19 552 359.305 0.144616 288 926 0 831 2045 622 
60 552 1 19 552 359.305 0.144616 290 940 0 941 2171 636 
61 552 1 19 552 358.603 0.144616 290 954 0 1053 2297 650 
62 568 1 19 568 341.494 0.148808 304 968 0 1189 2461 664 
63 593 1 19 593 392.201 0.155358 311 982 0 1334 2627 678 
64 602 1 19 602 389.936 0.157715 316 996 0 1522 2834 692 
65 607 1 19 607 300.021 0.159025 318 1010 0 1645 2973 706 
66 607 1 19 607 300.021 0.159025 318 1024 0 1759 3101 720 
67 607 1 19 607 300.021 0.159025 319 1038 0 1862 3219 734 
68 634 1 19 634 334.783 0.166099 324 1052 0 1962 3338 748 
69 634 1 19 634 334.783 0.166099 330 1066 0 2080 3476 762 
70 646 1 19 646 356.712 0.169243 341 1088 0 2203 3632 776 
71 656 1 19 656 334.686 0.171863 350 1110 0 2282 3742 790 
72 657 1 19 657 346.144 0.172125 357 1132 0 2443 3932 804 
73 700 1 19 700 423.14 0.18339 371 1154 0 2583 4108 818 
74 700 1 19 700 421.909 0.18339 376 1176 0 2720 4272 833 
75 709 1 19 709 417.206 0.185748 386 1198 0 2935 4519 848 
76 709 1 19 709 332.813 0.185748 391 1220 0 3087 4698 863 
77 709 1 19 709 332.813 0.185748 394 1242 0 3246 4882 878 
78 710 1 19 710 356.705 0.18601 395 1264 0 3473 5132 893 
79 746 1 19 746 400.903 0.195441 412 1286 0 3565 5263 908 
80 746 1 19 746 372.297 0.195441 428 1308 0 3758 5494 923 
81 784 1 19 784 394.388 0.205397 439 1330 0 3922 5691 938 
82 787 1 19 787 377.577 0.206183 443 1352 0 4031 5826 953 
83 788 1 19 788 412.167 0.206445 443 1374 0 4109 5926 968 
84 788 1 19 788 378.749 0.206445 446 1396 0 4210 6052 983 
85 790 1 19 790 368.13 0.206969 447 1418 0 4470 6335 998 
86 791 1 19 791 409.986 0.207231 450 1440 0 4713 6603 1013 
87 791 1 19 791 409.986 0.207231 461 1462 0 4806 6729 1028 
88 794 1 19 794 434.984 0.208017 466 1484 0 4841 6791 1043 
89 797 1 19 797 413.964 0.208803 470 1506 0 4878 6854 1058 
90 797 1 19 797 413.964 0.208803 472 1528 0 4916 6916 1073 
91 797 1 19 797 413.964 0.208803 485 1550 0 4944 6979 1088 
92 842 1 19 842 526.011 0.220592 491 1572 0 5059 7122 1103 
93 922 1 19 922 468.346 0.241551 509 1594 0 5105 7208 1118 
94 922 1 19 922 434.82 0.241551 513 1616 0 5148 7277 1133 
95 931 1 19 931 515.838 0.243909 519 1638 0 5397 7554 1148 
96 949 1 19 949 434.109 0.248625 534 1660 0 5480 7674 1163 
97 949 1 19 949 434.109 0.248625 549 1682 0 5530 7761 1178 
98 949 1 19 949 434.109 0.248625 560 1704 0 5667 7931 1193 
99 971 1 19 971 490.662 0.254388 565 1726 0 5916 8207 1208 
100 971 1 19 971 490.662 0.254388 565 1748 0 6488 8801 1224 
101 971 1 19 971 490.662 0.254388 574 1770 0 7158 9502 1240 
102 1070 1 19 1070 523.046 0.280325 599 1792 0 8132 10523 1256 
103 1128 1 19 1128 478.625 0.29552 611 1814 0 8397 10822 1272 
104 1151 1 19 1151 524.409 0.301546 617 1836 0 8993 11446 1288 
105 1151 1 19 1151 477.115 0.301546 628 1858 0 9219 11705 1304 
106 1151 1 19 1151 477.115 0.301546 628 1880 0 9467 11975 1320 
107 1151 1 19 1151 477.115 0.301546 637 1897 0 9744 12278 1336 
108 1151 1 19 1151 477.115 0.301546 639 1914 0 11075 13628 1352 
109 1155 1 19 1155 518.222 0.302594 640 1931 0 12057 14628 1368 
110 1159 1 19 1159 610.5 0.303642 641 1948 0 12311 14900 1384 
111 1232 1 19 1232 528.994 0.322767 663 1965 0 13284 15912 1400 
112 1232 1 19 1232 528.994 0.322767 663 1982 0 13626 16271 1416 
113 1242 1 19 1242 545.425 0.325386 665 1999 0 14202 16866 1432 
114 1251 1 19 1251 496.805 0.327744 668 2016 0 14897 17581 1448 
115 1254 1 19 1254 552.48 0.32853 689 2033 0 17441 20163 1464 
116 1255 1 19 1255 599.026 0.328792 690 2050 0 17939 20679 1480 
117 1265 1 19 1265 586.921 0.331412 696 2067 0 19328 22091 1496 
118 1272 1 19 1272 581.302 0.333246 699 2084 0 21255 24038 1512 
119 1278 1 19 1278 620.054 0.334818 703 2101 0 23621 26425 1528 
120 1296 1 19 1296 658.463 0.339534 709 2118 0 25486 28313 1544 
121 1296 1 19 1296 575.249 0.339534 715 2135 0 26334 29184 1560 
122 1300 1 19 1300 590.353 0.340582 724 2152 0 31082 33958 1576 
123 1305 1 19 1305 658.336 0.341892 726 2169 0 33793 36688 1592 
124 1306 1 19 1306 707.489 0.342154 729 2186 0 36288 39203 1608 
125 1307 1 19 1307 768.079 0.342416 756 2203 0 39285 42244 1624 
126 1307 1 19 1307 669.209 0.342416 759 2220 0 39996 42975 1640 
127 1307 1 19 1307 619.533 0.342416 761 2237 0 41119 44117 1656 
128 1322 1 19 1322 678.736 0.346345 764 2254 0 43000 46018 1672 
129 1322 1 19 1322 678.736 0.346345 777 2271 0 43924 46972 1688 
130 1333 1 19 1333 680.412 0.349227 788 2288 0 49036 52112 1704 
131 1335 1 19 1335 566.577 0.349751 798 2305 0 49661 52764 1720 
132 1342 1 19 1342 635.697 0.351585 802 2322 0 50318 53442 1736 
133 1350 1 19 1350 643.345 0.353681 806 2339 0 50901 54046 1752 
134 1352 1 19 1352 682.208 0.354205 810 2356 0 52331 55497 1768 
135 1352 1 19 1352 601.026 0.354205 810 2373 0 53378 56561 1785 
136 1362 1 19 1362 603.286 0.356825 812 2390 0 55563 58765 1802 
137 1377 1 19 1377 652.915 0.360755 815 2407 0 56543 59765 1819 
138 1384 1 19 1384 769.937 0.362588 825 2424 0 61095 64344 1836 
139 1385 1 19 1385 590.807 0.36285 833 2441 0 64018 67292 1853 
140 1385 1 19 1385 590.807 0.36285 834 2466 0 70252 73552 1870 
141 1386 1 19 1386 808.028 0.363112 839 2491 0 76720 80050 1887 
142 1386 1 19 1386 644.473 0.363112 842 2516 0 80363 83721 1904 
143 1386 1 19 1386 635.353 0.363112 842 2541 0 83863 87246 1921 
144 1416 1 19 1416 695.752 0.370972 852 2566 0 87230 90648 1938 
145 1416 1 19 1416 695.752 0.370972 852 2591 0 91318 94761 1955 
146 1496 1 19 1496 726.581 0.391931 876 2616 0 93417 96909 1972 
147 1529 1 19 1529 606.711 0.400576 907 2641 0 94735 98283 1989 
148 1546 1 19 1546 790.54 0.40503 911 2666 0 100803 104380 2006 
149 1556 1 19 1556 651.026 0.40765 917 2691 0 102186 105794 2023 
150 1563 1 19 1563 710.422 0.409484 923 2716 0 105264 108903 2040 
151 1566 1 19 1566 712.615 0.41027 927 2741 0 107293 110961 2057 
152 1567 1 19 1567 781.558 0.410532 932 2766 0 121515 125213 2074 
153 1567 1 19 1567 750.944 0.410532 934 2791 0 132084 135809 2091 
154 1567 1 19 1567 714.148 0.410532 966 2816 0 150605 154387 2108 
155 1567 1 19 1567 714.148 0.410532 967 2841 0 153301 157109 2125 
156 1574 1 19 1574 697.662 0.412366 973 2866 0 156059 159898 2142 
157 1585 1 19 1585 733.614 0.415248 979 2891 0 160132 164002 2159 
158 1589 1 19 1589 708.395 0.416296 981 2916 0 164346 168243 2176 
159 1590 1 19 1590 786.556 0.416558 992 2941 0 167039 170972 2193 
160 1591 1 19 1591 804.337 0.416819 993 2966 0 189722 193681 2210 
161 1595 1 19 1595 774.573 0.417867 997 2991 0 190803 194791 2227 
162 1596 1 19 1596 760.393 0.418129 997 3016 0 198584 202597 2244 
163 1599 1 19 1599 763.312 0.418915 998 3041 0 202244 206283 2261 
164 1599 1 19 1599 763.312 0.418915 998 3066 0 208690 212754 2278 
165 1620 1 19 1620 780.797 0.424417 1007 3091 0 213361 217459 2295 
166 1687 1 19 1687 768.914 0.44197 1023 3116 0 216192 220331 2312 
167 1687 1 19 1687 756.092 0.44197 1024 3141 0 232700 236865 2329 
168 1687 1 19 1687 756.092 0.44197 1025 3166 0 242987 247178 2346 
169 1687 1 19 1687 756.092 0.44197 1026 3191 0 256068 260285 2363 
170 1731 1 19 1731 733.572 0.453497 1040 3216 0 263694 267950 2380 
171 1768 1 19 1768 700.574 0.463191 1060 3241 0 273424 277725 2397 
172 1768 1 19 1768 700.574 0.463191 1074 3266 0 277665 282005 2414 
173 1768 1 19 1768 700.574 0.463191 1075 3291 0 289318 293684 2431 
174 1768 1 19 1768 654.696 0.463191 1075 3315 0 303947 308337 2448 
175 1770 1 19 1770 819.447 0.463715 1078 3339 0 317473 321890 2465 
176 1771 1 19 1771 743.931 0.463977 1082 3363 0 319994 324439 2482 
177 1774 1 19 1774 841.43 0.464763 1091 3387 0 323427 327905 2499 
178 1784 1 19 1784 742.274 0.467383 1106 3411 0 330840 335357 2516 
179 1788 1 19 1788 926.83 0.468431 1116 3435 0 337358 341909 2533 
180 1791 1 19 1791 895.057 0.469217 1121 3459 0 349943 354523 2550 
181 1808 1 19 1808 808.927 0.47367 1129 3483 0 355717 360329 2567 
182 1808 1 19 1808 808.927 0.47367 1133 3507 0 368107 372747 2584 
183 1814 1 19 1814 880.573 0.475242 1142 3531 0 383905 388578 2601 
184 1816 1 19 1816 752.158 0.475766 1145 3555 0 387824 392524 2619 
185 1823 1 19 1823 726.97 0.4776 1151 3579 0 426837 431567 2637 
186 1823 1 19 1823 726.97 0.4776 1160 3603 0 443716 448479 2655 
187 1823 1 19 1823 726.97 0.4776 1164 3627 0 464433 469224 2673 
188 1823 1 19 1823 721.716 0.4776 1167 3651 0 483323 488141 2691 
189 1823 1 19 1823 721.716 0.4776 1170 3675 0 491785 496630 2709 
190 1823 1 19 1823 721.716 0.4776 1177 3699 0 555835 560711 2727 
191 1823 1 19 1823 721.716 0.4776 1179 3723 0 570242 575144 2745 
192 1836 1 19 1836 864.988 0.481006 1211 3747 0 633809 638767 2763 
193 1836 1 19 1836 770.338 0.481006 1245 3771 0 650506 655522 2781 
194 1839 1 19 1839 861.87 0.481792 1257 3795 0 660992 666044 2799 
195 1839 1 19 1839 861.87 0.481792 1259 3819 0 669093 674171 2817 
196 1850 1 19 1850 923.399 0.484674 1268 3843 0 676016 681127 2835 
197 1850 1 19 1850 908.256 0.484674 1278 3867 0 685634 690779 2853 
198 1851 1 19 1851 868.916 0.484936 1287 3891 0 693207 698385 2871 
199 1851 1 19 1851 840.879 0.484936 1287 3915 0 734760 739962 2889 
200 1854 1 19 1854 859.676 0.485722 1290 3939 0 740026 745255 2907 
201 1855 1 19 1855 939.068 0.485984 1303 3963 0 752244 757510 2925 
202 1855 1 19 1855 863.244 0.485984 1307 3987 0 761507 766801 2943 
203 1855 1 19 1855 863.244 0.485984 1310 4011 0 797916 803237 2961 
204 1855 1 19 1855 854.815 0.485984 1310 4035 0 805139 810484 2979 
205 1855 1 19 1855 854.815 0.485984 1318 4059 0 822204 827581 2997 
206 1855 1 19 1855 854.815 0.485984 1330 4083 0 896828 902241 3015 
207 1855 1 19 1855 854.815 0.485984 1330 4107 0 907315 912752 3033 
208 1856 1 19 1856 853.141 0.486246 1339 4126 0 936181 941646 3051 
209 1856 1 19 1856 853.141 0.486246 1340 4145 0 976910 982395 3069 
210 1857 1 19 1857 812.847 0.486508 1344 4164 0 1011555 1017063 3087 
211 1857 1 19 1857 812.847 0.486508 1346 4183 0 1045421 1050950 3105 
212 1857 1 19 1857 812.847 0.486508 1358 4202 0 1071080 1076640 3123 
213 1867 1 19 1867 952.29 0.489128 1365 4221 0 1094307 1099893 3141 
214 1871 1 19 1871 882.001 0.490176 1369 4240 0 1127992 1133601 3159 
215 1902 1 19 1902 987.861 0.498297 1383 4259 0 1163185 1168827 3177 
216 1902 1 19 1902 879.111 0.498297 1397 4278 0 1211395 1217070 3195 
217 1948 1 19 1948 969.703 0.510348 1414 4297 0 1242657 1248368 3213 
218 1948 1 19 1948 966.403 0.510348 1428 4316 0 1262074 1267818 3231 
219 1950 1 19 1950 952.017 0.510872 1460 4335 0 1338907 1344702 3249 
220 1950 1 19 1950 887.936 0.510872 1468 4354 0 1360510 1366332 3267 
221 1950 1 19 1950 878.142 0.510872 1469 4373 0 1368380 1374222 3285 
222 1950 1 19 1950 878.142 0.510872 1469 4392 0 1404016 1409877 3303 
223 1953 1 19 1953 904.376 0.511658 1470 4411 0 1430075 1435956 3321 
224 1953 1 19 1953 904.376 0.511658 1470 4430 0 1441282 1447182 3339 
225 1960 1 19 1960 929.897 0.513492 1475 4449 0 1477122 1483046 3357 
226 1972 1 19 1972 1100.3 0.516636 1479 4468 0 1513466 1519413 3375 
227 1972 1 19 1972 947.126 0.516636 1481 4487 0 1611613 1617581 3393 
228 1976 1 19 1976 839.494 0.517684 1488 4506 0 1661151 1667145 3411 
229 1976 1 19 1976 839.494 0.517684 1491 4525 0 1696097 1702113 3429 
230 1980 1 19 1980 886.451 0.518732 1498 4544 0 1710418 1716460 3447 
231 1980 1 19 1980 886.451 0.518732 1501 4563 0 1743892 1749956 3465 
232 1980 1 19 1980 886.451 0.518732 1507 4582 0 1757779 1763868 3483 
233 1987 1 19 1987 910.399 0.520566 1514 4601 0 1768934 1775049 3501 
234 1987 1 19 1987 910.399 0.520566 1543 4620 0 1784512 1790675 3519 
