1 4 1 8.91 4 0 0.00104794 0 14 0 0 14 0 
2 7 1 8.8209 7 3 0.0018339 0 28 0 0 28 1 
3 54 1 8.73269 54 7.28892 0.0141472 9 42 0 0 51 3 
4 64 1 8.64536 64 10.2889 0.0167671 14 56 0 0 70 6 
5 66 1 8.55891 66 13.2889 0.0172911 15 70 0 0 85 10 
6 77 1 8.47332 77 16.2889 0.0201729 20 84 0 0 104 15 
7 77 1 8.38859 77 16.2889 0.0201729 20 98 0 0 118 21 
8 93 1 8.3047 93 20.6207 0.0243647 32 112 0 0 144 28 
9 103 1 8.22165 103 33.338 0.0269845 40 126 0 0 166 36 
10 112 1 8.13944 112 39.338 0.0293424 48 140 0 0 188 44 
11 134 1 8.05804 134 42.7487 0.0351061 55 154 0 0 209 52 
12 140 1 7.97746 140 60.0994 0.036678 56 168 0 0 224 61 
13 141 1 7.89769 141 65.635 0.03694 57 182 0 0 239 70 
14 141 1 7.81871 141 65.635 0.03694 64 196 0 0 260 79 
15 149 1 7.74053 149 67.5955 0.0390359 72 210 0 0 282 88 
16 161 1 7.66312 161 57.4898 0.0421797 82 224 0 0 306 98 
17 161 1 7.58649 161 57.4898 0.0421797 83 238 0 0 321 108 
18 163 1 7.51062 163 60.4898 0.0427037 84 257 0 0 341 118 
19 226 1 7.43552 226 72.6583 0.0592088 99 276 0 0 375 128 
20 230 1 7.36116 230 70.8139 0.0602567 103 295 0 1 399 138 
21 230 1 7.28755 230 70.8139 0.0602567 111 314 0 2 427 148 
22 231 1 7.21468 231 76.7967 0.0605187 111 333 0 3 447 159 
23 253 1 7.14253 253 90.6429 0.0662824 124 352 0 4 480 170 
24 267 1 7.0711 267 93.6429 0.0699502 127 371 0 5 503 181 
25 270 1 7.00039 270 90.0793 0.0707362 127 390 0 6 523 192 
26 279 1 6.93039 279 93.0793 0.0730941 129 409 0 7 545 203 
27 279 1 6.86108 279 93.0793 0.0730941 129 428 0 9 566 214 
28 308 1 6.79247 308 129.423 0.0806916 142 447 0 11 600 225 
29 308 1 6.72455 308 129.423 0.0806916 146 466 0 13 625 236 
30 330 1 6.6573 330 103.153 0.0864553 153 485 0 15 653 248 
31 361 1 6.59073 361 112.434 0.0945769 164 504 0 17 685 260 
32 377 1 6.52482 377 133.974 0.0987687 167 523 0 24 714 272 
33 381 1 6.45957 381 140.787 0.0998166 168 542 0 30 740 284 
34 381 1 6.39498 381 140.787 0.0998166 170 561 0 39 770 296 
35 381 1 6.33103 381 140.787 0.0998166 179 580 0 45 804 308 
36 382 1 6.26772 382 168.772 0.100079 181 599 0 53 833 320 
37 387 1 6.20504 387 147.228 0.101389 189 618 0 61 868 332 
38 389 1 6.14299 389 189.716 0.101912 189 632 0 68 889 344 
39 400 1 6.08156 400 212.219 0.104794 191 646 0 75 912 356 
40 410 1 6.02075 410 207.39 0.107414 194 660 0 88 942 369 
41 448 1 5.96054 448 210.39 0.11737 203 674 0 97 974 382 
42 449 1 5.90093 449 213.39 0.117632 209 688 0 108 1005 395 
43 449 1 5.84192 449 213.39 0.117632 212 702 0 121 1035 408 
44 449 1 5.7835 449 212.391 0.117632 212 716 0 137 1065 421 
45 459 1 5.72567 459 260.742 0.120252 214 730 0 148 1092 434 
46 463 1 5.66841 463 262.354 0.121299 216 744 0 160 1120 447 
47 467 1 5.61173 467 225.102 0.122347 217 758 0 174 1149 460 
48 480 1 5.55561 480 265.873 0.125753 220 772 0 214 1206 473 
49 482 1 5.50005 482 318.004 0.126277 235 786 0 266 1287 486 
50 482 1 5.44505 482 284.93 0.126277 242 800 0 346 1388 499 
51 489 1 5.3906 489 339.293 0.128111 253 814 0 430 1497 512 
52 489 1 5.3367 489 338.327 0.128111 255 828 0 510 1593 525 
53 491 1 5.28333 491 338.555 0.128635 266 842 0 595 1703 538 
54 509 1 5.2305 509 259.886 0.133351 271 856 0 628 1755 552 
55 529 1 5.17819 529 267.575 0.138591 278 870 0 661 1809 566 
56 541 1 5.12641 541 264.907 0.141734 281 884 0 751 1916 580 
57 544 1 5.07515 544 288.471 0.14252 282 898 0 833 2013 594 
58 550 1 5.02439 550 289.961 0.144092 283 912 0 919 2114 608 
59 552 1 4.97415 552 296.893 0.144616 288 926 0 997 2211 622 
60 552 1 4.92441 552 280.389 0.144616 290 940 0 1076 2306 636 
61 552 1 4.87516 552 258.37 0.144616 290 954 0 1151 2395 650 
62 568 1 4.82641 568 317.843 0.148808 304 968 0 1272 2544 664 
63 593 1 4.77815 593 382.189 0.155358 311 982 0 1505 2798 678 
64 602 1 4.73037 602 290.322 0.157715 316 996 0 1599 2911 692 
65 607 1 4.68306 607 343.646 0.159025 318 1010 0 1720 3048 706 
66 607 1 4.63623 607 341.251 0.159025 318 1024 0 1901 3243 720 
67 607 1 4.58987 607 303.408 0.159025 319 1038 0 2072 3429 734 
68 634 1 4.54397 634 310.642 0.166099 324 1052 0 2291 3667 748 
69 634 1 4.49853 634 275.529 0.166099 330 1066 0 2379 3775 762 
70 646 1 4.45355 646 293.701 0.169243 341 1088 0 2638 4067 776 
71 656 1 4.40901 656 344.199 0.171863 350 1110 0 4080 5540 790 
72 657 1 4.36492 657 297.8 0.172125 357 1132 0 4478 5967 804 
73 700 1 4.32127 700 358.007 0.18339 371 1154 0 5144 6669 818 
74 700 1 4.27806 700 301.758 0.18339 376 1176 0 5708 7260 833 
75 709 1 4.23528 709 333.743 0.185748 386 1198 0 6352 7936 848 
76 709 1 4.19293 709 333.743 0.185748 391 1220 0 7333 8944 863 
77 709 1 4.151 709 333.743 0.185748 394 1242 0 8966 10602 878 
78 710 1 4.10949 710 304.993 0.18601 395 1264 0 11269 12928 893 
79 746 1 4.06839 746 339.193 0.195441 412 1286 0 13343 15041 908 
80 746 1 4.02771 746 319.987 0.195441 428 1308 0 14432 16168 923 
81 784 1 3.98743 784 308.84 0.205397 439 1330 0 16405 18174 938 
82 787 1 3.94756 787 303.423 0.206183 443 1352 0 18293 20088 953 
83 788 1 3.90808 788 312.375 0.206445 443 1374 0 20888 22705 968 
84 788 1 3.869 788 312.375 0.206445 446 1396 0 22634 24476 983 
85 790 1 3.83031 790 277.829 0.206969 447 1418 0 25248 27113 998 
86 791 1 3.79201 791 314.861 0.207231 450 1440 0 27867 29757 1013 
87 791 1 3.75409 791 294.704 0.207231 461 1462 0 34819 36742 1028 
88 794 1 3.71655 794 293.514 0.208017 466 1484 0 50258 52208 1043 
89 797 1 3.67938 797 293.969 0.208803 470 1506 0 67586 69562 1058 
90 797 1 3.64259 797 293.969 0.208803 472 1528 0 78231 80231 1073 
91 797 1 3.60616 797 293.969 0.208803 485 1550 0 92656 94691 1088 
92 842 1 3.5701 842 313.971 0.220592 491 1572 0 106787 108850 1103 
93 922 1 3.5344 922 322.422 0.241551 509 1594 0 120217 122320 1118 
94 922 1 3.49905 922 322.422 0.241551 513 1616 0 154418 156547 1133 
95 931 1 3.46406 931 311.353 0.243909 519 1638 0 268406 270563 1148 
96 949 1 3.42942 949 320.594 0.248625 534 1660 0 662181 664375 1163 
97 949 1 3.39513 949 320.594 0.248625 549 1682 0 788571 790802 1178 
98 949 1 3.36118 949 316.324 0.248625 560 1704 0 1242990 1245254 1193 
99 971 1 3.32757 971 319.555 0.254388 565 1726 0 1599201 1601492 1208 
