1 4 1 16.83 4 0 0.00104794 0 14 0 0 14 0 
2 7 1 16.6617 7 3 0.0018339 0 28 0 0 28 1 
3 54 1 16.4951 54 7.28892 0.0141472 9 42 0 0 51 3 
4 64 1 16.3301 64 10.2889 0.0167671 14 56 0 0 70 6 
5 66 1 16.1668 66 13.2889 0.0172911 15 70 0 0 85 10 
6 77 1 16.0052 77 16.2889 0.0201729 20 84 0 0 104 15 
7 77 1 15.8451 77 16.2889 0.0201729 20 98 0 0 118 21 
8 93 1 15.6867 93 20.6207 0.0243647 32 112 0 0 144 28 
9 103 1 15.5298 103 33.338 0.0269845 40 126 0 0 166 36 
10 112 1 15.3745 112 39.338 0.0293424 48 140 0 0 188 44 
11 134 1 15.2207 134 42.7487 0.0351061 55 154 0 0 209 52 
12 140 1 15.0685 140 60.0994 0.036678 56 168 0 0 224 61 
13 141 1 14.9179 141 65.635 0.03694 57 182 0 0 239 70 
14 141 1 14.7687 141 65.635 0.03694 64 196 0 0 260 79 
15 149 1 14.621 149 67.5955 0.0390359 72 210 0 0 282 88 
16 161 1 14.4748 161 57.4898 0.0421797 82 224 0 0 306 98 
17 161 1 14.33 161 57.4898 0.0421797 83 238 0 0 321 108 
18 163 1 14.1867 163 60.4898 0.0427037 84 257 0 0 341 118 
19 226 1 14.0449 226 72.6583 0.0592088 99 276 0 0 375 128 
20 230 1 13.9044 230 70.8139 0.0602567 103 295 0 1 399 138 
21 230 1 13.7654 230 70.8139 0.0602567 111 314 0 2 427 148 
22 231 1 13.6277 231 76.7967 0.0605187 111 333 0 3 447 159 
23 253 1 13.4914 253 90.6429 0.0662824 124 352 0 4 480 170 
24 267 1 13.3565 267 93.6429 0.0699502 127 371 0 5 503 181 
25 270 1 13.223 270 90.0793 0.0707362 127 390 0 6 523 192 
26 279 1 13.0907 279 93.0793 0.0730941 129 409 0 7 545 203 
27 279 1 12.9598 279 93.0793 0.0730941 129 428 0 9 566 214 
28 308 1 12.8302 308 129.423 0.0806916 142 447 0 11 600 225 
29 308 1 12.7019 308 129.423 0.0806916 146 466 0 13 625 236 
30 330 1 12.5749 330 103.153 0.0864553 153 485 0 15 653 248 
31 361 1 12.4492 361 112.434 0.0945769 164 504 0 18 686 260 
32 377 1 12.3247 377 133.974 0.0987687 167 523 0 22 712 272 
33 381 1 12.2014 381 140.787 0.0998166 168 542 0 28 738 284 
34 381 1 12.0794 381 140.787 0.0998166 170 561 0 34 765 296 
35 381 1 11.9586 381 140.787 0.0998166 179 580 0 40 799 308 
36 382 1 11.839 382 168.772 0.100079 181 599 0 47 827 320 
37 387 1 11.7206 387 147.228 0.101389 189 618 0 55 862 332 
38 389 1 11.6034 389 189.716 0.101912 189 632 0 61 882 344 
39 400 1 11.4874 400 212.219 0.104794 191 646 0 68 905 356 
40 410 1 11.3725 410 207.39 0.107414 194 660 0 76 930 369 
41 448 1 11.2588 448 210.39 0.11737 203 674 0 84 961 382 
42 449 1 11.1462 449 213.39 0.117632 209 688 0 94 991 395 
43 449 1 11.0347 449 213.39 0.117632 212 702 0 107 1021 408 
44 449 1 10.9244 449 212.391 0.117632 212 716 0 116 1044 421 
45 459 1 10.8152 459 260.742 0.120252 214 730 0 126 1070 434 
46 463 1 10.707 463 262.354 0.121299 216 744 0 137 1097 447 
47 467 1 10.5999 467 225.102 0.122347 217 758 0 150 1125 460 
48 480 1 10.4939 480 293.832 0.125753 220 772 0 178 1170 473 
49 482 1 10.389 482 251.947 0.126277 235 786 0 202 1223 486 
50 482 1 10.2851 482 251.947 0.126277 242 800 0 224 1266 499 
51 489 1 10.1823 489 281.964 0.128111 253 814 0 249 1316 512 
52 489 1 10.0804 489 250.689 0.128111 255 828 0 300 1383 525 
53 491 1 9.97963 491 290.601 0.128635 266 842 0 351 1459 538 
54 509 1 9.87983 509 304.867 0.133351 271 856 0 370 1497 552 
55 529 1 9.78103 529 312.627 0.138591 278 870 0 430 1578 566 
56 541 1 9.68322 541 325.584 0.141734 281 884 0 509 1674 580 
57 544 1 9.58639 544 323.827 0.14252 282 898 0 618 1798 594 
58 550 1 9.49052 550 349.215 0.144092 283 912 0 716 1911 608 
59 552 1 9.39562 552 359.305 0.144616 288 926 0 824 2038 622 
60 552 1 9.30166 552 359.305 0.144616 290 940 0 934 2164 636 
61 552 1 9.20865 552 358.603 0.144616 290 954 0 1046 2290 650 
62 568 1 9.11656 568 341.494 0.148808 304 968 0 1181 2453 664 
63 593 1 9.02539 593 392.201 0.155358 311 982 0 1327 2620 678 
64 602 1 8.93514 602 389.936 0.157715 316 996 0 1517 2829 692 
65 607 1 8.84579 607 300.021 0.159025 318 1010 0 1640 2968 706 
66 607 1 8.75733 607 300.021 0.159025 318 1024 0 1753 3095 720 
67 607 1 8.66976 607 300.021 0.159025 319 1038 0 1855 3212 734 
68 634 1 8.58306 634 334.783 0.166099 324 1052 0 1954 3330 748 
69 634 1 8.49723 634 334.783 0.166099 330 1066 0 2071 3467 762 
70 646 1 8.41226 646 356.712 0.169243 341 1088 0 2193 3622 776 
71 656 1 8.32813 656 361.694 0.171863 350 1110 0 2304 3764 790 
72 657 1 8.24485 657 379.516 0.172125 357 1132 0 2450 3939 804 
73 700 1 8.1624 700 376.127 0.18339 371 1154 0 2573 4098 818 
74 700 1 8.08078 700 376.127 0.18339 376 1176 0 2690 4242 833 
75 709 1 7.99997 709 337.482 0.185748 386 1198 0 2823 4407 848 
76 709 1 7.91997 709 337.482 0.185748 391 1220 0 3059 4670 863 
77 709 1 7.84077 709 337.482 0.185748 394 1242 0 3302 4938 878 
78 710 1 7.76236 710 347.1 0.18601 395 1264 0 3476 5135 893 
79 746 1 7.68474 746 471.999 0.195441 412 1286 0 3873 5571 908 
80 746 1 7.60789 746 416.883 0.195441 428 1308 0 4179 5915 923 
81 784 1 7.53181 784 401.398 0.205397 439 1330 0 4239 6008 938 
82 787 1 7.4565 787 386.674 0.206183 443 1352 0 4470 6265 953 
83 788 1 7.38193 788 455.577 0.206445 443 1374 0 4650 6467 968 
84 788 1 7.30811 788 394.215 0.206445 446 1396 0 4705 6547 983 
85 790 1 7.23503 790 444.932 0.206969 447 1418 0 4824 6689 998 
86 791 1 7.16268 791 410.629 0.207231 450 1440 0 5056 6946 1013 
87 791 1 7.09105 791 383.704 0.207231 461 1462 0 5210 7133 1028 
88 794 1 7.02014 794 362.165 0.208017 466 1484 0 5484 7434 1043 
89 797 1 6.94994 797 407.947 0.208803 470 1506 0 5766 7742 1058 
90 797 1 6.88044 797 389.424 0.208803 472 1528 0 5970 7970 1073 
91 797 1 6.81164 797 389.424 0.208803 485 1550 0 6132 8167 1088 
92 842 1 6.74352 842 401.632 0.220592 491 1572 0 6290 8353 1103 
93 922 1 6.67609 922 424.875 0.241551 509 1594 0 6714 8817 1118 
94 922 1 6.60932 922 424.875 0.241551 513 1616 0 7195 9324 1133 
95 931 1 6.54323 931 467.84 0.243909 519 1638 0 7862 10019 1148 
96 949 1 6.4778 949 414.161 0.248625 534 1660 0 8178 10372 1163 
97 949 1 6.41302 949 383.096 0.248625 549 1682 0 8603 10834 1178 
98 949 1 6.34889 949 383.096 0.248625 560 1704 0 9344 11608 1193 
99 971 1 6.2854 971 412.088 0.254388 565 1726 0 10577 12868 1208 
100 971 1 6.22255 971 384.738 0.254388 565 1748 0 11258 13571 1224 
101 971 1 6.16032 971 384.738 0.254388 574 1770 0 12341 14685 1240 
102 1070 1 6.09872 1070 414.395 0.280325 599 1792 0 14684 17075 1256 
103 1128 1 6.03773 1128 413.781 0.29552 611 1814 0 16232 18657 1272 
104 1151 1 5.97736 1151 443.388 0.301546 617 1836 0 18568 21021 1288 
105 1151 1 5.91758 1151 422.117 0.301546 628 1858 0 20625 23111 1304 
106 1151 1 5.85841 1151 422.117 0.301546 628 1880 0 24953 27461 1320 
107 1151 1 5.79982 1151 414.888 0.301546 637 1897 0 27059 29593 1336 
108 1151 1 5.74182 1151 414.888 0.301546 639 1914 0 30244 32797 1352 
109 1155 1 5.68441 1155 404.113 0.302594 640 1931 0 32355 34926 1368 
110 1159 1 5.62756 1159 412.967 0.303642 641 1948 0 37807 40396 1384 
111 1232 1 5.57129 1232 435.006 0.322767 663 1965 0 47138 49766 1400 
112 1232 1 5.51557 1232 435.006 0.322767 663 1982 0 66053 68698 1416 
113 1242 1 5.46042 1242 420.522 0.325386 665 1999 0 84051 86715 1432 
114 1251 1 5.40581 1251 435.734 0.327744 668 2016 0 90587 93271 1448 
115 1254 1 5.35176 1254 411.486 0.32853 689 2033 0 118441 121163 1464 
116 1255 1 5.29824 1255 445.841 0.328792 690 2050 0 152922 155662 1480 
117 1265 1 5.24526 1265 441.525 0.331412 696 2067 0 172674 175437 1496 
118 1272 1 5.1928 1272 407.269 0.333246 699 2084 0 249968 252751 1512 
119 1278 1 5.14087 1278 449.273 0.334818 703 2101 0 469796 472600 1528 
120 1296 1 5.08947 1296 452.874 0.339534 709 2118 0 623878 626705 1544 
121 1296 1 5.03857 1296 402.934 0.339534 715 2135 0 644581 647431 1560 
122 1300 1 4.98819 1300 427.663 0.340582 724 2152 0 686984 689860 1576 
123 1305 1 4.9383 1305 421.583 0.341892 726 2169 0 831772 834667 1592 
124 1306 1 4.88892 1306 436.288 0.342154 729 2186 0 1313906 1316821 1608 
125 1307 1 4.84003 1307 438.591 0.342416 756 2203 0 1734535 1737494 1624 
