1 4 1 6.93 4 0 0.00104794 0 14 0 0 14 0 
2 7 1 6.8607 7 3 0.0018339 0 28 0 0 28 1 
3 54 1 6.79209 54 7.28892 0.0141472 9 42 0 0 51 3 
4 64 1 6.72417 64 10.2889 0.0167671 14 56 0 0 70 6 
5 66 1 6.65693 66 13.2889 0.0172911 15 70 0 0 85 10 
6 77 1 6.59036 77 16.2889 0.0201729 20 84 0 0 104 15 
7 77 1 6.52446 77 16.2889 0.0201729 20 98 0 0 118 21 
8 93 1 6.45921 93 20.6207 0.0243647 32 112 0 0 144 28 
9 103 1 6.39462 103 33.338 0.0269845 40 126 0 0 166 36 
10 112 1 6.33067 112 39.338 0.0293424 48 140 0 0 188 44 
11 134 1 6.26737 134 42.7487 0.0351061 55 154 0 0 209 52 
12 140 1 6.20469 140 60.0994 0.036678 56 168 0 0 224 61 
13 141 1 6.14265 141 65.635 0.03694 57 182 0 0 239 70 
14 141 1 6.08122 141 65.635 0.03694 64 196 0 0 260 79 
15 149 1 6.02041 149 67.5955 0.0390359 72 210 0 0 282 88 
16 161 1 5.9602 161 57.4898 0.0421797 82 224 0 0 306 98 
17 161 1 5.9006 161 57.4898 0.0421797 83 238 0 0 321 108 
18 163 1 5.8416 163 60.4898 0.0427037 84 257 0 0 341 118 
19 226 1 5.78318 226 72.6583 0.0592088 99 276 0 0 375 128 
20 230 1 5.72535 230 70.8139 0.0602567 103 295 0 1 399 138 
21 230 1 5.66809 230 70.8139 0.0602567 111 314 0 2 427 148 
22 231 1 5.61141 231 76.7967 0.0605187 111 333 0 3 447 159 
23 253 1 5.5553 253 90.6429 0.0662824 124 352 0 4 480 170 
24 267 1 5.49975 267 93.6429 0.0699502 127 371 0 5 503 181 
25 270 1 5.44475 270 90.0793 0.0707362 127 390 0 6 523 192 
26 279 1 5.3903 279 93.0793 0.0730941 129 409 0 8 546 203 
27 279 1 5.3364 279 93.0793 0.0730941 129 428 0 9 566 214 
28 308 1 5.28303 308 129.423 0.0806916 142 447 0 11 600 225 
29 308 1 5.2302 308 98.54 0.0806916 146 466 0 13 625 236 
30 330 1 5.1779 330 103.153 0.0864553 153 485 0 15 653 248 
31 361 1 5.12612 361 112.434 0.0945769 164 504 0 18 686 260 
32 377 1 5.07486 377 133.974 0.0987687 167 523 0 21 711 272 
33 381 1 5.02411 381 163.389 0.0998166 168 542 0 24 734 284 
34 381 1 4.97387 381 163.389 0.0998166 170 561 0 27 758 296 
35 381 1 4.92413 381 128.31 0.0998166 179 580 0 32 791 308 
36 382 1 4.87489 382 161.653 0.100079 181 599 0 37 817 320 
37 387 1 4.82614 387 181.141 0.101389 189 618 0 42 849 332 
38 389 1 4.77788 389 180.865 0.101912 189 632 0 49 870 344 
39 400 1 4.7301 400 172.544 0.104794 191 646 0 56 893 356 
40 410 1 4.6828 410 160.741 0.107414 194 660 0 64 918 369 
41 448 1 4.63597 448 187.221 0.11737 203 674 0 73 950 382 
42 449 1 4.58961 449 176.97 0.117632 209 688 0 83 980 395 
43 449 1 4.54372 449 176.97 0.117632 212 702 0 96 1010 408 
44 449 1 4.49828 449 176.97 0.117632 212 716 0 107 1035 421 
45 459 1 4.4533 459 215.497 0.120252 214 730 0 115 1059 434 
46 463 1 4.40876 463 174.44 0.121299 216 744 0 123 1083 447 
47 467 1 4.36468 467 212.838 0.122347 217 758 0 139 1114 460 
48 480 1 4.32103 480 219.687 0.125753 220 772 0 179 1171 473 
49 482 1 4.27782 482 273.202 0.126277 235 786 0 234 1255 486 
50 482 1 4.23504 482 254.482 0.126277 242 800 0 276 1318 499 
51 489 1 4.19269 489 251.362 0.128111 253 814 0 317 1384 512 
52 489 1 4.15076 489 251.362 0.128111 255 828 0 361 1444 525 
53 491 1 4.10926 491 279.068 0.128635 266 842 0 417 1525 538 
54 509 1 4.06816 509 239.39 0.133351 271 856 0 507 1634 552 
55 529 1 4.02748 529 243.737 0.138591 278 870 0 606 1754 566 
56 541 1 3.98721 541 307.74 0.141734 281 884 0 758 1923 580 
57 544 1 3.94734 544 280.452 0.14252 282 898 0 1045 2225 594 
58 550 1 3.90786 550 300.736 0.144092 283 912 0 1237 2432 608 
59 552 1 3.86878 552 282.171 0.144616 288 926 0 1363 2577 622 
60 552 1 3.8301 552 282.171 0.144616 290 940 0 1556 2786 636 
61 552 1 3.7918 552 256.19 0.144616 290 954 0 1744 2988 650 
62 568 1 3.75388 568 274.701 0.148808 304 968 0 1937 3209 664 
63 593 1 3.71634 593 317.334 0.155358 311 982 0 2103 3396 678 
64 602 1 3.67917 602 291.91 0.157715 316 996 0 2975 4287 692 
65 607 1 3.64238 607 257.11 0.159025 318 1010 0 3803 5131 706 
66 607 1 3.60596 607 257.11 0.159025 318 1024 0 4018 5360 720 
67 607 1 3.5699 607 244.33 0.159025 319 1038 0 4301 5658 734 
68 634 1 3.5342 634 268.08 0.166099 324 1052 0 4849 6225 748 
69 634 1 3.49886 634 268.08 0.166099 330 1066 0 7368 8764 762 
70 646 1 3.46387 646 278.555 0.169243 341 1088 0 8121 9550 776 
71 656 1 3.42923 656 290.323 0.171863 350 1110 0 10732 12192 790 
72 657 1 3.39494 657 298.426 0.172125 357 1132 0 13620 15109 804 
73 700 1 3.36099 700 299.187 0.18339 371 1154 0 15519 17044 818 
74 700 1 3.32738 700 263.123 0.18339 376 1176 0 18807 20359 833 
75 709 1 3.29411 709 297.924 0.185748 386 1198 0 22988 24572 848 
76 709 1 3.26117 709 291.891 0.185748 391 1220 0 25285 26896 863 
77 709 1 3.22855 709 284.747 0.185748 394 1242 0 28899 30535 878 
78 710 1 3.19627 710 275.205 0.18601 395 1264 0 36471 38130 893 
79 746 1 3.16431 746 250.319 0.195441 412 1286 0 43305 45003 908 
80 746 1 3.13266 746 250.319 0.195441 428 1308 0 49020 50756 923 
81 784 1 3.10134 784 292.962 0.205397 439 1330 0 58633 60402 938 
82 787 1 3.07032 787 288.972 0.206183 443 1352 0 73143 74938 953 
83 788 1 3.03962 788 294.809 0.206445 443 1374 0 87086 88903 968 
84 788 1 3.00922 788 290.389 0.206445 446 1396 0 98828 100670 983 
85 790 1 2.97913 790 276.668 0.206969 447 1418 0 117194 119059 998 
86 791 1 2.94934 791 274.177 0.207231 450 1440 0 156781 158671 1013 
87 791 1 2.91985 791 252.379 0.207231 461 1462 0 190366 192289 1028 
88 794 1 2.89065 794 268.737 0.208017 466 1484 0 219862 221812 1043 
89 797 1 2.86174 797 289.385 0.208803 470 1506 0 284266 286242 1058 
90 797 1 2.83312 797 262.982 0.208803 472 1528 0 381360 383360 1073 
91 797 1 2.80479 797 248.758 0.208803 485 1550 0 459950 461985 1088 
92 842 1 2.77674 842 266.345 0.220592 491 1572 0 624278 626341 1103 
93 922 1 2.74898 922 292.831 0.241551 509 1594 0 819066 821169 1118 
94 922 1 2.72149 922 267.57 0.241551 513 1616 0 989654 991783 1133 
