1 4 1 18 4 0 0.00104794 0 14 0 0 14 0 
2 7 1 18 7 3 0.0018339 0 28 0 0 28 1 
3 54 1 18 54 7.28892 0.0141472 9 42 0 0 51 3 
4 64 1 18 64 10.2889 0.0167671 14 56 0 0 70 6 
5 66 1 18 66 13.2889 0.0172911 15 70 0 0 85 10 
6 77 1 18 77 16.2889 0.0201729 20 84 0 0 104 15 
7 77 1 18 77 16.2889 0.0201729 20 98 0 0 118 21 
8 93 1 18 93 20.6207 0.0243647 32 112 0 0 144 28 
9 103 1 18 103 33.338 0.0269845 40 126 0 0 166 36 
10 112 1 18 112 39.338 0.0293424 48 140 0 0 188 44 
11 134 1 18 134 42.7487 0.0351061 55 154 0 0 209 52 
12 140 1 18 140 60.0994 0.036678 56 168 0 0 224 61 
13 141 1 18 141 65.635 0.03694 57 182 0 0 239 70 
14 141 1 18 141 65.635 0.03694 64 196 0 0 260 79 
15 149 1 18 149 67.5955 0.0390359 72 210 0 0 282 88 
16 161 1 18 161 57.4898 0.0421797 82 224 0 0 306 98 
17 161 1 18 161 57.4898 0.0421797 83 238 0 0 321 108 
18 163 1 18 163 60.4898 0.0427037 84 257 0 0 341 118 
19 226 1 18 226 72.6583 0.0592088 99 276 0 0 375 128 
20 230 1 18 230 70.8139 0.0602567 103 295 0 1 399 138 
21 230 1 18 230 70.8139 0.0602567 111 314 0 2 427 148 
22 231 1 18 231 76.7967 0.0605187 111 333 0 3 447 159 
23 253 1 18 253 90.6429 0.0662824 124 352 0 4 480 170 
24 267 1 18 267 93.6429 0.0699502 127 371 0 5 503 181 
25 270 1 18 270 90.0793 0.0707362 127 390 0 6 523 192 
26 279 1 18 279 93.0793 0.0730941 129 409 0 7 545 203 
27 279 1 18 279 93.0793 0.0730941 129 428 0 8 565 214 
28 308 1 18 308 129.423 0.0806916 142 447 0 10 599 225 
29 308 1 18 308 129.423 0.0806916 146 466 0 13 625 236 
30 330 1 18 330 103.153 0.0864553 153 485 0 16 654 248 
31 361 1 18 361 112.434 0.0945769 164 504 0 19 687 260 
32 377 1 18 377 133.974 0.0987687 167 523 0 23 713 272 
33 381 1 18 381 140.787 0.0998166 168 542 0 29 739 284 
34 381 1 18 381 140.787 0.0998166 170 561 0 35 766 296 
35 381 1 18 381 140.787 0.0998166 179 580 0 41 800 308 
36 382 1 18 382 168.772 0.100079 181 599 0 48 828 320 
37 387 1 18 387 147.228 0.101389 189 618 0 56 863 332 
38 389 1 18 389 189.716 0.101912 189 632 0 62 883 344 
39 400 1 18 400 212.219 0.104794 191 646 0 70 907 356 
40 410 1 18 410 207.39 0.107414 194 660 0 77 931 369 
41 448 1 18 448 210.39 0.11737 203 674 0 86 963 382 
42 449 1 18 449 213.39 0.117632 209 688 0 96 993 395 
43 449 1 18 449 213.39 0.117632 212 702 0 109 1023 408 
44 449 1 18 449 212.391 0.117632 212 716 0 119 1047 421 
45 459 1 18 459 260.742 0.120252 214 730 0 130 1074 434 
46 463 1 18 463 262.354 0.121299 216 744 0 140 1100 447 
47 467 1 18 467 225.102 0.122347 217 758 0 153 1128 460 
48 480 1 18 480 293.832 0.125753 220 772 0 181 1173 473 
49 482 1 18 482 251.947 0.126277 235 786 0 206 1227 486 
50 482 1 18 482 251.947 0.126277 242 800 0 228 1270 499 
51 489 1 18 489 281.964 0.128111 253 814 0 253 1320 512 
52 489 1 18 489 250.689 0.128111 255 828 0 304 1387 525 
53 491 1 18 491 290.601 0.128635 266 842 0 356 1464 538 
54 509 1 18 509 304.867 0.133351 271 856 0 375 1502 552 
55 529 1 18 529 312.627 0.138591 278 870 0 435 1583 566 
56 541 1 18 541 325.584 0.141734 281 884 0 514 1679 580 
57 544 1 18 544 323.827 0.14252 282 898 0 622 1802 594 
58 550 1 18 550 349.215 0.144092 283 912 0 721 1916 608 
59 552 1 18 552 359.305 0.144616 288 926 0 831 2045 622 
60 552 1 18 552 359.305 0.144616 290 940 0 941 2171 636 
61 552 1 18 552 358.603 0.144616 290 954 0 1053 2297 650 
62 568 1 18 568 341.494 0.148808 304 968 0 1188 2460 664 
63 593 1 18 593 392.201 0.155358 311 982 0 1334 2627 678 
64 602 1 18 602 389.936 0.157715 316 996 0 1523 2835 692 
65 607 1 18 607 300.021 0.159025 318 1010 0 1647 2975 706 
66 607 1 18 607 300.021 0.159025 318 1024 0 1763 3105 720 
67 607 1 18 607 300.021 0.159025 319 1038 0 1865 3222 734 
68 634 1 18 634 334.783 0.166099 324 1052 0 1965 3341 748 
69 634 1 18 634 334.783 0.166099 330 1066 0 2083 3479 762 
70 646 1 18 646 356.712 0.169243 341 1088 0 2205 3634 776 
71 656 1 18 656 334.686 0.171863 350 1110 0 2284 3744 790 
72 657 1 18 657 346.144 0.172125 357 1132 0 2444 3933 804 
73 700 1 18 700 423.14 0.18339 371 1154 0 2586 4111 818 
74 700 1 18 700 421.909 0.18339 376 1176 0 2722 4274 833 
75 709 1 18 709 417.206 0.185748 386 1198 0 2937 4521 848 
76 709 1 18 709 332.813 0.185748 391 1220 0 3087 4698 863 
77 709 1 18 709 332.813 0.185748 394 1242 0 3247 4883 878 
78 710 1 18 710 356.705 0.18601 395 1264 0 3475 5134 893 
79 746 1 18 746 400.903 0.195441 412 1286 0 3566 5264 908 
80 746 1 18 746 372.297 0.195441 428 1308 0 3757 5493 923 
81 784 1 18 784 394.388 0.205397 439 1330 0 3920 5689 938 
82 787 1 18 787 377.577 0.206183 443 1352 0 4029 5824 953 
83 788 1 18 788 412.167 0.206445 443 1374 0 4106 5923 968 
84 788 1 18 788 378.749 0.206445 446 1396 0 4207 6049 983 
85 790 1 18 790 368.13 0.206969 447 1418 0 4465 6330 998 
86 791 1 18 791 409.986 0.207231 450 1440 0 4711 6601 1013 
87 791 1 18 791 409.986 0.207231 461 1462 0 4803 6726 1028 
88 794 1 18 794 434.984 0.208017 466 1484 0 4838 6788 1043 
89 797 1 18 797 413.964 0.208803 470 1506 0 4876 6852 1058 
90 797 1 18 797 413.964 0.208803 472 1528 0 4914 6914 1073 
91 797 1 18 797 413.964 0.208803 485 1550 0 4942 6977 1088 
92 842 1 18 842 526.011 0.220592 491 1572 0 5056 7119 1103 
93 922 1 18 922 468.346 0.241551 509 1594 0 5102 7205 1118 
94 922 1 18 922 434.82 0.241551 513 1616 0 5145 7274 1133 
95 931 1 18 931 515.838 0.243909 519 1638 0 5388 7545 1148 
96 949 1 18 949 434.109 0.248625 534 1660 0 5470 7664 1163 
97 949 1 18 949 434.109 0.248625 549 1682 0 5520 7751 1178 
98 949 1 18 949 434.109 0.248625 560 1704 0 5656 7920 1193 
99 971 1 18 971 490.662 0.254388 565 1726 0 5901 8192 1208 
100 971 1 18 971 490.662 0.254388 565 1748 0 6459 8772 1224 
101 971 1 18 971 490.662 0.254388 574 1770 0 7120 9464 1240 
102 1070 1 18 1070 523.046 0.280325 599 1792 0 8068 10459 1256 
103 1128 1 18 1128 478.625 0.29552 611 1814 0 8329 10754 1272 
104 1151 1 18 1151 524.409 0.301546 617 1836 0 8927 11380 1288 
105 1151 1 18 1151 477.115 0.301546 628 1858 0 9152 11638 1304 
106 1151 1 18 1151 477.115 0.301546 628 1880 0 9401 11909 1320 
107 1151 1 18 1151 477.115 0.301546 637 1897 0 9676 12210 1336 
108 1151 1 18 1151 477.115 0.301546 639 1914 0 11000 13553 1352 
109 1155 1 18 1155 518.222 0.302594 640 1931 0 11985 14556 1368 
110 1159 1 18 1159 610.5 0.303642 641 1948 0 12243 14832 1384 
111 1232 1 18 1232 528.994 0.322767 663 1965 0 13230 15858 1400 
112 1232 1 18 1232 528.994 0.322767 663 1982 0 13577 16222 1416 
113 1242 1 18 1242 545.425 0.325386 665 1999 0 14161 16825 1432 
114 1251 1 18 1251 496.805 0.327744 668 2016 0 14860 17544 1448 
115 1254 1 18 1254 552.48 0.32853 689 2033 0 17382 20104 1464 
116 1255 1 18 1255 599.026 0.328792 690 2050 0 17882 20622 1480 
117 1265 1 18 1265 586.921 0.331412 696 2067 0 19258 22021 1496 
118 1272 1 18 1272 581.302 0.333246 699 2084 0 21188 23971 1512 
119 1278 1 18 1278 620.054 0.334818 703 2101 0 23542 26346 1528 
120 1296 1 18 1296 658.463 0.339534 709 2118 0 25359 28186 1544 
121 1296 1 18 1296 575.249 0.339534 715 2135 0 26143 28993 1560 
122 1300 1 18 1300 590.353 0.340582 724 2152 0 30799 33675 1576 
123 1305 1 18 1305 658.336 0.341892 726 2169 0 33509 36404 1592 
124 1306 1 18 1306 707.489 0.342154 729 2186 0 36013 38928 1608 
125 1307 1 18 1307 768.079 0.342416 756 2203 0 39023 41982 1624 
126 1307 1 18 1307 669.209 0.342416 759 2220 0 39749 42728 1640 
127 1307 1 18 1307 619.533 0.342416 761 2237 0 40878 43876 1656 
128 1322 1 18 1322 678.736 0.346345 764 2254 0 42769 45787 1672 
129 1322 1 18 1322 678.736 0.346345 777 2271 0 43706 46754 1688 
130 1333 1 18 1333 680.412 0.349227 788 2288 0 48796 51872 1704 
131 1335 1 18 1335 566.577 0.349751 798 2305 0 49424 52527 1720 
132 1342 1 18 1342 635.697 0.351585 802 2322 0 50080 53204 1736 
133 1350 1 18 1350 643.345 0.353681 806 2339 0 50657 53802 1752 
134 1352 1 18 1352 682.208 0.354205 810 2356 0 52080 55246 1768 
135 1352 1 18 1352 601.026 0.354205 810 2373 0 53124 56307 1785 
136 1362 1 18 1362 603.286 0.356825 812 2390 0 55316 58518 1802 
137 1377 1 18 1377 652.915 0.360755 815 2407 0 56290 59512 1819 
138 1384 1 18 1384 769.937 0.362588 825 2424 0 60851 64100 1836 
139 1385 1 18 1385 590.807 0.36285 833 2441 0 63909 67183 1853 
140 1385 1 18 1385 590.807 0.36285 834 2466 0 70165 73465 1870 
141 1386 1 18 1386 808.028 0.363112 839 2491 0 76631 79961 1887 
142 1386 1 18 1386 644.473 0.363112 842 2516 0 80295 83653 1904 
143 1386 1 18 1386 635.353 0.363112 842 2541 0 83807 87190 1921 
144 1416 1 18 1416 695.752 0.370972 852 2566 0 87192 90610 1938 
145 1416 1 18 1416 695.752 0.370972 852 2591 0 91308 94751 1955 
146 1496 1 18 1496 726.581 0.391931 876 2616 0 93408 96900 1972 
147 1529 1 18 1529 606.711 0.400576 907 2641 0 94736 98284 1989 
148 1546 1 18 1546 790.54 0.40503 911 2666 0 100809 104386 2006 
149 1556 1 18 1556 651.026 0.40765 917 2691 0 102194 105802 2023 
150 1563 1 18 1563 710.422 0.409484 923 2716 0 105270 108909 2040 
151 1566 1 18 1566 712.615 0.41027 927 2741 0 107293 110961 2057 
152 1567 1 18 1567 781.558 0.410532 932 2766 0 121733 125431 2074 
153 1567 1 18 1567 750.944 0.410532 934 2791 0 132217 135942 2091 
154 1567 1 18 1567 714.148 0.410532 966 2816 0 150798 154580 2108 
155 1567 1 18 1567 714.148 0.410532 967 2841 0 153518 157326 2125 
156 1574 1 18 1574 697.662 0.412366 973 2866 0 156250 160089 2142 
157 1585 1 18 1585 733.614 0.415248 979 2891 0 160304 164174 2159 
158 1589 1 18 1589 708.395 0.416296 981 2916 0 164515 168412 2176 
159 1590 1 18 1590 786.556 0.416558 992 2941 0 167209 171142 2193 
160 1591 1 18 1591 804.337 0.416819 993 2966 0 189917 193876 2210 
161 1595 1 18 1595 774.573 0.417867 997 2991 0 190993 194981 2227 
162 1596 1 18 1596 760.393 0.418129 997 3016 0 198753 202766 2244 
163 1599 1 18 1599 763.312 0.418915 998 3041 0 202413 206452 2261 
164 1599 1 18 1599 763.312 0.418915 998 3066 0 208863 212927 2278 
165 1620 1 18 1620 780.797 0.424417 1007 3091 0 213529 217627 2295 
166 1687 1 18 1687 768.914 0.44197 1023 3116 0 216381 220520 2312 
167 1687 1 18 1687 756.092 0.44197 1024 3141 0 232929 237094 2329 
168 1687 1 18 1687 756.092 0.44197 1025 3166 0 243288 247479 2346 
169 1687 1 18 1687 756.092 0.44197 1026 3191 0 256366 260583 2363 
170 1731 1 18 1731 733.572 0.453497 1040 3216 0 263970 268226 2380 
171 1768 1 18 1768 700.574 0.463191 1060 3241 0 273689 277990 2397 
172 1768 1 18 1768 700.574 0.463191 1074 3266 0 277916 282256 2414 
173 1768 1 18 1768 700.574 0.463191 1075 3291 0 289583 293949 2431 
174 1768 1 18 1768 654.696 0.463191 1075 3315 0 304183 308573 2448 
175 1770 1 18 1770 819.447 0.463715 1078 3339 0 317609 322026 2465 
176 1771 1 18 1771 743.931 0.463977 1082 3363 0 320131 324576 2482 
177 1774 1 18 1774 841.43 0.464763 1091 3387 0 323557 328035 2499 
178 1784 1 18 1784 742.274 0.467383 1106 3411 0 330848 335365 2516 
179 1788 1 18 1788 926.83 0.468431 1116 3435 0 337369 341920 2533 
180 1791 1 18 1791 895.057 0.469217 1121 3459 0 350150 354730 2550 
181 1808 1 18 1808 808.927 0.47367 1129 3483 0 355918 360530 2567 
182 1808 1 18 1808 808.927 0.47367 1133 3507 0 368209 372849 2584 
183 1814 1 18 1814 880.573 0.475242 1142 3531 0 383785 388458 2601 
184 1816 1 18 1816 752.158 0.475766 1145 3555 0 387692 392392 2619 
185 1823 1 18 1823 726.97 0.4776 1151 3579 0 426628 431358 2637 
186 1823 1 18 1823 726.97 0.4776 1160 3603 0 443502 448265 2655 
187 1823 1 18 1823 726.97 0.4776 1164 3627 0 464320 469111 2673 
188 1823 1 18 1823 721.716 0.4776 1167 3651 0 483376 488194 2691 
189 1823 1 18 1823 721.716 0.4776 1170 3675 0 491771 496616 2709 
190 1823 1 18 1823 721.716 0.4776 1177 3699 0 556130 561006 2727 
191 1823 1 18 1823 721.716 0.4776 1179 3723 0 570472 575374 2745 
192 1836 1 18 1836 858.677 0.481006 1211 3747 0 633390 638348 2763 
193 1836 1 18 1836 854.515 0.481006 1245 3771 0 644240 649256 2781 
194 1839 1 18 1839 900.989 0.481792 1257 3795 0 655625 660677 2799 
195 1839 1 18 1839 891.938 0.481792 1259 3819 0 663493 668571 2817 
196 1850 1 18 1850 896.949 0.484674 1268 3843 0 676988 682099 2835 
197 1850 1 18 1850 837.026 0.484674 1278 3867 0 703598 708743 2853 
198 1851 1 18 1851 823.917 0.484936 1287 3891 0 728490 733668 2871 
199 1851 1 18 1851 823.917 0.484936 1287 3915 0 737260 742462 2889 
200 1854 1 18 1854 894.484 0.485722 1290 3939 0 754673 759902 2907 
201 1855 1 18 1855 1027.29 0.485984 1303 3963 0 758295 763561 2925 
202 1855 1 18 1855 921.801 0.485984 1307 3987 0 784780 790074 2943 
203 1855 1 18 1855 919.862 0.485984 1310 4011 0 795208 800529 2961 
204 1855 1 18 1855 919.862 0.485984 1310 4035 0 841636 846981 2979 
205 1855 1 18 1855 860.803 0.485984 1318 4059 0 869481 874858 2997 
206 1855 1 18 1855 814.694 0.485984 1330 4083 0 881367 886780 3015 
207 1855 1 18 1855 814.694 0.485984 1330 4107 0 935867 941304 3033 
208 1856 1 18 1856 942.754 0.486246 1339 4126 0 954905 960370 3051 
209 1856 1 18 1856 942.754 0.486246 1340 4145 0 1064517 1070002 3069 
210 1857 1 18 1857 808.276 0.486508 1344 4164 0 1117895 1123403 3087 
211 1857 1 18 1857 808.276 0.486508 1346 4183 0 1140323 1145852 3105 
212 1857 1 18 1857 808.276 0.486508 1358 4202 0 1162407 1167967 3123 
213 1867 1 18 1867 850.536 0.489128 1365 4221 0 1201810 1207396 3141 
214 1871 1 18 1871 976.408 0.490176 1369 4240 0 1235596 1241205 3159 
215 1902 1 18 1902 896.74 0.498297 1383 4259 0 1288535 1294177 3177 
216 1902 1 18 1902 896.74 0.498297 1397 4278 0 1314408 1320083 3195 
217 1948 1 18 1948 796.572 0.510348 1414 4297 0 1340927 1346638 3213 
218 1948 1 18 1948 796.572 0.510348 1428 4316 0 1352057 1357801 3231 
219 1950 1 18 1950 892.847 0.510872 1460 4335 0 1364322 1370117 3249 
220 1950 1 18 1950 864.193 0.510872 1468 4354 0 1391778 1397600 3267 
221 1950 1 18 1950 864.193 0.510872 1469 4373 0 1425140 1430982 3285 
222 1950 1 18 1950 864.193 0.510872 1469 4392 0 1438004 1443865 3303 
223 1953 1 18 1953 964.862 0.511658 1470 4411 0 1456493 1462374 3321 
224 1953 1 18 1953 964.862 0.511658 1470 4430 0 1480421 1486321 3339 
225 1960 1 18 1960 924.673 0.513492 1475 4449 0 1531195 1537119 3357 
226 1972 1 18 1972 1018.12 0.516636 1479 4468 0 1564952 1570899 3375 
227 1972 1 18 1972 992.39 0.516636 1481 4487 0 1581643 1587611 3393 
228 1976 1 18 1976 911.249 0.517684 1488 4506 0 1591366 1597360 3411 
229 1976 1 18 1976 887.11 0.517684 1491 4525 0 1738616 1744632 3429 
230 1980 1 18 1980 955.074 0.518732 1498 4544 0 1796570 1802612 3447 
