1 4 1 0.99 4 0 0.00104794 0 14 0 0 14 0 
2 7 1 0.9801 7 3 0.0018339 0 28 0 0 28 1 
3 54 1 0.970299 54 7.28892 0.0141472 9 42 0 0 51 3 
4 64 1 0.960596 64 11.8233 0.0167671 14 56 0 0 70 6 
5 66 1 0.95099 66 17.2893 0.0172911 15 70 0 0 85 10 
6 77 1 0.94148 77 22.5417 0.0201729 20 84 0 0 104 15 
7 77 1 0.932065 77 22.5417 0.0201729 20 98 0 0 118 21 
8 93 1 0.922745 93 25.5417 0.0243647 32 112 0 0 144 28 
9 103 1 0.913517 103 26.3026 0.0269845 40 126 0 0 166 36 
10 112 1 0.904382 112 39.2361 0.0293424 48 140 0 1 189 44 
11 134 1 0.895338 134 42.2361 0.0351061 55 154 0 2 211 52 
12 140 1 0.886385 140 45.2361 0.036678 56 168 0 3 227 61 
13 141 1 0.877521 141 43.2187 0.03694 57 182 0 6 245 70 
14 141 1 0.868746 141 43.2187 0.03694 64 196 0 9 269 79 
15 149 1 0.860058 149 43.2592 0.0390359 72 210 0 17 299 88 
16 161 1 0.851458 161 53.9596 0.0421797 82 224 0 33 339 98 
17 161 1 0.842943 161 48.9648 0.0421797 83 238 0 64 385 108 
18 163 1 0.834514 163 57.6628 0.0427037 84 257 0 117 458 118 
19 226 1 0.826169 226 54.1235 0.0592088 99 276 0 219 594 128 
20 230 1 0.817907 230 54.6841 0.0602567 103 295 0 488 886 138 
21 230 1 0.809728 230 54.6841 0.0602567 111 314 0 752 1177 148 
22 231 1 0.801631 231 60.5255 0.0605187 111 333 0 1272 1716 159 
23 253 1 0.793614 253 64.6232 0.0662824 124 352 0 2122 2598 170 
24 267 1 0.785678 267 68.4627 0.0699502 127 371 0 3346 3844 181 
25 270 1 0.777821 270 74.0544 0.0707362 127 390 0 5972 6489 192 
26 279 1 0.770043 279 71.7112 0.0730941 129 409 0 9105 9643 203 
27 279 1 0.762343 279 71.7112 0.0730941 129 428 0 12841 13398 214 
28 308 1 0.754719 308 70.6521 0.0806916 142 447 0 17874 18463 225 
29 308 1 0.747172 308 70.6521 0.0806916 146 466 0 25117 25729 236 
30 330 1 0.7397 330 75.265 0.0864553 153 485 0 36968 37606 248 
31 361 1 0.732303 361 77.019 0.0945769 164 504 0 65372 66040 260 
32 377 1 0.72498 377 87.7408 0.0987687 167 523 0 126429 127119 272 
33 381 1 0.71773 381 89.0454 0.0998166 168 542 0 177791 178501 284 
34 381 1 0.710553 381 89.0454 0.0998166 170 561 0 231921 232652 296 
35 381 1 0.703448 381 89.0454 0.0998166 179 580 0 286810 287569 308 
36 382 1 0.696413 382 91.6814 0.100079 181 599 0 341068 341848 320 
37 387 1 0.689449 387 96.6255 0.101389 189 618 0 440826 441633 332 
38 389 1 0.682555 389 106.567 0.101912 189 632 0 577910 578731 344 
39 400 1 0.675729 400 102.824 0.104794 191 646 0 763893 764730 356 
40 410 1 0.668972 410 106.13 0.107414 194 660 0 952552 953406 369 
41 448 1 0.662282 448 109.692 0.11737 203 674 0 1193330 1194207 382 
42 449 1 0.655659 449 120.156 0.117632 209 688 0 1495165 1496062 395 
43 449 1 0.649103 449 109.79 0.117632 212 702 0 1797504 1798418 408 
