1 4 0.01 3.96 4 0 0.00104794 0 14 0 0 14 0 
6 77 0.0585198 3.76592 61 8.53038 0.0159811 20 84 0 0 104 15 
26 279 0.229957 3.08017 168 31.58 0.0440136 129 409 0 2 540 203 
46 463 0.370176 2.51929 229 36.5838 0.0599948 216 744 0 8 968 447 
56 541 0.430399 2.2784 268 68.7107 0.0702122 281 884 0 16 1181 580 
63 593 0.469094 2.12362 326 123.44 0.0854074 311 982 0 25 1318 678 
70 646 0.505161 1.97935 371 117.888 0.0971968 341 1088 0 42 1471 776 
75 709 0.529413 1.88235 423 123.797 0.11082 386 1198 0 55 1639 848 
81 784 0.556952 1.77219 466 112.576 0.122085 439 1330 0 77 1846 938 
88 794 0.58705 1.6518 498 109.721 0.130469 466 1484 0 93 2043 1043 
92 842 0.603322 1.58671 514 111.381 0.134661 491 1572 0 116 2179 1103 
93 922 0.607289 1.57084 574 111.756 0.15038 509 1594 0 139 2242 1118 
96 949 0.618953 1.52419 590 96.5342 0.154572 534 1660 0 166 2360 1163 
97 949 0.622763 1.50895 598 106.332 0.156668 549 1682 0 191 2422 1178 
99 971 0.63027 1.47892 632 105.765 0.165575 565 1726 0 216 2507 1208 
102 1070 0.641252 1.43499 698 110.241 0.182866 599 1792 0 257 2648 1256 
103 1128 0.644839 1.42064 745 105.846 0.195179 611 1814 0 293 2718 1272 
104 1151 0.648391 1.40644 747 114.167 0.195703 617 1836 0 339 2792 1288 
105 1151 0.651907 1.39237 780 107.279 0.204349 628 1858 0 366 2852 1304 
111 1232 0.672277 1.31089 833 112.474 0.218234 663 1965 0 423 3051 1400 
113 1242 0.678799 1.2848 855 110.274 0.223998 665 1999 0 482 3146 1432 
115 1254 0.685191 1.25924 874 111.909 0.228976 689 2033 0 652 3374 1464 
117 1265 0.691455 1.23418 877 104.615 0.229762 696 2067 0 821 3584 1496 
118 1272 0.694541 1.22184 884 116.314 0.231595 699 2084 0 1377 4160 1512 
119 1278 0.697595 1.20962 893 116.797 0.233953 703 2101 0 1677 4481 1528 
120 1296 0.700619 1.19752 917 116.188 0.240241 709 2118 0 2024 4851 1544 
122 1300 0.706577 1.17369 922 110.69 0.241551 724 2152 0 2355 5231 1576 
123 1305 0.709511 1.16195 926 113.433 0.242599 726 2169 0 2825 5720 1592 
124 1306 0.712416 1.15033 940 120.296 0.246267 729 2186 0 4089 7004 1608 
127 1307 0.720958 1.11617 945 118.314 0.247577 761 2237 0 7655 10653 1656 
128 1322 0.723748 1.10501 958 120.663 0.250982 764 2254 0 12580 15598 1672 
129 1322 0.726511 1.09396 964 124.279 0.252554 777 2271 0 27155 30203 1688 
130 1333 0.729246 1.08302 973 123.587 0.254912 788 2288 0 40490 43566 1704 
131 1335 0.731953 1.07219 983 129.173 0.257532 798 2305 0 62196 65299 1720 
132 1342 0.734634 1.06146 990 132.06 0.259366 802 2322 0 102349 105473 1736 
133 1350 0.737287 1.05085 999 128.351 0.261724 806 2339 0 131278 134423 1752 
134 1352 0.739914 1.04034 1002 127.36 0.26251 810 2356 0 161235 164401 1768 
135 1352 0.742515 1.02994 1009 129.271 0.264344 810 2373 0 233477 236660 1785 
136 1362 0.74509 1.01964 1017 132.415 0.26644 812 2390 0 310186 313388 1802 
137 1377 0.747639 1.00944 1034 140.593 0.270893 815 2407 0 559860 563082 1819 
138 1384 0.750163 0.999348 1039 133.489 0.272203 825 2424 0 738251 741500 1836 
139 1385 0.752661 0.989355 1043 132.685 0.273251 833 2441 0 951563 954837 1853 
140 1385 0.755135 0.979461 1059 144.046 0.277443 834 2466 0 1760209 1763509 1870 
