1 4 1 4.95 4 0 0.00104794 0 14 0 0 14 0 
2 7 1 4.9005 7 3 0.0018339 0 28 0 0 28 1 
3 54 1 4.85149 54 7.28892 0.0141472 9 42 0 0 51 3 
4 64 1 4.80298 64 10.2889 0.0167671 14 56 0 0 70 6 
5 66 1 4.75495 66 13.2889 0.0172911 15 70 0 0 85 10 
6 77 1 4.7074 77 16.2889 0.0201729 20 84 0 0 104 15 
7 77 1 4.66033 77 16.2889 0.0201729 20 98 0 0 118 21 
8 93 1 4.61372 93 20.6207 0.0243647 32 112 0 0 144 28 
9 103 1 4.56759 103 33.338 0.0269845 40 126 0 0 166 36 
10 112 1 4.52191 112 39.338 0.0293424 48 140 0 0 188 44 
11 134 1 4.47669 134 42.7487 0.0351061 55 154 0 0 209 52 
12 140 1 4.43192 140 60.0994 0.036678 56 168 0 0 224 61 
13 141 1 4.38761 141 65.635 0.03694 57 182 0 0 239 70 
14 141 1 4.34373 141 65.635 0.03694 64 196 0 0 260 79 
15 149 1 4.30029 149 67.5955 0.0390359 72 210 0 0 282 88 
16 161 1 4.25729 161 57.4898 0.0421797 82 224 0 0 306 98 
17 161 1 4.21472 161 57.4898 0.0421797 83 238 0 0 321 108 
18 163 1 4.17257 163 60.4898 0.0427037 84 257 0 0 341 118 
19 226 1 4.13084 226 72.6583 0.0592088 99 276 0 0 375 128 
20 230 1 4.08953 230 70.8139 0.0602567 103 295 0 1 399 138 
21 230 1 4.04864 230 70.8139 0.0602567 111 314 0 2 427 148 
22 231 1 4.00815 231 76.7967 0.0605187 111 333 0 3 447 159 
23 253 1 3.96807 253 82.9916 0.0662824 124 352 0 5 481 170 
24 267 1 3.92839 267 89.0695 0.0699502 127 371 0 7 505 181 
25 270 1 3.88911 270 99.3325 0.0707362 127 390 0 9 526 192 
26 279 1 3.85022 279 101.218 0.0730941 129 409 0 14 552 203 
27 279 1 3.81171 279 101.218 0.0730941 129 428 0 20 577 214 
28 308 1 3.7736 308 97.922 0.0806916 142 447 0 24 613 225 
29 308 1 3.73586 308 97.922 0.0806916 146 466 0 27 639 236 
30 330 1 3.6985 330 115.769 0.0864553 153 485 0 33 671 248 
31 361 1 3.66152 361 98.1968 0.0945769 164 504 0 42 710 260 
32 377 1 3.6249 377 138.311 0.0987687 167 523 0 53 743 272 
33 381 1 3.58865 381 114.375 0.0998166 168 542 0 61 771 284 
34 381 1 3.55277 381 112.054 0.0998166 170 561 0 72 803 296 
35 381 1 3.51724 381 112.054 0.0998166 179 580 0 81 840 308 
36 382 1 3.48207 382 150.602 0.100079 181 599 0 114 894 320 
37 387 1 3.44725 387 142.897 0.101389 189 618 0 145 952 332 
38 389 1 3.41277 389 148.638 0.101912 189 632 0 197 1018 344 
39 400 1 3.37864 400 185.736 0.104794 191 646 0 222 1059 356 
40 410 1 3.34486 410 162.647 0.107414 194 660 0 251 1105 369 
41 448 1 3.31141 448 195.212 0.11737 203 674 0 304 1181 382 
42 449 1 3.2783 449 149.499 0.117632 209 688 0 334 1231 395 
43 449 1 3.24551 449 149.499 0.117632 212 702 0 359 1273 408 
44 449 1 3.21306 449 149.499 0.117632 212 716 0 382 1310 421 
45 459 1 3.18093 459 190.307 0.120252 214 730 0 417 1361 434 
46 463 1 3.14912 463 192.189 0.121299 216 744 0 449 1409 447 
47 467 1 3.11763 467 196.899 0.122347 217 758 0 494 1469 460 
48 480 1 3.08645 480 168.492 0.125753 220 772 0 568 1560 473 
49 482 1 3.05559 482 205.653 0.126277 235 786 0 668 1689 486 
50 482 1 3.02503 482 205.653 0.126277 242 800 0 881 1923 499 
51 489 1 2.99478 489 197.007 0.128111 253 814 0 955 2022 512 
52 489 1 2.96483 489 197.007 0.128111 255 828 0 1058 2141 525 
53 491 1 2.93518 491 201.955 0.128635 266 842 0 1139 2247 538 
54 509 1 2.90583 509 198.514 0.133351 271 856 0 1495 2622 552 
55 529 1 2.87677 529 227.266 0.138591 278 870 0 2132 3280 566 
56 541 1 2.84801 541 254.741 0.141734 281 884 0 3012 4177 580 
57 544 1 2.81953 544 235.371 0.14252 282 898 0 3977 5157 594 
58 550 1 2.79133 550 239.925 0.144092 283 912 0 4790 5985 608 
59 552 1 2.76342 552 244.542 0.144616 288 926 0 5704 6918 622 
60 552 1 2.73578 552 227.536 0.144616 290 940 0 6551 7781 636 
61 552 1 2.70842 552 225.988 0.144616 290 954 0 9081 10325 650 
62 568 1 2.68134 568 214.366 0.148808 304 968 0 10961 12233 664 
63 593 1 2.65453 593 231.113 0.155358 311 982 0 12995 14288 678 
64 602 1 2.62798 602 230.963 0.157715 316 996 0 14936 16248 692 
65 607 1 2.6017 607 240.739 0.159025 318 1010 0 24355 25683 706 
66 607 1 2.57568 607 237.9 0.159025 318 1024 0 27681 29023 720 
67 607 1 2.54993 607 237.761 0.159025 319 1038 0 28779 30136 734 
68 634 1 2.52443 634 239.813 0.166099 324 1052 0 35295 36671 748 
69 634 1 2.49918 634 229.754 0.166099 330 1066 0 42279 43675 762 
70 646 1 2.47419 646 237.163 0.169243 341 1088 0 56042 57471 776 
71 656 1 2.44945 656 245.089 0.171863 350 1110 0 80340 81800 790 
72 657 1 2.42496 657 263.452 0.172125 357 1132 0 99584 101073 804 
73 700 1 2.40071 700 257.449 0.18339 371 1154 0 133224 134749 818 
74 700 1 2.3767 700 254.15 0.18339 376 1176 0 156680 158232 833 
75 709 1 2.35293 709 242.007 0.185748 386 1198 0 183364 184948 848 
76 709 1 2.3294 709 242.007 0.185748 391 1220 0 223879 225490 863 
77 709 1 2.30611 709 242.007 0.185748 394 1242 0 320639 322275 878 
78 710 1 2.28305 710 257.911 0.18601 395 1264 0 382741 384400 893 
79 746 1 2.26022 746 252.197 0.195441 412 1286 0 508629 510327 908 
80 746 1 2.23762 746 242.849 0.195441 428 1308 0 616003 617739 923 
81 784 1 2.21524 784 234.1 0.205397 439 1330 0 761857 763626 938 
82 787 1 2.19309 787 232.992 0.206183 443 1352 0 916383 918178 953 
83 788 1 2.17116 788 245.867 0.206445 443 1374 0 1303334 1305151 968 
