1 4 0.01 11.88 4 0 0.00104794 0 14 0 0 14 0 
6 77 0.0585198 11.2978 61 8.53038 0.0159811 20 84 0 0 104 15 
26 279 0.229957 9.24052 168 31.58 0.0440136 129 409 0 5 543 203 
46 463 0.370176 7.55788 229 36.5838 0.0599948 216 744 0 25 985 447 
56 541 0.430399 6.83521 268 68.7107 0.0702122 281 884 0 48 1213 580 
63 593 0.469094 6.37087 326 123.44 0.0854074 311 982 0 77 1370 678 
70 646 0.505161 5.93806 383 133.701 0.100341 341 1088 0 100 1529 776 
78 710 0.54339 5.47932 451 138.776 0.118156 395 1264 0 118 1777 893 
85 790 0.57441 5.10708 543 173.307 0.142258 447 1418 0 139 2004 998 
93 922 0.607289 4.71253 602 145.319 0.157715 509 1594 0 167 2270 1118 
99 971 0.63027 4.43676 702 188.997 0.183914 565 1726 0 197 2488 1208 
103 1128 0.644839 4.26193 785 152.706 0.205659 611 1814 0 220 2645 1272 
111 1232 0.672277 3.93267 886 174.074 0.232119 663 1965 0 242 2870 1400 
119 1278 0.697595 3.62885 921 183.247 0.241289 703 2101 0 270 3074 1528 
123 1305 0.709511 3.48586 932 206.14 0.244171 726 2169 0 301 3196 1592 
125 1307 0.715292 3.41649 951 201.786 0.249149 756 2203 0 332 3291 1624 
128 1322 0.723748 3.31502 972 193.827 0.25465 764 2254 0 362 3380 1672 
130 1333 0.729246 3.24905 984 199.845 0.257794 788 2288 0 393 3469 1704 
132 1342 0.734634 3.1844 1014 190.035 0.265654 802 2322 0 424 3548 1736 
136 1362 0.74509 3.05892 1032 204.119 0.270369 812 2390 0 496 3698 1802 
138 1384 0.750163 2.99804 1040 204.301 0.272465 825 2424 0 545 3794 1836 
139 1385 0.752661 2.96806 1051 196.028 0.275347 833 2441 0 608 3882 1853 
142 1386 0.760008 2.87991 1061 196.646 0.277967 842 2516 0 695 4053 1904 
144 1416 0.764783 2.8226 1084 201.692 0.283993 852 2566 0 820 4238 1938 
145 1416 0.767136 2.79437 1091 187.782 0.285827 852 2591 0 900 4343 1955 
146 1496 0.769464 2.76643 1158 199.434 0.30338 876 2616 0 1007 4499 1972 
147 1529 0.77177 2.73877 1189 191.405 0.311501 907 2641 0 1205 4753 1989 
148 1546 0.774052 2.71138 1198 195.571 0.313859 911 2666 0 1348 4925 2006 
149 1556 0.776311 2.68426 1213 195.553 0.317789 917 2691 0 1521 5129 2023 
150 1563 0.778548 2.65742 1217 201.76 0.318837 923 2716 0 1911 5550 2040 
151 1566 0.780763 2.63085 1229 195.433 0.321981 927 2741 0 2080 5748 2057 
153 1567 0.785126 2.57849 1233 194.782 0.323029 934 2791 0 2362 6087 2091 
154 1567 0.787274 2.55271 1234 194.479 0.323291 966 2816 0 2689 6471 2108 
155 1567 0.789402 2.52718 1244 187.677 0.32591 967 2841 0 3005 6813 2125 
156 1574 0.791508 2.50191 1246 196.342 0.326434 973 2866 0 4746 8585 2142 
157 1585 0.793592 2.47689 1260 193.271 0.330102 979 2891 0 5134 9004 2159 
158 1589 0.795657 2.45212 1267 195.347 0.331936 981 2916 0 5607 9504 2176 
159 1590 0.7977 2.4276 1286 193.702 0.336914 992 2941 0 6323 10256 2193 
163 1599 0.805671 2.33194 1291 185.694 0.338224 998 3041 0 6807 10846 2261 
164 1599 0.807615 2.30862 1304 191.759 0.34163 998 3066 0 8320 12384 2278 
165 1620 0.809538 2.28554 1317 180.061 0.345035 1007 3091 0 8872 12970 2295 
166 1687 0.811443 2.26268 1371 190.664 0.359183 1023 3116 0 12160 16299 2312 
167 1687 0.813329 2.24006 1381 191.827 0.361802 1024 3141 0 14666 18831 2329 
170 1731 0.818873 2.17352 1418 195.71 0.371496 1040 3216 0 40999 45255 2380 
171 1768 0.820684 2.15179 1454 194.425 0.380927 1060 3241 0 54329 58630 2397 
172 1768 0.822477 2.13027 1466 203.632 0.384071 1074 3266 0 118910 123250 2414 
176 1771 0.829473 2.04633 1469 188.36 0.384857 1082 3363 0 157158 161603 2482 
177 1774 0.831178 2.02587 1475 177.869 0.386429 1091 3387 0 172656 177134 2499 
178 1784 0.832866 2.00561 1492 197.5 0.390883 1106 3411 0 233005 237522 2516 
179 1788 0.834537 1.98555 1495 188.261 0.391669 1116 3435 0 369919 374470 2533 
180 1791 0.836192 1.9657 1498 197.137 0.392455 1121 3459 0 788111 792691 2550 
181 1808 0.83783 1.94604 1518 195.984 0.397695 1129 3483 0 1176744 1181356 2567 
