1 4 1 2.97 4 0 0.00104794 0 14 0 0 14 0 
2 7 1 2.9403 7 3 0.0018339 0 28 0 0 28 1 
3 54 1 2.9109 54 7.28892 0.0141472 9 42 0 0 51 3 
4 64 1 2.88179 64 10.2889 0.0167671 14 56 0 0 70 6 
5 66 1 2.85297 66 13.2889 0.0172911 15 70 0 0 85 10 
6 77 1 2.82444 77 16.2889 0.0201729 20 84 0 0 104 15 
7 77 1 2.7962 77 16.2889 0.0201729 20 98 0 0 118 21 
8 93 1 2.76823 93 20.6207 0.0243647 32 112 0 0 144 28 
9 103 1 2.74055 103 33.338 0.0269845 40 126 0 0 166 36 
10 112 1 2.71315 112 39.0335 0.0293424 48 140 0 0 188 44 
11 134 1 2.68601 134 42.0335 0.0351061 55 154 0 0 209 52 
12 140 1 2.65915 140 45.0335 0.036678 56 168 0 0 224 61 
13 141 1 2.63256 141 47.1582 0.03694 57 182 0 0 239 70 
14 141 1 2.60624 141 47.1582 0.03694 64 196 0 0 260 79 
15 149 1 2.58017 149 54.8782 0.0390359 72 210 0 0 282 88 
16 161 1 2.55437 161 51.2538 0.0421797 82 224 0 0 306 98 
17 161 1 2.52883 161 51.2538 0.0421797 83 238 0 0 321 108 
18 163 1 2.50354 163 54.2538 0.0427037 84 257 0 0 341 118 
19 226 1 2.47851 226 58.5368 0.0592088 99 276 0 1 376 128 
20 230 1 2.45372 230 75.062 0.0602567 103 295 0 5 403 138 
21 230 1 2.42918 230 70.882 0.0602567 111 314 0 9 434 148 
22 231 1 2.40489 231 80.5124 0.0605187 111 333 0 13 457 159 
23 253 1 2.38084 253 80.6061 0.0662824 124 352 0 23 499 170 
24 267 1 2.35703 267 98.5351 0.0699502 127 371 0 36 534 181 
25 270 1 2.33346 270 92.7157 0.0707362 127 390 0 44 561 192 
26 279 1 2.31013 279 101.696 0.0730941 129 409 0 55 593 203 
27 279 1 2.28703 279 101.185 0.0730941 129 428 0 66 623 214 
28 308 1 2.26416 308 98.3561 0.0806916 142 447 0 81 670 225 
29 308 1 2.24152 308 98.3561 0.0806916 146 466 0 101 713 236 
30 330 1 2.2191 330 85.9058 0.0864553 153 485 0 129 767 248 
31 361 1 2.19691 361 89.4914 0.0945769 164 504 0 162 830 260 
32 377 1 2.17494 377 102.33 0.0987687 167 523 0 210 900 272 
33 381 1 2.15319 381 111.126 0.0998166 168 542 0 278 988 284 
34 381 1 2.13166 381 111.126 0.0998166 170 561 0 425 1156 296 
35 381 1 2.11034 381 111.126 0.0998166 179 580 0 560 1319 308 
36 382 1 2.08924 382 109.392 0.100079 181 599 0 667 1447 320 
37 387 1 2.06835 387 121.743 0.101389 189 618 0 827 1634 332 
38 389 1 2.04766 389 140.225 0.101912 189 632 0 1306 2127 344 
39 400 1 2.02719 400 127.196 0.104794 191 646 0 1506 2343 356 
40 410 1 2.00692 410 162.091 0.107414 194 660 0 1771 2625 369 
41 448 1 1.98685 448 149.506 0.11737 203 674 0 2149 3026 382 
42 449 1 1.96698 449 124.956 0.117632 209 688 0 2349 3246 395 
43 449 1 1.94731 449 124.956 0.117632 212 702 0 2630 3544 408 
44 449 1 1.92783 449 124.956 0.117632 212 716 0 3207 4135 421 
45 459 1 1.90856 459 135.335 0.120252 214 730 0 3746 4690 434 
46 463 1 1.88947 463 153.411 0.121299 216 744 0 4827 5787 447 
47 467 1 1.87058 467 164.888 0.122347 217 758 0 5691 6666 460 
48 480 1 1.85187 480 175.341 0.125753 220 772 0 7130 8122 473 
49 482 1 1.83335 482 175.234 0.126277 235 786 0 8967 9988 486 
50 482 1 1.81502 482 175.234 0.126277 242 800 0 11564 12606 499 
51 489 1 1.79687 489 169.949 0.128111 253 814 0 14383 15450 512 
52 489 1 1.7789 489 169.949 0.128111 255 828 0 18350 19433 525 
53 491 1 1.76111 491 185.661 0.128635 266 842 0 24827 25935 538 
54 509 1 1.7435 509 191.371 0.133351 271 856 0 29862 30989 552 
55 529 1 1.72606 529 173.374 0.138591 278 870 0 38278 39426 566 
56 541 1 1.7088 541 211.314 0.141734 281 884 0 53777 54942 580 
57 544 1 1.69172 544 193.773 0.14252 282 898 0 99319 100499 594 
58 550 1 1.6748 550 203.283 0.144092 283 912 0 157106 158301 608 
59 552 1 1.65805 552 197.67 0.144616 288 926 0 203968 205182 622 
60 552 1 1.64147 552 197.67 0.144616 290 940 0 286821 288051 636 
61 552 1 1.62506 552 196.605 0.144616 290 954 0 390548 391792 650 
62 568 1 1.6088 568 201.152 0.148808 304 968 0 451506 452778 664 
63 593 1 1.59272 593 189.382 0.155358 311 982 0 520371 521664 678 
64 602 1 1.57679 602 196.009 0.157715 316 996 0 577026 578338 692 
65 607 1 1.56102 607 209.601 0.159025 318 1010 0 683007 684335 706 
66 607 1 1.54541 607 203.04 0.159025 318 1024 0 794858 796200 720 
67 607 1 1.52996 607 203.04 0.159025 319 1038 0 958947 960304 734 
68 634 1 1.51466 634 200.173 0.166099 324 1052 0 1183134 1184510 748 
69 634 1 1.49951 634 191.171 0.166099 330 1066 0 1555528 1556924 762 
