1 4 1 9.9 4 0 0.00104794 0 14 0 0 14 0 
2 7 1 9.801 7 3 0.0018339 0 28 0 0 28 1 
3 54 1 9.70299 54 7.28892 0.0141472 9 42 0 0 51 3 
4 64 1 9.60596 64 10.2889 0.0167671 14 56 0 0 70 6 
5 66 1 9.5099 66 13.2889 0.0172911 15 70 0 0 85 10 
6 77 1 9.4148 77 16.2889 0.0201729 20 84 0 0 104 15 
7 77 1 9.32065 77 16.2889 0.0201729 20 98 0 0 118 21 
8 93 1 9.22745 93 20.6207 0.0243647 32 112 0 0 144 28 
9 103 1 9.13517 103 33.338 0.0269845 40 126 0 0 166 36 
10 112 1 9.04382 112 39.338 0.0293424 48 140 0 0 188 44 
11 134 1 8.95338 134 42.7487 0.0351061 55 154 0 0 209 52 
12 140 1 8.86385 140 60.0994 0.036678 56 168 0 0 224 61 
13 141 1 8.77521 141 65.635 0.03694 57 182 0 0 239 70 
14 141 1 8.68746 141 65.635 0.03694 64 196 0 0 260 79 
15 149 1 8.60058 149 67.5955 0.0390359 72 210 0 0 282 88 
16 161 1 8.51458 161 57.4898 0.0421797 82 224 0 0 306 98 
17 161 1 8.42943 161 57.4898 0.0421797 83 238 0 0 321 108 
18 163 1 8.34514 163 60.4898 0.0427037 84 257 0 0 341 118 
19 226 1 8.26169 226 72.6583 0.0592088 99 276 0 0 375 128 
20 230 1 8.17907 230 70.8139 0.0602567 103 295 0 1 399 138 
21 230 1 8.09728 230 70.8139 0.0602567 111 314 0 2 427 148 
22 231 1 8.0163 231 76.7967 0.0605187 111 333 0 3 447 159 
23 253 1 7.93614 253 90.6429 0.0662824 124 352 0 4 480 170 
24 267 1 7.85678 267 93.6429 0.0699502 127 371 0 5 503 181 
25 270 1 7.77821 270 90.0793 0.0707362 127 390 0 6 523 192 
26 279 1 7.70043 279 93.0793 0.0730941 129 409 0 7 545 203 
27 279 1 7.62343 279 93.0793 0.0730941 129 428 0 8 565 214 
28 308 1 7.54719 308 129.423 0.0806916 142 447 0 11 600 225 
29 308 1 7.47172 308 129.423 0.0806916 146 466 0 13 625 236 
30 330 1 7.397 330 103.153 0.0864553 153 485 0 15 653 248 
31 361 1 7.32303 361 112.434 0.0945769 164 504 0 18 686 260 
32 377 1 7.2498 377 133.974 0.0987687 167 523 0 22 712 272 
33 381 1 7.1773 381 140.787 0.0998166 168 542 0 28 738 284 
34 381 1 7.10553 381 140.787 0.0998166 170 561 0 34 765 296 
35 381 1 7.03448 381 140.787 0.0998166 179 580 0 40 799 308 
36 382 1 6.96413 382 168.772 0.100079 181 599 0 47 827 320 
37 387 1 6.89449 387 147.228 0.101389 189 618 0 57 864 332 
38 389 1 6.82555 389 189.716 0.101912 189 632 0 63 884 344 
39 400 1 6.75729 400 212.219 0.104794 191 646 0 70 907 356 
40 410 1 6.68972 410 207.39 0.107414 194 660 0 77 931 369 
41 448 1 6.62282 448 210.39 0.11737 203 674 0 86 963 382 
42 449 1 6.55659 449 213.39 0.117632 209 688 0 96 993 395 
43 449 1 6.49102 449 213.39 0.117632 212 702 0 109 1023 408 
44 449 1 6.42611 449 212.391 0.117632 212 716 0 118 1046 421 
45 459 1 6.36185 459 260.742 0.120252 214 730 0 129 1073 434 
46 463 1 6.29823 463 262.354 0.121299 216 744 0 140 1100 447 
47 467 1 6.23525 467 225.102 0.122347 217 758 0 153 1128 460 
48 480 1 6.1729 480 293.832 0.125753 220 772 0 181 1173 473 
49 482 1 6.11117 482 251.947 0.126277 235 786 0 206 1227 486 
50 482 1 6.05006 482 251.947 0.126277 242 800 0 229 1271 499 
51 489 1 5.98956 489 281.964 0.128111 253 814 0 254 1321 512 
52 489 1 5.92966 489 250.689 0.128111 255 828 0 330 1413 525 
53 491 1 5.87037 491 290.601 0.128635 266 842 0 384 1492 538 
54 509 1 5.81166 509 283.326 0.133351 271 856 0 448 1575 552 
55 529 1 5.75355 529 286.447 0.138591 278 870 0 529 1677 566 
56 541 1 5.69601 541 315.011 0.141734 281 884 0 613 1778 580 
57 544 1 5.63905 544 329.08 0.14252 282 898 0 692 1872 594 
58 550 1 5.58266 550 375.355 0.144092 283 912 0 793 1988 608 
59 552 1 5.52683 552 312.107 0.144616 288 926 0 930 2144 622 
60 552 1 5.47157 552 312.107 0.144616 290 940 0 1070 2300 636 
61 552 1 5.41685 552 312.107 0.144616 290 954 0 1213 2457 650 
62 568 1 5.36268 568 313.973 0.148808 304 968 0 1269 2541 664 
63 593 1 5.30905 593 319.368 0.155358 311 982 0 1327 2620 678 
64 602 1 5.25596 602 329.185 0.157715 316 996 0 1384 2696 692 
65 607 1 5.2034 607 367.484 0.159025 318 1010 0 1485 2813 706 
66 607 1 5.15137 607 341.413 0.159025 318 1024 0 1620 2962 720 
67 607 1 5.09986 607 331.164 0.159025 319 1038 0 1804 3161 734 
68 634 1 5.04886 634 306.882 0.166099 324 1052 0 1908 3284 748 
69 634 1 4.99837 634 306.882 0.166099 330 1066 0 2048 3444 762 
70 646 1 4.94839 646 292.041 0.169243 341 1088 0 2201 3630 776 
71 656 1 4.8989 656 328.796 0.171863 350 1110 0 2386 3846 790 
72 657 1 4.84991 657 300.344 0.172125 357 1132 0 2560 4049 804 
73 700 1 4.80141 700 346.542 0.18339 371 1154 0 2770 4295 818 
74 700 1 4.7534 700 335.557 0.18339 376 1176 0 2844 4396 833 
75 709 1 4.70587 709 308.713 0.185748 386 1198 0 2948 4532 848 
76 709 1 4.65881 709 308.713 0.185748 391 1220 0 3132 4743 863 
77 709 1 4.61222 709 304.334 0.185748 394 1242 0 3470 5106 878 
78 710 1 4.5661 710 341.66 0.18601 395 1264 0 3697 5356 893 
79 746 1 4.52044 746 371.976 0.195441 412 1286 0 4096 5794 908 
80 746 1 4.47523 746 333.167 0.195441 428 1308 0 4710 6446 923 
81 784 1 4.43048 784 329.412 0.205397 439 1330 0 5240 7009 938 
82 787 1 4.38617 787 344.736 0.206183 443 1352 0 6036 7831 953 
83 788 1 4.34231 788 317.78 0.206445 443 1374 0 6981 8798 968 
84 788 1 4.29889 788 317.78 0.206445 446 1396 0 8320 10162 983 
85 790 1 4.2559 790 348.473 0.206969 447 1418 0 11246 13111 998 
86 791 1 4.21334 791 291.139 0.207231 450 1440 0 13017 14907 1013 
87 791 1 4.17121 791 291.139 0.207231 461 1462 0 15755 17678 1028 
88 794 1 4.1295 794 322.391 0.208017 466 1484 0 19068 21018 1043 
89 797 1 4.0882 797 344.039 0.208803 470 1506 0 22267 24243 1058 
90 797 1 4.04732 797 325.922 0.208803 472 1528 0 33602 35602 1073 
91 797 1 4.00685 797 307.752 0.208803 485 1550 0 39468 41503 1088 
92 842 1 3.96678 842 328.543 0.220592 491 1572 0 42886 44949 1103 
93 922 1 3.92711 922 339.212 0.241551 509 1594 0 50446 52549 1118 
94 922 1 3.88784 922 339.212 0.241551 513 1616 0 66156 68285 1133 
95 931 1 3.84896 931 350.592 0.243909 519 1638 0 76637 78794 1148 
96 949 1 3.81047 949 339.941 0.248625 534 1660 0 104983 107177 1163 
97 949 1 3.77237 949 339.941 0.248625 549 1682 0 159127 161358 1178 
98 949 1 3.73464 949 339.941 0.248625 560 1704 0 192783 195047 1193 
99 971 1 3.6973 971 334.339 0.254388 565 1726 0 261216 263507 1208 
100 971 1 3.66032 971 334.339 0.254388 565 1748 0 389385 391698 1224 
101 971 1 3.62372 971 317.392 0.254388 574 1770 0 572496 574840 1240 
102 1070 1 3.58748 1070 337.633 0.280325 599 1792 0 650863 653254 1256 
103 1128 1 3.55161 1128 310.937 0.29552 611 1814 0 742202 744627 1272 
104 1151 1 3.51609 1151 321.856 0.301546 617 1836 0 979280 981733 1288 
105 1151 1 3.48093 1151 319.691 0.301546 628 1858 0 1169108 1171594 1304 
106 1151 1 3.44612 1151 319.691 0.301546 628 1880 0 1729977 1732485 1320 
