1 4 1 14.85 4 0 0.00104794 0 14 0 0 14 0 
2 7 1 14.7015 7 3 0.0018339 0 28 0 0 28 1 
3 54 1 14.5545 54 7.28892 0.0141472 9 42 0 0 51 3 
4 64 1 14.4089 64 10.2889 0.0167671 14 56 0 0 70 6 
5 66 1 14.2649 66 13.2889 0.0172911 15 70 0 0 85 10 
6 77 1 14.1222 77 16.2889 0.0201729 20 84 0 0 104 15 
7 77 1 13.981 77 16.2889 0.0201729 20 98 0 0 118 21 
8 93 1 13.8412 93 20.6207 0.0243647 32 112 0 0 144 28 
9 103 1 13.7028 103 33.338 0.0269845 40 126 0 0 166 36 
10 112 1 13.5657 112 39.338 0.0293424 48 140 0 0 188 44 
11 134 1 13.4301 134 42.7487 0.0351061 55 154 0 0 209 52 
12 140 1 13.2958 140 60.0994 0.036678 56 168 0 0 224 61 
13 141 1 13.1628 141 65.635 0.03694 57 182 0 0 239 70 
14 141 1 13.0312 141 65.635 0.03694 64 196 0 0 260 79 
15 149 1 12.9009 149 67.5955 0.0390359 72 210 0 0 282 88 
16 161 1 12.7719 161 57.4898 0.0421797 82 224 0 0 306 98 
17 161 1 12.6441 161 57.4898 0.0421797 83 238 0 0 321 108 
18 163 1 12.5177 163 60.4898 0.0427037 84 257 0 0 341 118 
19 226 1 12.3925 226 72.6583 0.0592088 99 276 0 0 375 128 
20 230 1 12.2686 230 70.8139 0.0602567 103 295 0 1 399 138 
21 230 1 12.1459 230 70.8139 0.0602567 111 314 0 2 427 148 
22 231 1 12.0245 231 76.7967 0.0605187 111 333 0 3 447 159 
23 253 1 11.9042 253 90.6429 0.0662824 124 352 0 4 480 170 
24 267 1 11.7852 267 93.6429 0.0699502 127 371 0 5 503 181 
25 270 1 11.6673 270 90.0793 0.0707362 127 390 0 6 523 192 
26 279 1 11.5506 279 93.0793 0.0730941 129 409 0 7 545 203 
27 279 1 11.4351 279 93.0793 0.0730941 129 428 0 8 565 214 
28 308 1 11.3208 308 129.423 0.0806916 142 447 0 10 599 225 
29 308 1 11.2076 308 129.423 0.0806916 146 466 0 12 624 236 
30 330 1 11.0955 330 103.153 0.0864553 153 485 0 15 653 248 
31 361 1 10.9845 361 112.434 0.0945769 164 504 0 17 685 260 
32 377 1 10.8747 377 133.974 0.0987687 167 523 0 21 711 272 
33 381 1 10.766 381 140.787 0.0998166 168 542 0 27 737 284 
34 381 1 10.6583 381 140.787 0.0998166 170 561 0 33 764 296 
35 381 1 10.5517 381 140.787 0.0998166 179 580 0 39 798 308 
36 382 1 10.4462 382 168.772 0.100079 181 599 0 46 826 320 
37 387 1 10.3417 387 147.228 0.101389 189 618 0 54 861 332 
38 389 1 10.2383 389 189.716 0.101912 189 632 0 60 881 344 
39 400 1 10.1359 400 212.219 0.104794 191 646 0 67 904 356 
40 410 1 10.0346 410 207.39 0.107414 194 660 0 75 929 369 
41 448 1 9.93423 448 210.39 0.11737 203 674 0 83 960 382 
42 449 1 9.83489 449 213.39 0.117632 209 688 0 93 990 395 
43 449 1 9.73654 449 213.39 0.117632 212 702 0 106 1020 408 
44 449 1 9.63917 449 212.391 0.117632 212 716 0 116 1044 421 
45 459 1 9.54278 459 260.742 0.120252 214 730 0 126 1070 434 
46 463 1 9.44735 463 262.354 0.121299 216 744 0 137 1097 447 
47 467 1 9.35288 467 225.102 0.122347 217 758 0 150 1125 460 
48 480 1 9.25935 480 293.832 0.125753 220 772 0 178 1170 473 
49 482 1 9.16676 482 251.947 0.126277 235 786 0 202 1223 486 
50 482 1 9.07509 482 251.947 0.126277 242 800 0 224 1266 499 
51 489 1 8.98434 489 281.964 0.128111 253 814 0 248 1315 512 
52 489 1 8.8945 489 250.689 0.128111 255 828 0 299 1382 525 
53 491 1 8.80555 491 290.601 0.128635 266 842 0 350 1458 538 
54 509 1 8.7175 509 304.867 0.133351 271 856 0 369 1496 552 
55 529 1 8.63032 529 312.627 0.138591 278 870 0 429 1577 566 
56 541 1 8.54402 541 325.584 0.141734 281 884 0 511 1676 580 
57 544 1 8.45858 544 323.827 0.14252 282 898 0 677 1857 594 
58 550 1 8.37399 550 349.215 0.144092 283 912 0 794 1989 608 
59 552 1 8.29025 552 359.305 0.144616 288 926 0 923 2137 622 
60 552 1 8.20735 552 359.305 0.144616 290 940 0 1035 2265 636 
61 552 1 8.12527 552 358.603 0.144616 290 954 0 1147 2391 650 
62 568 1 8.04402 568 341.494 0.148808 304 968 0 1283 2555 664 
63 593 1 7.96358 593 392.201 0.155358 311 982 0 1436 2729 678 
64 602 1 7.88395 602 389.936 0.157715 316 996 0 1633 2945 692 
65 607 1 7.80511 607 300.021 0.159025 318 1010 0 1759 3087 706 
66 607 1 7.72706 607 300.021 0.159025 318 1024 0 1881 3223 720 
67 607 1 7.64979 607 300.021 0.159025 319 1038 0 1985 3342 734 
68 634 1 7.57329 634 334.783 0.166099 324 1052 0 2088 3464 748 
69 634 1 7.49755 634 334.783 0.166099 330 1066 0 2208 3604 762 
70 646 1 7.42258 646 329.26 0.169243 341 1088 0 2267 3696 776 
71 656 1 7.34835 656 325.909 0.171863 350 1110 0 2358 3818 790 
72 657 1 7.27487 657 336.229 0.172125 357 1132 0 2510 3999 804 
73 700 1 7.20212 700 440.196 0.18339 371 1154 0 2794 4319 818 
74 700 1 7.1301 700 375.491 0.18339 376 1176 0 2939 4491 833 
75 709 1 7.0588 709 393.306 0.185748 386 1198 0 3095 4679 848 
76 709 1 6.98821 709 393.306 0.185748 391 1220 0 3259 4870 863 
77 709 1 6.91833 709 393.306 0.185748 394 1242 0 3377 5013 878 
78 710 1 6.84915 710 431.8 0.18601 395 1264 0 3494 5153 893 
79 746 1 6.78065 746 373.644 0.195441 412 1286 0 3619 5317 908 
80 746 1 6.71285 746 373.644 0.195441 428 1308 0 3775 5511 923 
81 784 1 6.64572 784 428.602 0.205397 439 1330 0 4003 5772 938 
82 787 1 6.57926 787 404.377 0.206183 443 1352 0 4143 5938 953 
83 788 1 6.51347 788 416.837 0.206445 443 1374 0 4281 6098 968 
84 788 1 6.44833 788 416.837 0.206445 446 1396 0 4555 6397 983 
85 790 1 6.38385 790 337.51 0.206969 447 1418 0 4715 6580 998 
86 791 1 6.32001 791 419.381 0.207231 450 1440 0 5074 6964 1013 
87 791 1 6.25681 791 391.774 0.207231 461 1462 0 5328 7251 1028 
88 794 1 6.19424 794 404.441 0.208017 466 1484 0 5676 7626 1043 
89 797 1 6.1323 797 412.824 0.208803 470 1506 0 6012 7988 1058 
90 797 1 6.07098 797 395.608 0.208803 472 1528 0 6567 8567 1073 
91 797 1 6.01027 797 368.707 0.208803 485 1550 0 6905 8940 1088 
92 842 1 5.95017 842 366.281 0.220592 491 1572 0 7247 9310 1103 
93 922 1 5.89066 922 398.257 0.241551 509 1594 0 7860 9963 1118 
94 922 1 5.83176 922 398.257 0.241551 513 1616 0 8995 11124 1133 
95 931 1 5.77344 931 415.304 0.243909 519 1638 0 10945 13102 1148 
96 949 1 5.71571 949 394.596 0.248625 534 1660 0 13373 15567 1163 
97 949 1 5.65855 949 378.219 0.248625 549 1682 0 15346 17577 1178 
98 949 1 5.60196 949 370.075 0.248625 560 1704 0 16310 18574 1193 
99 971 1 5.54594 971 392.211 0.254388 565 1726 0 17535 19826 1208 
100 971 1 5.49048 971 383.959 0.254388 565 1748 0 20105 22418 1224 
101 971 1 5.43558 971 383.959 0.254388 574 1770 0 21465 23809 1240 
102 1070 1 5.38122 1070 415.098 0.280325 599 1792 0 27751 30142 1256 
103 1128 1 5.32741 1128 395.405 0.29552 611 1814 0 31964 34389 1272 
104 1151 1 5.27414 1151 432.664 0.301546 617 1836 0 39132 41585 1288 
105 1151 1 5.2214 1151 384.261 0.301546 628 1858 0 46899 49385 1304 
106 1151 1 5.16918 1151 384.261 0.301546 628 1880 0 51901 54409 1320 
107 1151 1 5.11749 1151 384.261 0.301546 637 1897 0 65421 67955 1336 
108 1151 1 5.06631 1151 384.261 0.301546 639 1914 0 71547 74100 1352 
109 1155 1 5.01565 1155 396.514 0.302594 640 1931 0 93175 95746 1368 
110 1159 1 4.9655 1159 397.53 0.303642 641 1948 0 110739 113328 1384 
111 1232 1 4.91584 1232 409.702 0.322767 663 1965 0 134268 136896 1400 
112 1232 1 4.86668 1232 374.244 0.322767 663 1982 0 152263 154908 1416 
113 1242 1 4.81801 1242 386.757 0.325386 665 1999 0 185448 188112 1432 
114 1251 1 4.76983 1251 419.111 0.327744 668 2016 0 316860 319544 1448 
115 1254 1 4.72214 1254 383.624 0.32853 689 2033 0 333408 336130 1464 
116 1255 1 4.67491 1255 419.908 0.328792 690 2050 0 371180 373920 1480 
117 1265 1 4.62817 1265 395.524 0.331412 696 2067 0 445615 448378 1496 
118 1272 1 4.58188 1272 415.948 0.333246 699 2084 0 723470 726253 1512 
119 1278 1 4.53607 1278 412.671 0.334818 703 2101 0 844630 847434 1528 
120 1296 1 4.4907 1296 387.655 0.339534 709 2118 0 1187292 1190119 1544 
