 46.6181 -13.0814 -26.9676 -0.159632 0.42402
 50.3159 -10.2348 -27.5385 0.619331 0.541105
 46.3364 -11.7899 -22.1986 -0.252513 0.484706
  49.141 -12.3023   -18.32 0.156574 0.634362
 53.2814 -10.2153 -16.7093 -0.0823134 0.670217
 51.9761 -7.42319 -12.9862 0.355579 0.732548
 56.8191 -6.51045 -12.3599 0.357044 0.827402
 46.0126 -7.11076 -21.3876 -0.836833 0.348903
 51.1731 -6.49745 -18.0543 -0.0586796 1.25966
 54.8705 -2.62729 -11.8435 -1.11876 0.428889
  59.0992 -0.902011  -9.91436 -1.05398 0.490751
 63.8791 -2.12469 -10.1824 -1.22024 0.480511
 46.6199 -13.7339 -29.4375 0.776871 0.767176
 63.3692 -2.82341 -5.58062 -0.406238 0.341561
 51.4899 -2.35306 -19.7106 -1.07251 0.696441
 52.0128 -9.53369 -8.54519 0.394318 0.94233
 56.5068 -5.90832 -11.8467 0.590978 1.35315
 68.4279 -3.71608 -10.0856 -1.75827 0.482257
 56.0545 -11.4809 -7.58348 1.61114 0.960817
 51.7668 -7.64976 -21.1572 -2.0071 1.39155
 64.9472 -6.40617 -2.95247 -0.84939 0.752673
 53.7333 -7.68252 -27.1694 2.10115 1.21551
 51.9383 -12.0276 -25.7039 2.52971 0.127042
 72.6252 -4.72884 -7.77696 -2.02371 0.436449
 45.3612 -11.5593 -22.2883 1.66974 0.268666
 77.4811 -5.73981 -7.23541 -2.02165 0.406882
 81.9725 -7.38612 -6.97374 -2.61584 0.440502
 55.0037 -12.1263 -3.34059 0.0812184 1.17556
 55.9582 -5.55248 -12.6964 -1.51852 0.738096
 50.6605 -12.8222 -2.39258 1.57974 1.17811
 52.5953 -6.59924 -5.23579 1.58029 0.511963
 48.3048 -12.6467  1.09229 -0.35651 0.744474
 85.4518 -5.08884 -9.23069 -1.85245 0.454157
 81.4377 -6.71339 -5.25502 -3.06349 0.274727
 65.7859 -10.0991 0.222071 -0.992581 0.784842
 89.2746 -6.14524 -6.35159 -2.05506 0.548754
 51.2692 -3.23642 -1.97184 1.27104 0.43231
 84.7759  -5.6672 -13.8755 -1.10955 0.523505
 88.6684 -3.53729 -15.8407 -0.754592 0.436804
 91.1244 -3.75856  -19.828 0.155526 0.461955
  94.864  -5.2055 -22.2325 0.817437 0.773621
 97.3588 -2.33587 -25.2685 0.602153 0.960874
 50.1677 -3.26218 -7.19638 2.58574 0.800444
  93.8869 -0.844384  -17.5575 1.08294 0.695677
 86.7825 0.447116 -16.9554 0.49419 0.326368
 88.5159 -1.49385 -16.5332 0.624908 0.174461
 99.0231 -6.32983 -27.3529 0.320463 0.650797
 57.1008  -4.3719 -26.3855 2.46147 0.936569
 69.7918 -10.0094  2.29969 -2.38936 0.847478
 52.7402 -1.31376 -9.78723 2.8604 1.46614
 88.6389 -5.03074 -1.54127 -2.04951 0.607727
 88.0476  4.75219 -17.6211 -0.636392 0.58709
 92.6878 -5.85056  1.16298 -2.07457 0.445147
 48.2373 -3.51689 -15.4076 -0.120831 1.34584
  48.3154 -0.598896  0.668481 0.800468 0.683369
 84.3342  2.37014 -13.3468 -0.184899 0.34952
 66.9216 -5.93984 -14.0355 -2.34276 0.396556
  97.899  1.35259 -27.5348 -1.09203 1.17881
 93.3648 -4.86202  3.32798 -0.451263 0.423965
 64.0447  -8.7246 -6.81664 -1.86844 0.946194
  71.127 -11.9656 -1.57006 -1.23727 1.08445
 55.3879 -12.6022 -2.55726 0.614936 1.08505
 88.9849 -1.34857 -6.72293 -2.27505 0.227937
 99.6521 -10.4763 -29.1974 1.48819 0.563126
 49.6337 -13.0214 0.265966 -0.417193 0.779648
  47.9411 -0.433243   2.66508 0.77533 0.157085
 97.3098 -8.78973 -19.8668 0.756299 0.885998
 46.7185 -5.61559 -19.5707 2.30549 0.99898
 87.3866  -3.8738 0.905404 -0.693203 0.227882
 48.1674 -0.68042 -22.7812 -1.42142 0.515778
  49.793  1.05982 -27.0543 -1.41985 0.192897
 52.2185 -11.8731  -21.834 0.572197 1.14492
 88.3175  2.92131 -7.97669 -1.11037 0.563511
 63.1514 -5.75287  -1.7228 3.07007 0.0326158
 88.9013  2.54239 -5.61863 -1.57777 1.17184
49.4669 -8.2555 2.91639 -0.379744 0.452434
 98.0142 -3.64191  3.95978 -0.505583 0.825108
 91.5945 -7.97976 -24.1916 0.342102 1.1555
 45.9035  3.26864 -22.3044 -0.458406 0.209318
85.7973 -6.2888  4.4314 -0.280139 1.13575
 52.2391  2.09535 -9.09513 -1.3037 1.1739
 52.2243 -13.2346 -5.55847 3.13013 1.35171
 98.7563 -8.32805 -26.7669 -2.11548 1.52614
 91.1515 -10.2094 -5.36987 -0.902762 0.647564
 93.0004 -2.55132 -15.3444 -1.83076 0.790043
 53.9737 -11.2591 -11.8408 1.56182 0.462784
  60.157 -1.20195  -2.7357 0.526179 0.647993
 57.7677 -4.92011 -8.95382 -1.23747 0.988361
 93.3156  2.52932 -20.2016 -0.523644 1.11617
 73.5723 -1.04281 -5.39385 -0.620616 0.562392
 53.0755 -10.8179 0.541015 1.58137 0.760193
 95.3825 -11.3852 -4.05593 0.0415145 0.951999
 92.9457  3.45475 -3.30258 -1.37705 0.61956
 95.0272 -7.72304 -3.44681 1.8063 0.946075
 71.3753  3.23096 -5.95822 -1.07591 0.533047
 53.4335  4.43542 -8.54133 -1.64282 0.333404
 48.2409 -5.98608 -19.1563 3.01853 1.45935
 44.6893 -6.69018 -25.9974 -0.494585 0.563598
 100.827 -10.1952 -29.7287 2.207 0.278382
 53.4278 -5.48055  -25.372 0.874604 1.51256
 62.1181 -10.4875  1.71493 1.68354 0.397885
70.4571 2.61211 -1.4006 -1.81795 0.720422
 90.0686 -13.2563  -2.4486 0.84338 0.828141
 101.984 -5.06735   1.6886 -0.424369 1.37162
 66.1041 -6.67296 -1.42656 -1.02208 1.04035
  89.4578 -0.454745 0.0358699 1.9477 0.141623
 64.8729 -10.2443  2.09719 -0.468387 0.316224
 46.8383 0.317911 -30.6495 -0.742726 0.378658
  102.68 -4.42289 -3.05187 -0.916625 1.36698
93.5479 -11.804 -23.388 1.5168 0.436632
 85.3012 -13.7151  -2.4869 1.36866 0.72214
  47.404 -2.43516 -29.0882 -0.618179 1.05442
 86.0379 -9.26333 -12.6823 1.59755 0.211325
 50.5361 -5.78622 -5.16827 2.20989 0.202213
 72.6914 -6.68706  3.68542 -1.42278 0.681036
 89.3418 -8.43449  4.55343 1.1609 0.089012
 100.675 -9.68859  1.61443 0.0359113 1.50004
45.5078 -3.3588 1.14013 -1.66173 1.32568
 93.9322 0.888584 -16.7165 -0.00528306 1.00609
 99.6315 -12.0289  -18.109 2.18093 0.377872
 52.372 -11.864 1.77275 -0.443273 1.12562
 62.5719 -10.8403 -7.68816 1.9531 0.690347
 83.4951  2.46685 -7.92033 -1.5199 0.50533
  46.027 -11.0566 -15.3478 1.47882 0.867957
  69.506 -11.5421  3.27183 1.78375 1.47453
 81.1388 -9.43599 -3.39172 -0.593147 1.10167
 95.7348 -8.36238  4.41322 -0.82518 0.691546
 103.363 -1.32518 -6.55894 -1.68283 1.41412
  87.271 -3.86863  4.34919 -0.577225 1.24466
  63.045 -3.26298  -7.4388 -1.62255 0.179318
 50.9766  0.43013 -8.58951 -1.11076 1.20196
 99.2098 -11.6116 -17.4867 1.14352 0.521213
 97.9102  -12.326 -28.8169 0.837507 0.45701
 52.6643 -10.1427   1.5042 -0.478323 0.258668
 73.2331 -11.1289 -4.53775 -1.44293 1.4377
 103.654 -1.88837  4.15202 -2.2897 1.44217
 101.945 -4.34077 -7.56537 -1.517 1.03703
 51.2683 -10.2649 -13.0609 1.90256 1.13464
 87.6924   2.6341 -7.58636 -0.533743 0.940002
  93.8863  -13.0979 -0.510123 -1.62962 1.20976
 95.3274 -13.2946  3.14901 0.862315 1.50645
 47.1391  -9.1845 -16.1853 -2.435 1.20272
 103.818 -12.3321  2.66485 1.2433 0.426339
 96.0706 -13.0989 -26.5374 1.33457 0.154973
 85.7234 -11.4798 -16.3191 0.0781384 0.88008
75.4782 4.48075 -3.6308 -0.880918 0.367653
  77.142  4.01506 0.655597 -1.92982 0.281011
 101.179 -8.88639 -20.8223 0.101718 0.944616
 97.8995 -12.2573 -13.2921 2.25662 1.08315
 98.0505  2.73531 -17.3094 -0.772468 0.429927
  103.633 -0.756293  -2.09479 -1.92092 1.19827
86.6595 -3.1696 1.09963 0.523631 0.0849304
 89.0273 -8.08052 -6.15621 -1.94632 1.17733
 65.5614 -10.5652  2.07441 1.41478 1.07449
  87.919 -7.64543 -6.03881 -3.03513 0.853373
 49.3305    1.145 -11.6382 3.00003 1.22632
 56.9022 -4.24488 -12.5722 2.32249 0.0276637
 63.1163 -1.99097 -10.6653 -0.610392 0.0667999
 52.3695 -5.80544  -3.9895 -0.677383 0.640599
 97.6327 0.904916  4.32204 0.728045 0.790207
  50.174 -11.2981  2.04895 -1.9084 1.20305
 99.0412  -5.8025 -18.4697 -2.73427 0.550518
79.9889 5.20813 3.20927 0.382324 0.950269
 102.566 -13.0301 -22.1437 -0.846515 1.3004
 51.7919  1.00074 -3.17779 0.240164 1.09242
   72.548 -0.173555  -4.00448 -1.62753 0.393301
 48.7607 -5.67495 -16.3186 2.8672 0.963291
 89.6289 -3.73863 -13.3008 -0.612055 1.11362
 65.8911  -13.934 -6.47957 1.37078 1.02134
 97.8678 -14.2545 -5.96848 1.85229 0.514385
 89.2255 -12.7898 -1.10079 2.577 0.264755
 56.1788 -6.97069  2.23747 -0.106741 0.514963
 94.9863 -14.7113 -16.1486 2.27174 0.381556
 56.1152  -7.3359 -31.0065 1.57048 0.335074
   66.278 -0.359074  -8.80643 -1.96045 0.47207
 55.2889 -9.81609  1.85664 2.87578 0.186112
 96.8695 -14.3267 -23.0723 0.266771 0.453949
53.0784 3.73105 -2.2168 -1.60845 0.70934
 93.3167 -1.07719 -2.92167 -2.08496 1.22256
 86.2601 -11.4029 -5.33867 1.73586 1.49687
 56.0658  3.06226 -3.38693 0.365504 0.917631
  51.5963 -0.594263  -17.2721 -2.84527 0.664881
 99.4746  -10.268 -12.3928 -2.53866 1.54902
63.0083 2.56648 -10.523 -1.50944 0.252615
 101.214 -3.66865   -22.94 -0.00823135 1.26014
  52.107 -11.5482  4.20734 0.931262 1.45249
  59.577 -1.68999 -3.81272 1.03936 0.175113
 54.5162 -3.84818 -15.6008 2.48825 1.06864
 92.7323 -11.4704 -16.2569 -0.132683 1.12956
 54.4476 -15.6868 -9.23768 1.00867 0.968503
  94.3628 -0.136958 -0.411009 -0.138407 0.0203296
 74.1419 -11.6895  2.33999 2.25268 1.13639
 72.0704 0.733521  1.56245 -1.4788 1.0562
  86.529 -10.2419 -2.74653 1.51439 1.23185
 56.4878 -7.66085 -19.8962 -2.3364 1.40259
 99.3307  1.52621 -13.3699 -2.78673 0.389441
 87.7407 -5.33135  2.61375 0.618137 0.87024
 51.3254  4.88572 -7.49978 -1.75923 0.788694
 45.4253 -3.72083   -25.01 2.0282 1.4333
 53.3691 -6.60869 -14.6624 -2.99399 1.55979
 77.0067 -11.0842  2.14777 -0.658328 0.78682
 52.3436 -6.61488 -17.3675 2.31722 1.34538
 92.1521  1.33528 -19.4643 0.580226 0.434913
 45.5052 -14.6615 -2.45713 -0.22986 0.718979
 98.7795  -6.4487 -18.6557 0.284336 1.3869
 48.9123 -8.11703 -21.4437 1.61546 0.330539
 100.854 -11.8835 -14.4689 -0.980368 1.08191
 46.6344  3.45129 -12.8313 -0.495292 0.951271
 93.8963  3.01902 -29.2991 -0.504723 0.809004
 58.0519 -12.5188 -13.1968 2.55913 1.02978
 81.3382  5.32948 -5.31052 0.100775 0.427182
  65.2819  -9.34898 -0.706805 2.40792 0.0623142
 100.895 -7.01261 -10.0389 -3.09045 0.829547
 44.3473  -4.2801 -2.05495 0.663799 0.855327
   55.6002   -13.4572 -0.0411712 0.42655 0.917328
 70.4376 -7.34913  4.76792 2.95903 0.80007
82.4391 2.25202 -1.7328 -0.303402 0.369116
 87.7726 -5.55604  4.25517 0.733539 1.16527
  68.696  1.85305 0.869333 -0.861576 1.07216
 48.0575  3.56158 -17.0606 -1.89128 0.73812
 66.2393 -5.44303 -4.48641 -1.01957 1.56528
 45.2465  4.38869 -15.9472 0.321864 0.0915015
 92.8303 -9.41485 -19.3075 1.69204 0.431619
 46.4132    3.827 0.156282 0.58028 0.929581
 72.7054 -14.6285  2.34641 0.0471368 0.446648
 79.5905 -8.75421 -9.13366 0.489304 0.248242
   101.4 -9.70814 -27.4258 2.72534 1.30876
 101.277 -12.7115   1.3022 2.02772 0.251176
  53.2343 -0.453575  -12.1117 0.790324 0.809182
84.7136 -12.713 1.83132 0.199173 0.30693
 45.6012   2.5313 -12.8759 0.893353 1.31677
 53.5714 -7.15451 -4.85999 2.26909 0.220106
 66.8111 -13.5572 -4.35667 1.73788 1.16122
 71.8326 -6.99274   4.8637 -2.21029 1.47738
89.8939 2.93146 -15.765 -0.449947 0.788814
 94.6912 -9.53399  -6.5904 1.29451 1.18174
 51.7378 -5.71271 -15.9187 1.50035 1.21718
 55.6053 -4.78164 -7.77609 -0.540271 1.443
  45.179 -11.2748  3.77885 1.25703 0.390064
 50.9655 -5.87389  -6.5657 -0.524543 0.496403
 57.0437 -3.01662 -19.4691 -1.58613 1.56182
 98.1233 -10.6931  1.44997 -2.22976 1.5135
  100.63 -1.18698 -24.0977 -1.43342 1.22567
  45.4632  -8.39566 -0.373096 1.21841 0.194029
 96.6839  0.82031 -26.8438 -1.4756 0.32992
 44.9234 -12.1699 -26.5591 0.288005 0.963832
  62.096  2.11846 -8.28383 -1.16454 1.05849
 51.9428 -11.5171  2.19637 0.552649 1.07032
48.2601 3.83139 1.47066 -2.94915 1.25638
52.1346 5.46431 -10.385 0.610701 1.30595
 89.8437 -13.8941  1.38026 -0.341203 1.04506
 55.8228  -13.415 -14.8189 1.68207 0.713976
 77.0713 -6.37056  4.15753 -2.13548 0.840857
 46.1963  -0.1334 -23.7627 -0.0447909 0.988965
 52.8908 -14.0421 -13.8083 0.330642 0.959724
 46.4161 -6.57935 -15.8558 2.21159 1.56875
  86.873 -11.0592  4.25332 2.81094 0.0208831
  51.397 -3.63422 -3.59105 1.67609 0.353525
 44.9793 -13.1341 -23.5373 0.294055 1.50741
 73.8282 -1.98696 -2.06762 -0.0311293 0.840726
 94.3576  3.81422 -27.8706 -1.10444 0.235282
 97.1611 -6.97656 -5.95019 0.982372 1.48564
 98.3864 -0.74724 -23.1511 1.58599 0.928565
 101.293 -11.2714 -22.5551 -2.59547 1.4691
 74.2302 -1.07408 -8.17891 -0.695882 0.510982
  54.539 -7.49688 -18.0806 -0.0186237 1.54086
51.5997 3.19629  1.9295 -1.27948 0.769451
 105.016 -7.51008  -27.818 1.65015 0.910463
  70.839 -4.91106  4.09706 -0.15454 1.09803
 74.4653 -13.5694 0.945336 2.23236 0.407855
 103.462  -6.3664 -10.2456 -2.81073 0.1815
 46.2969  -1.2903 -12.5661 1.10558 1.15566
 53.6702 0.664907  3.12155 2.62662 1.42098
  49.198 -13.0145 -6.01469 0.857287 1.41897
  89.048 -4.51926 -19.3755 -0.855333 0.183964
  64.938 0.788255  3.39418 -1.67422 1.21571
  91.231  2.30529 -7.01996 -3.12484 0.622994
 100.811  2.76292 -7.13535 -1.24958 1.42008
 86.7432 -2.46881 -7.96422 0.349677 1.31145
 74.2917 -1.43201 -2.46493 3.00137 0.425566
 78.3161   1.1793 -7.45145 -0.841783 0.247679
 94.5412 0.726228 -2.64032 -0.46642 0.734704
 58.7437 -11.0468 -29.4119 1.9939 0.215305
 96.2213  2.13802 -31.2741 -0.464968 0.486109
 49.7301   5.3508 -20.2028 -1.64955 1.43616
49.1552  5.9309 -11.231 -0.428839 0.240443
 99.4216 -14.7638 -23.2995 2.54743 1.39081
 90.5606 -1.59675 -1.56753 -0.931721 0.836911
 88.9355 -4.76127 -16.1233 -0.604797 0.655101
 74.7509 -8.53032 0.418462 2.29572 1.43076
 93.9788  4.21531 -10.1075 -2.27861 0.128579
 102.998 -15.7925 -20.6042 2.37529 1.09392
   92.44  -9.3495 -7.93919 2.32063 1.37109
 92.6642  4.65202 -4.78169 -0.0816874 1.16557
  103.519 -0.333732  -20.9149 -2.57866 0.518519
   96.59 -4.95496  -22.593 -0.388632 0.694786
  105.181 -0.920631  -25.4011 -2.53808 1.01799
  46.963 -4.42651 -1.54843 1.58169 1.07413
 55.8932 -9.05379  3.93702 0.498921 0.0876028
 99.8803 -11.8148  -5.8557 0.769458 0.0246194
 97.3673 -3.58275 -24.1002 -2.38268 1.42807
 46.0564 -15.0893 -13.8904 2.08332 1.27494
 66.0587 -13.8542 -11.2076 1.64072 0.486299
  68.832 -6.81756  1.54808 -3.06639 0.648227
 49.4749 -12.1201 0.690908 1.46405 1.12954
 101.129 -7.79472 -26.1933 2.27965 0.920105
  84.2019  -13.6715 -0.449498 -1.1033 1.31692
 97.7021 -11.6889   4.3823 0.400108 0.417327
  84.921 -7.37867   2.5099 0.895152 0.979861
  102.925 -0.396893 -0.740282 -1.54264 1.0565
 96.5974  5.18592 -3.12776 1.82785 1.35587
 95.1248  2.29418 0.109852 0.809354 1.45699
 68.5152  5.23537 -5.40754 -0.432447 0.400018
 86.5872 -15.0011 -1.68366 -1.18481 1.27139
 69.2362 -13.2573 -13.6469 2.46094 0.0886203
 47.1444 -3.13008 -4.29491 2.54244 1.38517
 84.6935  1.71836 -6.63909 -0.733754 0.258527
 57.0465 -2.92612   -7.608 -2.46203 1.5321
 54.3737  5.08228 -20.8233 -0.960007 1.20348
 104.116 -2.09167  -4.9789 -1.07405 1.05075
  99.954 -2.22726 -3.45528 1.91434 1.11944
 51.9595  1.51888 -14.8165 1.96321 1.28356
   100.2  5.80619 -6.48082 -2.69727 0.0458481
 92.4499 -7.85149 -5.08923 1.77036 0.493045
 82.3135 -3.04616 -9.32302 -2.26932 0.297874
  100.664 -0.769344  -5.31833 2.43034 0.503555
 45.5215 -8.33696  4.79001 -2.46387 1.50203
 74.4193 -6.59456 0.832658 1.09481 0.747317
 46.4905 -10.6959  2.71758 2.38128 1.42716
 50.1529  5.30014 -18.3692 -3.13626 1.22555
 49.8379 -3.03926  -16.447 -0.355228 0.463363
 56.0681 -4.01316 -13.1223 -1.06682 1.24773
 46.5309 -2.57309 -10.2133 -1.20872 0.744803
  94.694 -11.2371  -10.479 -0.572116 0.923262
 47.4947  4.67358 -17.2213 -2.20902 1.45614
 55.1064 -5.19334  1.79007 -1.07061 0.105442
 87.8505 -13.9206   -3.922 1.01024 0.9226
44.2229  2.0143 2.35601 0.840541 1.02123
 85.7555 0.646841  -17.763 -0.706578 0.258669
 49.0078 -11.4229  2.28183 2.49243 1.25689
  95.7367  -11.5724 -0.798296 3.09634 0.714679
  58.7403   2.61467 0.0323975 -0.557698 1.17922
 51.1719  3.38637 -12.4341 0.241996 0.997825
 96.8727 -3.78882 -8.83402 2.26792 0.696046
 62.6064  5.13314 0.584475 0.163935 1.51671
 93.9024  -11.406 -31.4749 1.03852 0.346889
57.9245 4.73873 3.91402 -0.473575 0.757596
 70.2744 -8.02518  2.45571 -3.12181 1.13708
   78.0036    1.28088 -0.0896065 -0.166267 1.04002
 98.3675  1.33242 -10.2794 0.372114 0.890517
 47.9128 -12.7361 -11.7487 -1.81887 1.22855
102.323  1.0988 0.31644 -1.79319 1.34701
 97.2297  4.32183 -11.2708 -2.6551 0.173026
 102.602 -10.2684 -9.65819 -0.935883 1.28443
 92.3429 -8.64985  4.46691 -0.107244 1.02864
 59.4148 -5.71061  4.38606 1.72826 1.429
 59.4531  1.08803 0.878674 -2.35203 0.684434
 94.1068  1.25353 -1.30035 1.7821 1.38211
101.206 3.45946 -23.516 -0.848879 1.48711
 84.9725  1.60397 0.772971 1.37813 1.31324
 90.2963 -13.0166 -4.11456 2.41078 1.31593
89.8591 0.79352 2.51808 -3.08012 1.32529
  53.2297 -0.847484   3.74406 2.78804 0.860016
 64.3489 -2.12295 -14.0919 -2.9605 0.668952
 60.1001  2.71515 -4.41797 0.933625 1.36475
90.7778 3.44238 1.76035 0.0820253 0.779039
 97.7301 -5.45641 -4.78287 -0.263502 1.10356
 92.9893  4.25731 -14.5106 0.812509 1.3044
 68.9333 -3.97775 0.310498 2.38122 0.902388
76.9115 4.98002  1.4052 -2.40788 0.89046
 96.6565 -2.82358 -3.21378 2.6281 0.595447
 66.5464  3.97318 -12.9513 -2.95154 0.242465
90.7306 3.30588 3.39237 -0.379662 1.29421
  47.783  4.73783 -19.8558 -0.244719 0.945228
 68.2023 -15.6173 -2.00784 3.04359 1.52072
 82.8147 -14.0515 -7.20616 1.83863 0.789741
 75.4421  3.74944 -2.62611 -3.08497 0.599147
 84.0869 -2.08723 -5.94283 -1.14486 0.506789
 91.0476  3.05813 -33.2438 -0.516643 0.418686
 82.0821 -1.82841  0.94466 -0.0849225 1.37852
 98.5574 -7.71096  -9.2037 -2.75178 0.815033
  49.0959  -5.35982 -0.400492 -2.83269 1.22769
  83.862  3.05997 -5.13856 0.489856 0.513652
 101.882  4.80909 -20.2598 -3.0426 0.0307916
 103.687 -3.56334 -29.7689 2.47347 0.530597
 99.1008 -8.05985 -8.57706 -0.268712 1.20784
  55.6329 -0.724863  -26.5716 2.84659 0.64907
 82.7749 -14.9889 -2.21489 0.719115 0.44785
94.7821  3.1071 2.97609 -2.54094 1.46432
 86.8883 -7.75677  2.46024 -1.19136 0.306511
  85.684  4.50267 -4.22423 -2.5992 0.256846
 88.4016  5.18325 -10.0251 -0.469833 0.229705
 74.8275 -8.32354 -7.98065 1.63427 0.39659
 80.2785 -10.1688  4.44812 -0.253497 0.729598
  96.574 -1.06703 -22.9747 -2.00192 1.42477
 97.0845  -8.9762 -20.8587 -1.01836 1.44619
75.2169 3.45845  3.4222 -0.7617 1.3803
 50.8079 -5.83159  -2.1265 -2.06622 0.570071
 57.0361 -2.71744  4.95142 -0.354681 1.42132
89.4447 2.21826 -1.3904 -3.0874 1.4555
 89.6881  -7.8514 -5.84361 0.874813 1.52121
 75.1299 -4.47426 -7.37208 -0.0787395 0.206158
 97.6395 -2.11177 -12.9429 0.183713 1.11583
 55.9457 -14.6774 -12.5447 3.05971 1.10049
 79.9465  -6.6784 -1.67877 -0.595611 0.571776
  87.0034 -0.288962   3.76504 0.42711 0.863715
 45.9813 -5.96593   1.2186 1.95229 1.30306
  89.0695    1.5764 -0.714469 -0.51357 0.963716
 101.987 -11.4056 -12.3887 2.12543 0.737309
 57.3005 -2.00505 -22.8814 -2.50006 0.557852
 50.6856 -1.00422 -4.88264 2.40666 0.134811
 103.932 -12.8631 -6.02479 2.47503 0.752203
 53.4134  4.81814 -17.3282 0.16283 1.30936
  101.081  -4.38122 -0.824859 -0.29051 1.16071
 59.3526 0.101205 -29.7833 2.79849 0.646942
 64.8564 -2.96224 -3.79436 -1.12505 0.949429
 45.9075 -9.10465 -25.9511 -0.107564 1.23981
 45.3683 -6.37229 -9.67851 1.26328 0.24352
 60.5081  5.80711 -1.11255 -0.417306 1.55332
 95.6116 0.636558 -19.0025 0.368191 0.68867
 79.4612 -9.91518 -8.28422 2.73616 0.20238
 60.8206 0.550481 -9.61626 -0.460393 1.32228
  66.781 -3.19984  1.82564 2.2881 1.54933
 98.8207 -5.59388 -3.97257 -1.97233 0.222981
 100.883 -2.74987  3.29329 -0.740834 1.17739
  92.5527    2.1396 0.0627795 -2.57201 1.15677
 81.2754  2.70249 -2.10125 -1.65432 0.424691
  46.573 -12.5817 -12.7881 0.79096 0.559431
 72.2152 -5.67809    3.141 -1.3615 0.885684
  71.772   3.0329 -1.27084 -1.15516 1.50167
 81.6617 -15.7079 -3.97686 0.705782 0.0820432
 54.5287 -10.2763  0.56514 -0.941993 0.672054
 103.978 0.495607 -12.5125 -2.46009 0.226896
 48.6938 -8.74004 -23.4248 -1.46943 0.257196
 49.8711 -13.7725 -24.8974 1.22927 1.11856
  98.849 -4.57776 -3.36303 3.04816 1.50979
    88.1962 0.000494096     -17.731 -0.704297 0.217909
 70.0151 0.875543  3.81148 1.2249 0.950955
  90.5685 -0.644284  -15.2007 0.208519 1.20157
 79.1301 -3.39147 0.700571 1.91466 1.41458
  56.029 -7.85293  2.35491 1.66391 0.942329
 85.9824 -7.15217  3.30812 -1.14893 0.522836
 101.401 -9.85943 -17.4632 1.84347 0.00767495
 52.5468 -12.1861 -21.5165 -0.813701 1.49474
 95.8598 -4.35897 -26.3439 -1.59146 1.08648
68.9146 3.64209 1.38111 0.309853 1.55469
 96.1144  -12.932 -28.4843 1.83993 0.0848532
 74.1651 -4.70732 -1.83915 -2.34077 1.50911
66.0527 4.13537 2.22221 0.215622 0.563005
 99.7091 -9.21228  2.39199 -2.84615 0.493295
 99.1932 -3.04854  -21.981 0.865666 1.04676
 55.3123 -12.7018 -7.17541 -2.43352 1.41024
  57.7302  -11.0171 -0.846549 2.85045 1.48654
 86.9676 -2.10883   3.1547 -1.56736 1.38347
 56.7652 -7.45985 -9.88631 -0.0233224 0.241755
 104.886 -9.76188 -23.5626 -1.85483 1.05109
 65.3675 -4.15501 -11.2464 -3.0213 0.197778
 57.1262 -8.44401 -23.1084 -2.25731 0.860276
 98.3654 -3.86417 -21.8878 0.824845 0.489346
 103.368 -6.39399 -25.4123 -0.400896 1.49964
  98.648 -3.17157 -17.8523 -1.15402 0.228305
 88.4757 -11.2318 -10.2694 -0.846394 0.903237
 85.0344 -10.1338 -13.6789 -0.134021 0.150899
 103.536  4.55768 -16.1396 -1.80753 0.455155
98.1284  2.7275 4.96208 -2.36703 0.800352
 56.4992 -12.5568  -14.195 0.793768 1.25003
 77.1133 -10.0065  2.86487 2.49681 1.43401
 94.1469 -13.4955  2.54491 -1.3411 1.34032
 52.6538 -6.97146 -9.13302 0.0565324 0.611229
 74.1507 -9.68724 -7.80672 0.878573 0.459398
 103.317 -8.64204  4.70411 0.0481971 1.41901
  49.259  3.51687 -16.6338 2.82729 1.50877
 49.6326  -4.5177 -27.8812 -0.20665 1.45481
  83.8046   3.07818 -0.191357 0.573288 0.728882
 49.1705 -4.95705 -24.6362 -1.61006 0.399498
 56.3978  5.40305 -22.3605 -2.98696 1.20768
 45.9274 -4.56787   4.5963 -1.97367 1.45204
 90.7407 0.775729 -21.4258 -0.622908 0.349291
 97.8607  3.88024 -34.0336 -1.13453 0.236862
58.9118 4.30439 -8.5278 -2.05801 0.635319
 93.1374 -0.75039 -19.9335 -0.544975 1.30862
 57.3765 -9.02689 -5.87086 -1.69819 0.646174
55.3364 3.58432 -7.4618 -1.60272 0.892448
 46.8827 -5.60708 -25.6696 1.87607 1.25357
 96.1728 -14.2915 -13.2481 1.33877 0.0464197
 97.0189 -6.41616   -3.695 2.57356 1.48838
  74.524 0.648443  4.77973 -0.735471 0.117556
72.4122 -1.6937 3.14061 -0.423001 0.100731
 102.101 -11.0377  1.60289 -3.07399 0.244767
 90.4622 -12.2098 -1.89703 1.51855 0.614115
 50.8185 -1.61086 -10.9753 0.00855904 0.323969
 53.2763  4.69766 -11.7695 -1.63863 0.708347
 57.6053 -4.63871 -27.7256 2.9417 0.932638
 96.7504 -8.02783 -12.2256 -1.91006 0.354557
 98.6954 -10.6044 -12.4804 -2.92945 1.40898
 86.2326  -9.1021 -15.6607 -0.588091 0.0183896
 55.0726 -3.73004 -20.8198 -0.902518 1.21066
 90.3379 -11.3355 -1.63959 -0.722823 1.32223
 56.7053  1.38754 -7.36342 -1.41111 0.258422
 93.8296 -7.77622 -6.65304 -2.66444 0.300091
 97.0543 -9.33735 -28.9251 -0.984644 0.122874
 56.6645 -9.03162 -22.0627 -2.24158 0.191137
103.308 2.39891 2.91284 -2.4904 0.305076
 94.6323 -4.52094 -1.99553 -1.31485 0.995242
 102.893 -3.93557 -24.5559 1.49302 0.57957
 72.3199  3.69858 -10.3874 -1.97323 0.311221
  52.8623 -0.146607  -22.1775 -3.0486 0.55217
 89.6317 -5.16496 -18.6751 -0.26534 0.293147
  101.92 -15.6149 -6.09606 3.12704 0.721101
 75.8685 -15.0048   4.7639 0.846494 0.323173
  98.035 -15.2844 -19.0669 0.0657802 0.673494
 97.6247 -9.97433  0.76481 -1.00129 0.968784
 83.8891 -7.68609  2.95475 2.41729 0.0385634
 94.0526 -10.7886 -1.52601 2.91334 0.128296
 93.8153 -11.1664 -9.40604 -0.26122 0.535556
 102.583 -8.72792  -18.326 1.05387 1.50632
 52.1703 -7.44183 -3.35651 -2.50762 0.765413
 103.106 -11.7547  -1.9235 -2.46604 0.682753
 76.0622 -4.21113 0.947931 -0.986654 0.626981
 97.1722 -2.53457 -28.3973 0.962305 0.816825
 49.7203  -5.4259 -23.9765 -2.3571 1.25612
 52.0648 0.862996 -1.17509 2.18786 1.46037
 64.6367  3.68505 -8.79828 -1.39442 0.620546
  104.926   5.45941 -0.302227 -2.0596 0.700667
 90.2303  4.29768 -22.7302 -0.334592 0.404796
 53.5672  1.37029 -13.1912 -2.49009 0.118311
 84.013 5.60678 4.37402 -1.44278 0.399969
 79.9273 -7.93365  2.40178 -2.03366 0.431897
 88.8507 0.539607  3.15691 -1.29448 0.308852
  91.5198  -11.3184 -0.675549 -2.40144 1.51542
 55.2537 -1.53908  0.66189 -1.069 0.659734
 46.5209 -8.31177  -10.775 -1.12435 1.19677
 92.248 -10.067 -11.003 -1.55576 1.28404
 93.1868 -6.51784 -10.4365 2.22531 1.45528
  53.666 -2.84004   4.9628 -1.79867 0.968844
 59.0326 -13.7476  3.34988 2.34939 0.400412
 49.6818 0.166745 -2.62109 -2.6612 1.55798
 45.8936 0.646224  -17.928 -2.21523 0.990623
 44.9917 -3.55078 -14.0025 -0.34322 0.630416
59.3877 -12.351 4.83717 1.45306 0.523636
 64.8623  -2.9534 -5.22099 -0.776326 1.41004
 77.0622  4.39584 -2.66391 -1.13466 0.958099
  57.8169  -12.0231 -0.625606 -2.54658 1.15304
 100.553 -6.80045 -16.2922 -1.3314 0.764087
 93.2083  -7.2144 -11.7146 2.4847 0.880157
 52.0869  1.45808 -17.7427 3.06833 1.45707
 83.1755 -4.41335 0.549517 -0.826141 0.882535
 100.689  4.60304 -15.8851 -0.565916 1.02994
  71.089  5.24101 -6.83469 -0.195491 0.42913
 97.5457 -2.65263 -2.69169 -0.519712 0.959867
 60.1601 -12.1039  3.27802 1.73307 1.32828
74.5037 1.12495 4.58874 1.74508 1.43408
 93.2348 -7.95198 -17.9075 0.108796 0.324621
 99.7028 -2.64911 -21.9581 2.75279 0.836271
44.3798 5.75733 1.27901 -1.09539 0.530291
 96.0561  1.72255 -21.7649 2.04557 1.3003
 54.9962 -6.28606 -17.2024 -1.93182 0.732698
 59.3367 -13.9593 -3.67569 -2.98891 1.22445
  60.787 0.800168 0.463927 -0.841268 0.606539
  56.517 0.930103 -2.75323 1.71059 1.26536
 98.8723 -3.24045 -26.9469 2.62728 1.4911
 53.5981 -2.71764 -9.75508 2.03748 1.55119
  53.225 -2.96786  -23.611 1.11015 1.28072
 64.5373  1.28892 -13.2173 -2.45461 0.445622
 71.1251 -11.2728 -1.59857 -0.984608 0.861584
 61.9271 0.243394 -3.30582 -0.713644 0.099684
 74.152 3.77071 1.90308 -2.94687 1.28364
  59.568 -12.7998 -21.6747 -2.74721 0.366804
103.359 2.70452 -7.4786 -2.25216 0.578338
 45.7032  1.58279 -8.17487 -0.695601 0.364717
70.7167 4.96799 4.08321 -0.785677 0.349879
 47.7749  -4.9093 -13.1327 3.06834 1.56428
 92.8617  4.92345 -4.36519 -1.08769 1.36755
 69.4304 -9.07586  2.31776 -1.08837 0.47939
 81.0401 -12.9156 -2.45623 2.31682 1.02235
 46.7715  2.56504 -27.1201 -1.18671 0.61486
 45.8679 -4.03411 -5.14773 -1.36609 1.36933
89.9925 5.23275 -5.9496 -2.64908 1.48211
 98.2142 -8.95151 -17.9308 0.0729657 0.68697
 44.4417 -5.36593 -8.16498 0.682816 1.48973
 53.9623  3.68575 -5.19578 -0.430946 0.921118
 62.9526 -9.16323  4.23555 2.35396 0.609534
 100.892 -4.02824 -12.8677 -1.73366 0.493056
  64.6967   2.60704 -0.871039 -2.62722 0.931303
  100.333  -4.92675 -0.742722 -1.77335 1.48322
 49.0625 -6.72128 -2.07365 1.57724 0.588353
 93.9517 -5.82891 -22.8416 -0.507934 1.38273
 103.903 -4.65212 -26.1865 1.40677 0.0800031
64.8405 3.72004 -7.7673 -2.85873 0.653694
 102.688  3.54403 -14.2816 -2.99146 1.49082
79.9261 1.62683 -1.5073 0.798863 0.687933
 95.5375  3.65616 -8.98631 -0.612769 1.24094
 98.6755 -13.9884 -9.52673 1.28242 0.122153
  97.662 -1.86592 -13.8007 0.659947 0.982401
 93.8405 -15.5955  -18.707 0.566534 1.00412
 78.6025 -3.13842 -9.31298 -1.82568 0.272891
  81.891 -14.8439 -9.97162 0.182475 0.366876
 89.2753 -11.5302 -19.2274 0.274795 0.127676
 46.6116 -6.45266 -1.81884 -1.60727 0.139286
 104.116 -11.9618 -26.9191 2.20742 1.07584
 90.0363 -11.7463  1.82549 -0.141785 1.19229
 102.514 -2.18198 -27.5863 -3.11887 1.44077
 93.5079  5.17186 -11.8067 0.516221 1.44703
 95.1682 -6.58369 -20.0224 0.920049 1.46107
 54.8306 0.319591 -7.07219 -1.7637 0.69864
 77.6093   3.8579 -8.77798 -0.618451 0.645876
100.476 1.12366 4.09595 -0.31123 1.35271
 103.843 -14.0951 -12.4796 -2.03405 1.43616
80.2178 5.63524 -5.1102 0.0242819 0.448635
 88.2551 -10.4296 -10.6212 -0.428196 1.50672
 75.083 4.39404 3.22814 -1.32848 1.56489
 89.5865  -6.5315 -4.77448 1.96326 0.591191
71.3964 3.37952 3.28052 -2.55742 0.00416155
 92.5442 -2.03237 -3.06361 -0.331321 0.232404
 49.3573 -13.1839 -21.7408 0.998194 0.121746
 85.8391 -3.74783 -9.59677 1.57222 0.335715
 46.1177 -4.73018 -13.2119 0.257585 1.54171
 85.7074 -13.5835 -9.16919 0.0241292 1.02725
 102.735 -7.97772 -26.6022 2.74138 0.432825
70.9843 -9.8321  4.5986 -0.478314 0.791631
 80.8665 -13.2496 -1.66303 -0.00240186 0.453395
 65.7097 -8.23591  1.89828 1.66892 0.794423
 57.2921 -15.6511  1.30568 1.57915 0.0120505
 98.6398 -6.74142 -15.2929 0.326182 0.611781
 94.8195 -4.87157 -10.1431 0.484256 0.879044
 102.015 -14.6535 -18.4548 2.14086 0.238848
 70.3853 -2.77838  2.14756 -3.00035 0.0640811
 95.3144  1.99537 -11.4158 -1.05729 0.0176875
44.2465 1.65019 4.55671 -1.34471 0.843473
 93.1819 -6.72883 -18.1291 1.51412 0.594942
 95.8195  -8.6056 -6.50099 1.44023 0.263207
 98.9372  1.90646 -23.8017 -1.89914 1.07017
89.2033 5.68407 -10.779 0.100376 1.24844
 97.3988 -10.9583 -7.28049 -1.74008 1.09768
 54.9672 -14.1996  2.49351 2.048 0.309301
 69.7969 -8.53652   2.3376 -0.581844 0.502946
 59.3487 -12.0029 -9.38516 2.21605 0.605969
 102.653 0.870975  -27.651 -2.36109 1.3743
 56.0962  2.63783 -4.92101 -1.03806 1.15613
 89.5422  -11.784 -6.65705 2.59249 1.10717
 96.3941 -4.55904 -4.50536 1.75352 1.18911
 47.1878  4.07508 -13.0887 2.31186 1.3635
  53.425 0.506627  3.78912 1.41941 1.25624
91.8061 -10.433  -24.79 0.848864 0.646982
 51.9165 -5.79884 -24.7756 -1.85379 0.33352
  68.808 -11.9271  1.53086 -0.942507 1.06874
 75.6962 0.491785  4.74377 -1.95088 0.558009
 54.7479 -1.21599 -5.30472 -1.02614 0.497242
101.568 -10.101 3.29435 -1.51559 1.23916
 51.5287 -11.4059 -3.60805 1.02383 0.02982
 50.0645 0.592983    -14.6 2.27251 1.50687
 67.6265 -5.60697  1.66931 -0.791462 0.974311
 46.4902 -3.51925  -19.183 1.22367 0.827558
 53.9134 -7.25225 -13.8385 -0.495867 1.00174
 46.5875 -5.86522 -17.3248 2.92162 1.39183
 91.9717 -1.22511 -9.39126 1.40022 0.900815
 54.9813 -7.45437 -9.79442 -0.722672 1.48082
 56.4775 -0.17756 -17.6158 2.22259 0.965544
 47.3965 -8.23387 -19.4766 1.44045 1.38153
 60.2941  4.56768 -20.0388 -2.65845 0.371927
 90.4084 -3.72482 -10.9618 -2.66437 0.39038
101.773 4.23269 -15.873 -1.08066 0.516167
  53.6757 -0.210735  -29.1931 -1.79556 0.17017
 101.541  1.28447 -23.1307 2.30792 1.27386
 103.096 -9.14337 -4.55757 -1.89521 1.44838
 59.3424  4.31432 -12.3249 -1.35741 1.30221
 93.3826   4.0586 -23.6767 -0.6047 0.702959
  76.9548  -4.68681 -0.974319 -1.6264 1.16084
 93.2349  5.10671 -12.7316 -2.373 0.613072
 60.8292 -11.2219   1.4166 -1.87487 1.39971
 104.758 -6.25216 -12.7126 -0.425283 1.30213
 50.0066 0.272695  1.80627 1.15214 1.2435
 99.8319 -1.97704 -2.37102 1.78502 0.595243
 90.6343 -6.71348 -3.50006 2.65827 1.53013
 99.5645 -1.54289 -21.6101 -2.00296 1.20102
 49.5802  4.28233 -6.30426 -0.0186675 1.01596
 92.9006 -3.00077 -16.9557 -0.409884 0.667433
 47.8085  -10.528 -12.0804 0.802547 1.24896
  75.583 -6.50431 0.666646 -3.08429 0.516338
 48.6005 -9.46985 -9.40811 2.68817 1.51649
 97.2225 0.939031 -1.76138 -0.470495 0.645937
 59.8825 -8.00653 -4.09296 -1.77778 0.439169
 93.9476 -10.4308  1.28374 0.25973 1.2092
 49.9834   2.5797 -22.3765 -1.9533 1.05619
  79.618 -9.07971  2.25384 -2.89877 1.38871
 73.8559 0.919167 0.482849 -2.97412 0.727285
 57.2004 -5.91023 -15.5087 -1.91755 1.01348
   104.891 -0.0937332    -11.726 -2.30679 1.08119
 75.8024 -7.19908  2.33831 -2.52416 1.15345
 51.0376 -4.87425  4.47595 -2.49494 0.79945
 56.1339  4.32403 -8.65976 -0.41767 0.107378
 53.3065  3.01272 -2.89662 0.851306 1.52374
 82.0383 -15.6763 -11.0037 0.645061 0.186703
  87.345 -10.3659 -1.67082 -2.67833 1.00556
 100.969 -8.95585  -7.3155 0.479023 1.46043
 84.4095 -4.60739 -5.58511 -0.340179 1.12566
 99.2603  -3.7207 -11.7128 0.678672 0.909417
   60.668 -0.619707  -20.6305 -2.99567 0.47426
 64.6116 0.374712 -16.1372 -2.33856 0.123406
 98.4785 -7.88194 -8.95548 1.41075 0.161138
 74.0938 -9.40037  1.55862 1.95636 1.15503
 92.1884 -3.73962 -5.40024 1.65854 0.510066
 48.0317 -8.48392 -14.2322 -2.6197 1.24753
 84.1367 -11.1448 0.320342 -0.710258 0.992129
 99.2947 -7.07884 -1.20131 -0.00448935 0.825323
 55.4092  0.48697 -21.4089 -2.84447 1.26782
 54.1749 -12.6153 -11.4278 0.75129 0.349607
  79.5783  -13.5123 -0.847338 -0.192834 1.14464
 97.0428  -5.1553 -19.8402 -1.81528 0.987402
 51.6135 -11.9835 -1.95607 2.22627 0.896951
 50.1579 -3.12264  1.97944 2.36249 1.30649
 101.677 -13.4109 -18.3705 1.59282 0.850091
   53.5273   -11.6215 -0.0993118 1.58346 0.602379
 61.3196 -8.05033 -4.67396 1.75067 1.28013
 89.0726 -1.74778 -4.58168 2.72496 0.753635
 92.5881 -14.2229 -5.69859 2.89661 0.593423
  85.7115   5.81885 -0.655551 0.179454 1.05282
  89.7589 -0.892029   3.23696 -3.09211 0.446559
  54.969  -1.4964 -6.84858 -2.50471 0.135273
 85.6916 0.829764   3.7565 -3.02785 1.32405
 66.5035 -13.1491 -5.07161 -0.039482 0.424044
 53.6993 -2.99731   -8.393 0.214186 0.271471
 96.4651  2.92461 -24.3561 -1.8011 0.00214194
 53.8105 -7.52094 -15.9978 -2.51888 1.41627
 102.527 -3.88733 -15.9226 -1.7185 0.378945
 45.1207 -1.85457  -9.7852 -0.420096 0.170907
 67.3013 -11.3254 -17.6825 2.79825 0.127375
 57.4307 -3.95133  -5.8556 -2.56964 0.562972
 94.7573 -2.59951 -27.2851 0.160737 0.519348
 85.4835 -8.49681 -14.0774 0.220965 0.996248
  90.3824  -14.7052 -0.442997 0.092122 0.139928
 55.2736 -6.24336  2.27479 0.227796 0.0382836
  101.92 -3.22748 -5.33335 -0.997853 1.35301
 91.3127 -10.8665 -6.06656 2.80301 0.717944
 84.2256  -14.214 -4.41067 2.24242 0.48571
 97.0293 -14.7387 -13.9343 0.674042 1.48067
  101.586 -0.157549  -4.35552 1.14482 1.24836
 104.347 -10.0437 -13.2582 -2.01498 1.5086
 99.3992  3.98294 -1.84327 -0.338909 0.648532
 89.8454 -7.36654 -12.5358 0.145453 0.78787
 57.9577 -9.08776  2.27398 -2.87623 0.17944
44.7743 5.94279 1.91538 -1.74474 0.120761
 61.9088  5.64755 -1.58624 0.0339403 0.460013
 52.3701 -2.13655 0.338574 -2.2052 1.43296
 51.7272  4.59887 -21.2357 -1.30433 1.13631
 96.5195 -5.26018 0.876313 1.19786 0.329117
 52.9035 -9.78334 -13.0016 1.25303 0.613199
 56.4781 -14.1932 -19.2521 2.39773 1.35302
 96.2523 -10.4385 -3.33375 0.961629 0.243772
 88.8329 -5.84972 -5.42107 1.06823 0.05743
 46.5985 -10.6969 -1.38718 -0.455376 1.45557
  90.3311 -0.741352   -5.6688 0.700901 1.24655
 55.2035 -13.8269 -4.45265 -0.516996 0.790139
 90.0523 -11.2412  -13.594 1.03575 0.184593
57.1579 4.76935 0.95422 -1.156 1.20524
 52.5101 -6.64791  3.71474 1.05399 0.682051
 92.4931 -14.1411  4.86061 1.81192 0.0711422
  47.8885  -1.14841 -0.469302 2.40149 1.4007
 46.4988 -3.29916 -25.5653 0.216607 1.1066
 44.5521 -6.86554 -19.0031 2.85002 1.466
 58.3222 -8.19049  1.12036 1.0024 1.51786
  81.483  1.80495 -1.48004 -1.68347 0.882578
 94.7359 -14.2844  -2.9066 0.211152 0.354959
 95.5938 -15.7638 -16.7388 -0.0684366 0.643178
 44.9499 -15.1888 -12.3753 0.34267 1.52496
 50.8975 -14.7109 -18.9225 2.01848 0.258956
 55.3971 -2.30079 -10.5118 2.83912 0.412072
  47.351 -3.20492  3.38713 1.53975 0.76149
  64.713 -6.01794 -8.54759 2.94922 0.389367
  103.82 -4.24345 -16.9515 -2.38993 1.02965
  55.5126 -0.813395   2.27449 -2.47835 0.282858
 54.8341 -6.25907 -9.82979 -1.65195 0.241983
 102.861  1.19908 -2.44595 -1.22016 0.708196
 84.5941 -9.80979 -2.44574 -3.03392 1.08879
 86.5923 -13.3074 -4.74851 -0.442803 1.47213
44.3277 -11.151 2.55678 1.86382 1.09344
 100.449 -13.2965 -8.16836 1.87611 0.709379
  99.399 -5.85273   3.8481 -1.95791 1.47538
 86.7702  5.27291 -6.50284 -1.45661 0.843159
 91.0697 -11.2731   1.4401 3.01829 0.0475822
 64.2965 -7.71075 -4.44283 -2.38361 1.22488
 68.5598 0.537956 -13.6076 -2.83745 0.172127
 51.0715 -8.21912  2.40138 -0.820099 0.756801
 98.5586 -8.33163 -14.0741 -3.13656 1.27977
 66.8041 -4.03642 -2.83298 -2.0733 0.991636
 63.8724  5.90906 -1.10471 1.4886 1.4068
 64.2745 -10.0301  2.07134 0.328812 0.031237
 88.7764  4.69416 -2.18006 -2.25407 1.14589
 51.6865 -8.22737 -20.5039 1.58804 1.35971
  101.525 -0.874376  -20.3221 2.13157 0.638859
  81.0944    3.6075 -0.826677 -0.491778 0.550699
93.9844 0.91928 3.31319 -1.9857 1.46424
70.4306 3.98027 3.20196 -1.82271 0.00541326
 78.325 1.82389 2.99906 -0.0178494 0.461456
 50.1802 0.489377 -18.0081 0.906767 1.1431
   47.67 -8.66875  4.77609 0.663987 0.519093
80.0145  1.5681 1.00576 -0.53434 0.466297
 56.7009 -10.0032 -2.58033 -1.04714 0.831007
72.0036 1.97662 4.35067 -0.727095 0.99159
 99.0228  2.99633 -12.2826 -0.0176935 0.873734
 103.947 -8.59896 -24.1121 -1.07739 1.31858
  81.246 -7.87383 -7.56505 -1.52758 0.121346
 104.399  -12.684 -30.1404 2.69556 0.0445629
 98.6432 -6.71822  4.19919 -2.28466 0.373336
 95.7128 -8.96441  3.43313 -2.38275 0.830828
  101.57 -12.1335 -25.9554 2.95909 1.44835
 47.4273 -1.30948 -27.4468 0.484773 1.02823
 55.8734  -3.5957 -8.47769 1.993 0.0624598
 95.2572 0.658004 -8.68396 -1.1185 0.816522
 89.8647 -2.33745 -6.74719 1.61054 1.24275
 104.446 -3.81309 -23.5304 0.651832 1.37879
 64.8581 -6.56935 -10.9317 -2.99394 0.845145
 57.0702   2.6577 -12.3581 -2.68107 0.440776
 82.0263 -8.43329 -3.42638 0.265923 0.957485
 104.522 -12.9621 -8.79363 1.65005 0.108992
 99.3783 0.245374 -16.4683 -0.91317 0.16201
 68.1946  -7.9027 -10.5983 1.48243 0.232055
 59.8715 -12.2324 -12.5892 1.75198 0.302164
 49.4863 -10.7226 -5.54909 0.29208 0.322149
  104.719   3.96808 0.0480137 -1.41326 0.0657526
 51.6693 -8.00823 -9.27949 0.293091 0.10419
  59.202 -5.11825  3.80239 -2.30907 1.08663
 49.4256 -4.64493 -26.4737 -1.77973 0.681437
  58.1563  -15.9874 -0.227498 0.306019 0.357372
 51.6379 -14.8275 -19.3708 0.589487 1.2335
44.5618 -12.592 4.16647 0.244205 1.31857
58.4807 3.48678 1.34555 0.833703 1.34903
 88.7862  2.78958 -6.11184 -0.43157 0.642977
 65.5238 -13.1723 -10.2397 2.0564 0.571438
76.4066 -5.7492 1.46635 3.0716 0.141344
 49.1835 0.927711  -27.449 -1.82497 1.29229
 78.0968 -9.81908  1.49884 -1.04898 0.500759
 56.8549 -11.9291 -5.07615 2.77989 0.91426
 60.2339 -9.81678 -2.66225 -2.31193 0.427212
 50.0863 -4.39304 -7.86321 2.80733 0.841286
    73.4 -11.6808 0.290051 -1.44825 1.21014
 104.331  5.81944 -22.2535 -1.22088 0.456847
 70.6913 -4.32826  1.73196 -0.642583 0.738419
101.749 -12.456 3.82839 1.82279 0.630394
 96.1777  2.04383 -7.34722 2.4245 1.48025
  85.1286 -0.024441  -5.68413 0.670788 0.639648
 45.7746 -4.12942 -15.0343 1.74894 0.440613
 100.368 -1.43635 -29.2143 -1.39129 0.505768
 95.7189 -13.0958 -23.9547 1.98937 0.726264
 93.9732 -14.6749  3.33044 -1.65296 1.54109
 47.9009 -2.76094 -8.41737 0.98939 0.716178
 70.9141 -4.55104 -1.46024 -2.78133 1.18684
 53.0268 -8.34625  4.49093 1.7364 0.886769
 96.9758 -6.49948  2.60882 -0.999639 0.476793
 95.5363 -1.94691  -19.963 0.760272 0.396812
 101.455  3.45037 -8.80469 -2.31565 0.0374333
 89.3385 -2.48132  -7.7065 -2.36972 0.505702
 61.9449 -1.14616 -3.23443 1.39673 1.25568
 79.4243  1.51216 -6.05307 -0.580064 0.74045
 80.4996 -3.17493 -3.62657 -2.04186 0.688311
 60.0108  0.23512 -9.50795 -1.17998 0.245769
 48.2318 -14.4275 -4.88635 0.945552 0.736294
 64.0545 -7.42378  -1.7625 2.52513 0.995522
 86.3643  -8.0497 -3.03438 -1.45454 1.37545
 98.4197  5.21671 -27.3573 -1.37806 1.05286
 96.8091 0.956464 -21.0686 -1.72776 0.331182
  47.239  3.48481 -24.7876 -1.45135 1.04143
 73.6766 -5.66798 -1.93492 1.92499 1.47325
 70.1856 -12.2298 -4.18795 2.98937 0.181602
  72.208 -3.27739  1.88635 1.41421 0.170084
 45.2176  -9.6334 0.980196 1.24017 1.31964
 103.967 -3.10156 -27.9458 -1.87949 0.221656
  98.893 -11.4574 -13.9447 0.900753 1.22628
  59.7716   1.43553 -0.316067 2.04249 1.30515
 46.7881 -8.95829  3.20362 -2.43244 0.976548
 92.3235 -11.5209 -6.47678 -3.03369 1.31975
 105.196 -8.94565  3.24469 -2.19483 0.92708
 102.278 -9.17868 -19.5443 0.895555 1.07322
 93.2142 -8.60088  4.69522 0.414245 0.849216
 80.4576 -6.00481 0.271325 2.10439 1.36208
 102.869 -7.15482 -1.21003 -0.342325 1.42242
 87.0132  -15.711 -4.27664 -1.27458 1.54664
 98.9537 -6.76809 -9.00421 0.868841 1.49762
 58.0001 -6.43211 -8.19286 2.31716 0.40523
 92.2527 -4.71853 -17.3051 -0.268842 0.0844328
 72.5818 -4.42641  1.52697 -0.75636 1.36044
 68.4654 -2.93198  1.97539 -1.25093 0.860107
  48.228 -2.31729 -10.0443 -2.23015 1.50217
  45.844 -12.3459 -13.0651 -0.931957 1.49222
 56.0471 -9.99433 -20.2518 1.69694 1.43741
 97.3332   4.4727 -18.2103 -1.2283 1.24068
 90.9813 0.317512 -7.43015 -1.57243 1.44536
 52.7256 -10.0885 -32.7613 2.35581 0.238105
88.6308 3.82422 3.67865 -1.47989 0.980264
 100.717   5.2632 -22.5981 -0.870349 0.105439
 93.5862  2.57866 -14.8674 -0.747667 0.0330403
 81.1806  0.05456 0.871323 -2.19587 0.0740085
 48.9764 -6.72579 -29.8178 -1.44806 0.355472
 91.3898 -1.07106  2.28721 -2.62836 1.49466
 51.7244 -7.27011  2.74704 -0.614068 0.307136
 49.6503  1.22358 -13.1531 -3.1033 1.05256
 46.2468 -6.68631  -17.994 -1.49062 0.451477
  52.241  3.42923 -3.16474 0.604376 0.753009
 64.1834 -10.4133 -13.7623 -2.52001 0.782562
 66.1984 -8.28844   3.9077 3.1209 1.21231
 63.6686 -4.32085 -21.1535 -2.59107 0.258745
 54.8273 -3.49359 -13.2888 1.69524 0.0163241
62.7115 4.41048 2.96108 1.3969 1.51653
  80.387  2.49452 -2.63557 -2.73035 0.255689
 44.2269 -4.85245 -2.09624 -1.16488 1.15139
  91.5513  -15.6374 -0.471999 2.56551 0.469728
 91.2667 -4.64321  4.17313 0.311769 0.534168
 59.7286 -10.6178   3.9687 0.99907 0.46384
 100.388 -6.74513 -9.21573 -2.84652 1.15493
 95.8934  4.46758 -14.9485 -2.84576 0.220199
   51.65 -12.4495 -10.2539 -0.779194 0.874154
 95.5883 -4.08633   4.3167 -2.36487 0.572164
 47.8183 -8.92163  4.46204 0.122064 1.42739
84.6865 4.21355 2.91597 -2.13499 1.23068
 87.7598 -10.7281  4.85258 0.975671 1.33907
 104.161 -1.66667 -24.9519 -1.888 1.54426
 100.975 -3.36892 -22.8522 1.01179 1.12155
  104.35 -9.49578 -21.2586 0.503212 1.50625
 46.6198 -12.2524   2.4328 2.0096 0.286168
 48.9168 -2.60732 -19.0282 -0.976315 1.41719
 54.6271  1.49523 -1.55538 -2.48803 0.973147
 76.1453 -7.31621 -9.03178 0.373331 0.350446
70.8848 2.59811 3.54013 -1.35535 1.064
 104.227  2.69898 -21.5459 -1.50169 1.24383
 51.5026  5.74115 -9.80637 -0.564639 0.648604
 46.3334 -7.54743 -15.1415 -0.173293 0.973655
 65.1101 -1.12275 0.881999 -0.419365 1.31058
 47.1306  1.03655 -25.1862 -1.55044 0.558034
95.9421 0.30738 1.78132 2.12843 1.02981
 57.5399  1.16221 -12.9072 -2.25032 0.479127
  54.4719 -0.656999  -7.18526 0.584974 0.894508
 99.7812 0.341272  4.84156 1.23116 1.45402
 58.2733 -2.82033 -9.06582 1.86216 0.630087
 89.2271 -14.7178 -14.8926 0.818438 1.10369
   61.924  -10.0695 -0.608474 3.10754 0.489799
 85.6684 -6.37274 0.563994 -0.0772855 0.908069
 103.153 -5.26821  3.48244 0.340509 1.25337
 99.7385 -12.7386 -22.8166 -0.533202 1.54261
 101.525  1.96027 -10.1752 -1.2584 1.30517
 75.3531 -5.40303  4.20192 2.31018 0.417756
 80.0779 -2.48389 -9.14434 -0.410805 0.608374
 101.064 -9.50492  0.28393 1.29305 0.0535546
  89.8555  -4.93732 -0.587616 3.01498 0.482169
71.0823  1.2056 -4.9416 -1.61961 1.45214
  97.4447   1.35556 -0.638109 2.02781 1.08287
  88.182 -8.15122  -7.4268 -2.9364 0.898589
 99.3805 -8.00538 -11.5475 -2.65015 0.612578
 75.4616 -13.2412 -8.43055 0.788999 0.511219
   97.638  -1.98805 -0.843789 2.77618 1.56736
 56.9651  -10.205 0.736309 -0.565946 1.03536
 91.5348 -9.11249  4.07253 -1.00134 1.11195
 90.0115 -6.83765 -2.81905 -0.736749 0.329469
  87.973 -13.7212 -11.1793 0.0169754 1.37045
 101.474 -13.4134  -9.1626 2.28852 0.944645
 83.0646 -4.61531 -9.40472 2.28745 0.101962
 95.0911 -11.9006 -12.7485 1.78238 0.894243
 100.171 -5.83315  -22.729 2.93398 1.20249
 53.0196 -15.0447 0.690576 2.46133 1.44582
 102.521 0.277889 -11.2761 -1.08297 0.193267
 90.3195 -7.16254 -4.17276 0.647024 0.16267
 82.8465 -10.2167  3.09557 -2.62367 1.23591
 93.8965 -8.50298 -12.5603 0.642468 1.15869
 84.014 3.82717 2.72027 -1.16172 1.24159
 85.4968 -7.85756 -1.14543 -1.96422 0.215042
90.0616  3.3029 4.84004 -2.58848 0.775021
 64.9689 -12.4642 0.714324 1.23941 0.93118
 50.6491  1.51812 -1.87153 -0.617375 0.997994
   46.2067 -0.0975883   -19.7431 -0.757919 0.207508
 47.5952 -9.35397 -15.0803 -0.591638 1.09193
 80.1273 -15.0751 0.251487 -0.409914 0.855057
 50.9035 -9.77015  3.29021 0.725162 0.710927
 101.746  5.79406 -27.1785 -2.42706 0.353804
 105.074  1.55124 -22.3778 1.79371 1.36922
 63.0873 -10.2225  -7.3592 -0.049344 0.276799
 66.5267 -10.9561  1.94759 2.05628 0.137633
  57.4622 -0.621404   1.89399 2.75231 1.19978
 102.194 -7.44184 -2.47359 -1.66321 1.1146
 103.959 -12.2773 -10.6536 -2.8026 1.39417
 53.2949 -4.86053 -20.2789 -2.89311 1.07452
 95.5684  1.31872 -31.8281 -0.0818549 0.421825
 77.8442 -5.18567 -3.07785 -0.102215 0.990154
 98.4343 -12.6135  1.83525 0.566565 0.270793
 47.2184 -9.47693 -25.1823 0.535289 1.35333
 95.9226  1.71155 -8.05625 -2.24693 0.276402
 103.081 -4.47275  2.66246 -1.81083 0.942156
 99.1575 -2.27709  4.30393 2.46366 0.345524
  80.621  2.03562 -12.1655 -0.465958 0.369718
 52.2077 -2.63974 -25.8162 2.61402 0.285054
 45.3768  -8.3301 -14.2813 -1.0766 1.18379
 56.7415 -4.88676  1.79548 -2.46522 0.560675
 98.2492 -8.97808 -20.3992 -0.765416 1.14495
 65.5759 -10.0969  1.84093 0.899714 0.155514
 97.6786 -12.3097 -3.97106 2.77529 0.272257
 86.4129  5.40525 -18.2621 -0.0210957 0.28746
 82.2194  -1.7937 -4.61298 2.96217 0.0253327
 97.3632 -10.5317  3.00194 -1.08587 1.03531
 96.4032 0.417488 -22.9505 2.49174 1.31135
 79.7311  -7.8187 -3.12819 2.06009 0.681787
 92.2035 -13.1666 -15.6181 1.50034 0.983268
 47.7188 -8.55181 -13.3266 -2.55995 1.17006
 89.9221  3.64686 -1.84462 -0.30002 0.438014
 83.7904 -7.63334 -11.5699 -0.133533 0.0761007
 54.4721 -12.6379 -6.03068 1.45758 0.127304
 45.4183 -4.37465 -19.8811 -2.32381 1.04401
 45.4327 -8.23338 -0.39415 -2.95768 1.37315
59.0921 -1.4823 2.90512 2.89053 0.780123
 78.8249 -14.3068 -1.39187 -1.20036 1.54244
 85.669 3.10025 3.91452 -2.92336 0.785635
 98.4539 -4.74654 -5.23816 1.41471 0.0106409
 45.6148 -9.05953  1.16618 3.03046 1.2225
94.8401 1.13026 1.93074 2.99314 0.419711
  51.906 -10.9988 -3.29836 0.416076 0.169442
 48.8644 -14.1739 -6.24342 0.766311 0.96348
 46.5144 0.616211  2.29583 0.201944 1.34913
 59.6249 -14.5453 -15.4034 1.52602 0.0745255
 101.124 0.575397 -2.81528 -2.42637 0.573078
 61.8748 -15.1722 -5.78125 -0.991032 1.52662
 47.7195 -3.03937 -25.7103 1.9825 1.25815
 84.7688 -7.13589 0.693702 1.77927 1.41527
 57.5466 -6.52564 -7.73793 -2.41104 0.129076
 101.483 -13.9274 -17.0432 2.31515 0.0369971
 74.0849  -6.2891 0.691657 -0.279806 0.102654
 50.9612 -7.00593 -8.40095 -1.28291 0.000689912
 97.1216 -10.3191 -5.74542 2.02864 0.76064
 61.5988 -3.16581 -2.58023 -1.3488 1.39167
