0 0 14 2662 2663 2664 2665 
1 0 14 2674 2676 2807 
2 9 14 223 225 2641 2642 2644 2646 2647 2648 2649 2650 2651 2652 2653 2654 2655 2656 2657 2658 2659 2660 2661 2662 2663 2664 2665 2666 2667 2668 2669 2670 2671 2733 2746 2753 2755 2768 2777 2778 2780 2791 2799 2812 2814 3144 3148 3149 3150 3282 3295 3296 3297 
3 5 14 2666 2667 2668 2669 2670 2671 3006 3009 3012 3141 3144 3145 3150 3152 3155 3282 3291 3295 3383 3389 
4 1 14 1943 3158 
5 5 14 1978 1996 2023 2059 2061 2089 2097 2102 3384 3546 3773 
6 0 14 
7 12 14 223 2640 2641 2642 2643 2644 2646 2647 2648 2649 2650 2651 2652 2653 2655 2656 2657 2658 2659 2660 2733 2746 2753 2755 2768 2777 2778 2780 2784 2785 2791 2799 2812 2814 2841 2843 2949 2999 3000 3001 3003 3141 3144 3147 3148 3149 3153 3154 3292 3293 3296 3297 
8 8 14 2701 2703 2738 2749 2762 2772 2781 2842 2947 2994 
9 8 14 1908 1909 1910 1911 1915 2096 2099 3157 3159 
10 7 14 1534 1563 1566 1568 1660 1661 1670 1671 1724 1725 1727 1728 1853 1856 1859 1899 1902 3171 3175 3176 3275 3368 
11 1 14 146 1534 1660 3172 3173 3178 3185 3193 
12 1 14 2641 2643 2662 2663 2799 2805 
13 7 14 
14 8 14 2672 2734 2738 2742 2745 2757 2773 2775 2949 2995 
15 10 14 1949 1953 1955 1957 1961 1963 2043 2050 2055 2062 2088 2097 2098 
16 1 14 
17 1 19 146 3178 3179 3184 
18 15 19 1727 1745 1746 1748 1854 1856 1857 1898 1900 1901 1904 1916 1917 1918 1919 1920 1921 1922 1923 1924 1925 1927 1943 1944 1948 1952 1954 1956 2044 2051 2054 2081 2089 2090 2096 2099 2100 2816 2817 2818 2819 2820 2821 2823 2825 2846 2848 2861 2940 2942 2971 3004 3005 3013 3014 3015 3016 3019 3020 3157 3159 3160 3162 3165 3166 3168 3283 3376 3377 3380 3381 
19 4 19 2739 2758 2792 2801 
20 8 19 
21 0 19 2802 
22 13 19 225 2642 2646 2647 2649 2651 2653 2655 2657 2659 2660 2661 2664 2665 2666 2667 2668 2669 2670 2671 2672 2674 2676 2677 2678 2679 2680 2681 2682 2683 2684 2685 2686 2730 2732 2734 2738 2739 2742 2745 2749 2751 2757 2758 2769 2771 2781 2783 2785 2790 2792 2794 2797 2798 2799 2807 2810 3144 3149 3150 3151 3282 3295 3296 
23 3 19 133 1198 1378 1482 1483 3181 3184 3185 3192 3193 3195 3196 3198 3199 3276 3352 3359 
24 0 19 2744 2761 2795 
25 2 19 3204 3205 3210 3211 3216 3217 3277 3344 3346 
26 0 19 
27 13 19 1537 1568 1745 1748 1749 1751 1753 1755 1763 1764 1770 1772 1838 1882 1897 1898 1900 1916 1917 1918 1919 1920 1921 1922 1923 1924 1925 1927 1948 1950 1952 1954 1956 2051 2081 2100 3014 3015 3016 3019 3020 3022 3023 3024 3026 3027 3028 3031 3032 3168 3169 3171 3173 3174 3177 3180 3284 3369 3371 3374 3376 3380 3381 
28 4 19 
29 7 19 1916 1918 1920 1922 1924 1948 1950 1952 1953 1954 1956 1957 1961 1963 2043 2050 2055 2076 2078 2082 2101 2826 2827 2828 2829 2830 2831 2832 2833 2834 2850 2852 2859 2860 2863 2914 2920 2922 2980 3015 3022 3023 3024 
30 11 19 1836 1982 1984 1985 1986 1992 1993 2000 2003 2004 2005 2006 2007 2008 2009 2014 2028 2029 2038 2039 2040 2057 2083 2085 2087 2093 2095 2897 2917 2965 2973 
31 3 19 1926 1928 1930 1932 1934 1958 1959 1960 1962 1964 1965 1966 1970 1971 2031 2827 2829 2831 2833 2835 
32 1 19 68 3235 3236 3242 
33 2 19 
34 9 19 
35 2 19 3105 
36 8 19 1803 1885 1991 1992 2008 2009 2010 2026 
37 0 14 3253 3254 
38 2 14 0 13 28 259 263 264 372 373 3253 3254 3255 3259 3260 
39 3 14 2459 2460 3518 3519 3527 3653 3656 3657 3658 3695 
40 9 14 2155 2159 2161 2163 2165 2167 2169 2178 2180 2182 2184 2186 2188 2190 2192 2194 2196 2197 2202 2207 2208 2209 2217 2219 2223 2231 2234 2238 2241 2251 2255 2257 2265 2266 2276 2421 2422 3661 
41 6 14 2159 2161 2163 2165 2167 2178 2180 2182 2186 2188 2190 2192 2194 2196 2197 2202 2207 2208 2217 2219 2223 2241 2255 2257 2263 
42 3 14 
43 0 14 
44 2 14 20 286 288 334 3647 3649 3650 3651 3689 3692 
45 2 14 20 371 3516 3643 3648 3650 
46 1 14 2212 2213 2259 2270 
47 3 14 2688 2689 2704 2707 2708 2710 2712 2714 2715 2741 2747 2756 2797 2801 2808 
48 15 14 3785 3786 
49 7 14 2097 2098 
50 11 14 630 631 632 633 634 636 751 
51 2 14 20 286 334 3647 3649 3650 3689 3692 
52 11 14 3789 3790 
53 5 14 218 2864 2866 2948 2986 2987 2989 2991 2993 3390 3391 3393 3404 3682 3683 3684 3775 3780 
54 7 14 2873 2876 2880 2882 2883 2884 2899 2900 2901 2902 2904 2905 2906 2907 2910 2924 2972 3793 3794 3805 
55 3 14 475 552 556 3634 3637 3638 3640 3641 3643 3644 3645 3671 3702 
56 1 14 164 1724 1746 1853 1854 3167 3172 3378 
57 1 14 2155 2158 2173 2174 2175 2176 2278 
58 5 14 3791 3792 
59 2 14 
60 0 14 3205 
61 14 14 1537 1539 1541 1568 1569 1570 1651 1656 1701 1721 1727 1748 1749 1751 1753 1755 1757 1763 1764 1769 1770 1772 1838 1844 1881 1882 1892 1916 1917 1918 1919 1920 1921 1922 1923 1924 1925 1927 1948 1950 1952 1956 2044 2051 2081 2100 3014 3015 3019 3020 3023 3024 3026 3027 3031 3032 3038 3169 3171 3174 3177 3180 3361 3367 3369 3371 3374 3381 
62 7 14 609 610 612 613 614 615 616 617 618 619 621 623 724 725 728 735 744 776 784 787 797 3094 3238 3245 3318 
63 5 14 2103 2104 2105 2106 2126 2127 2155 2158 2159 2161 2163 2209 2212 2213 2217 2219 2223 2255 2263 2269 2270 2272 2275 2276 2278 
64 2 14 1733 1735 1757 1758 1760 1891 1926 1928 1930 1932 1934 1958 1959 1960 1962 1964 1966 
65 0 14 3793 3805 
66 1 14 
67 5 14 2691 2693 2695 2697 2699 2702 2717 2719 2721 2723 2725 2726 2727 2729 2736 2737 2743 2744 2748 2750 2764 2770 2776 2782 2786 2787 2793 2796 
68 6 14 3789 3790 
69 11 22 223 2644 2648 2650 2652 2654 2656 2657 2658 2659 2660 2729 2731 2733 2743 2744 2750 2752 2753 2755 2761 2766 2777 2778 2780 2782 2784 2789 2791 2793 2795 2796 2800 2804 2805 2806 2809 2811 2812 2814 2841 2843 2948 2949 2950 2999 3001 3007 3148 3149 3290 3292 3293 3297 
70 9 22 2691 2694 2696 2708 2709 2710 2711 2712 2713 2714 2715 2716 2717 2718 2719 2720 2721 2740 2747 2748 2754 2756 2786 
71 7 22 2641 2647 2651 2653 2662 2663 2664 2665 2666 2667 2668 2669 2670 2671 2674 2675 2676 2677 2678 2679 2680 2682 2684 2685 2686 2742 2745 2751 2769 2783 2785 2790 2798 2799 2807 2810 3150 3295 
72 14 22 312 313 314 315 316 318 319 320 348 417 488 489 491 543 549 556 558 607 663 688 737 738 740 742 787 794 3498 3501 3502 3505 3508 3509 3513 3628 3629 3631 3634 3635 3637 3641 3643 3645 3670 3671 3697 3699 3701 3702 3706 3707 3708 3710 
73 5 22 
74 10 22 488 489 558 597 604 605 607 662 663 688 689 734 737 738 740 3501 3502 3505 3508 3509 3512 3628 3629 3631 3634 3635 3636 3637 3640 3641 3643 3645 3670 3671 3697 3699 3702 3705 3706 3707 3708 3710 
75 5 22 
76 3 22 3791 3792 
77 1 22 2212 2213 2221 2259 
78 17 22 214 215 217 218 220 2687 2690 2691 2693 2697 2699 2702 2704 2705 2706 2707 2708 2709 2710 2711 2712 2713 2714 2715 2716 2717 2718 2719 2720 2721 2722 2723 2724 2725 2726 2727 2729 2735 2736 2737 2740 2748 2750 2754 2756 2759 2761 2763 2764 2767 2770 2776 2782 2786 2787 2793 2796 2803 2804 2864 2886 2888 2948 2991 2993 3390 3391 3393 3394 3399 3400 3528 3529 3530 3538 3539 3541 3543 3544 3548 3663 3680 3682 3683 3684 3685 3686 3774 3776 3777 3780 
79 16 22 3789 3790 
80 11 22 1996 1999 2000 2001 2040 2041 2088 2090 2094 2095 2097 2098 2868 2889 2890 2891 2892 2893 2894 2895 2896 2898 2929 2931 2935 2937 2945 2979 2984 2985 3396 3397 3403 3406 3409 3410 3413 3546 3547 3548 3551 3553 3554 3557 3664 3765 3772 3774 3777 3778 
81 4 22 1916 1948 1949 1952 2820 2821 2822 2823 2824 2825 2848 2861 2862 2940 2942 2971 3004 3005 3014 3015 3016 3019 3020 3376 
82 0 22 2224 2269 2272 
83 3 22 
84 1 22 13 259 263 264 3259 3260 3264 3302 
85 3 22 2974 3004 3016 3157 3376 3381 
86 11 22 
87 5 22 1743 1745 1746 1747 1748 1854 1858 1900 3167 
88 4 22 2161 2163 2165 2167 2169 2188 2189 2190 2192 2194 2196 2197 2207 2208 2241 3659 3661 3662 
89 2 22 
90 13 22 
91 6 22 234 236 238 240 242 266 267 268 270 271 353 354 360 364 366 401 423 2294 2295 2296 2297 2298 2299 2300 2301 2302 2307 2317 2319 2391 2392 2401 2402 2434 2439 2443 2444 2451 3114 3115 3116 3120 3124 3306 3310 
92 18 22 290 300 301 303 305 306 312 313 314 315 316 317 318 319 320 321 322 323 324 325 326 327 328 333 336 341 343 347 348 350 357 367 374 382 383 384 389 394 395 397 404 407 414 417 476 480 482 488 489 491 499 501 502 503 505 506 514 515 516 517 519 522 523 525 530 531 535 544 568 573 581 582 584 586 587 589 596 602 662 734 792 2343 2347 2349 2371 2373 2385 2389 2394 2399 2445 3497 3498 3499 3501 3502 3505 3506 3507 3509 3634 3636 3637 3641 3699 3707 3710 
93 4 22 300 301 317 322 336 
94 6 22 3591 3594 3598 3600 3607 3612 3667 3734 3736 
95 15 22 1774 1790 1793 1836 1851 1855 1904 1907 1982 1984 1996 1999 2000 2001 2004 2014 2017 2020 2040 2041 2045 2049 2056 2057 2059 2076 2082 2085 2087 2093 2095 2102 2868 2889 2890 2891 2892 2893 2894 2895 2896 2898 2911 2913 2923 2929 2935 2937 2945 2979 2982 2984 2985 2990 3396 3397 3403 3406 3407 3409 3410 3413 3547 3548 3549 3551 3553 3554 3765 3772 3777 
96 15 22 223 2644 2647 2648 2650 2651 2652 2653 2654 2655 2656 2658 2691 2693 2695 2697 2699 2702 2717 2719 2721 2723 2725 2726 2727 2729 2731 2733 2736 2737 2743 2744 2746 2748 2750 2752 2753 2755 2759 2761 2764 2768 2770 2776 2778 2780 2782 2784 2785 2786 2787 2789 2791 2793 2795 2796 2811 2812 2814 2841 2842 2843 2864 2948 2949 3148 3149 3296 3297 
97 11 22 2640 2641 2643 2644 2646 2647 2648 2649 2650 2651 2652 2653 2654 2655 2656 2658 2659 2660 2661 2674 2680 2731 2733 2743 2744 2746 2752 2753 2755 2768 2778 2780 2784 2785 2789 2791 2795 2799 2800 2805 2806 2811 2812 2814 3148 3149 3282 3296 3297 
98 5 22 2104 2126 2140 2141 2156 2157 2162 2164 2201 2210 2211 2214 2216 2218 2225 2256 2258 2262 2267 2268 2271 2273 2274 2277 2278 
99 0 22 2807 2808 
100 9 22 
101 25 22 1215 1216 1232 1233 1238 1239 1240 1241 1242 1243 1244 1245 1246 1247 1248 1249 1250 1251 1252 1253 1263 1264 1266 1274 1275 1277 1282 1284 1286 1289 1292 1296 1298 1300 1310 1312 1315 1321 1322 1326 1328 1330 1332 1334 1338 1339 1400 1403 1424 1425 1426 1427 1428 1429 1437 1438 1468 1474 1475 1481 1486 1488 1506 1513 1514 1518 1521 1524 1525 1528 1594 1657 1704 1710 3435 3441 3442 3444 3445 3448 3453 3571 3574 3576 3579 3580 3581 3582 3585 3586 3588 3591 3592 3593 3594 3666 3742 3745 3747 3752 3753 
102 12 22 240 242 244 246 248 250 252 270 272 273 274 275 277 279 280 281 339 344 346 360 380 386 401 409 430 432 434 436 449 456 458 459 464 465 468 469 471 473 527 542 545 570 577 578 579 580 591 592 593 609 610 612 613 735 744 3101 3103 3106 3107 3108 3111 3112 3240 3244 3248 3288 3315 3319 3321 
103 6 22 2294 2296 2298 2300 2302 2320 2328 2329 2332 2344 2346 2348 2350 2355 2370 2372 2374 2376 2386 2387 2390 2393 2397 2398 2425 2426 2432 2436 
104 11 22 
105 0 22 
106 9 17 3785 3786 
107 2 17 2640 2643 2675 2688 2690 2743 2744 2800 2802 2805 2807 2808 2809 
108 1 17 2318 2439 2440 2441 2442 2443 
109 1 17 2204 2221 2226 2228 2259 2265 2269 2280 
110 22 17 470 471 527 545 577 579 612 614 616 618 624 626 628 638 643 645 646 647 648 649 653 655 719 721 745 746 756 766 777 778 782 785 800 802 803 804 805 806 807 808 809 810 811 812 813 833 835 837 839 841 843 920 932 936 938 940 965 979 984 3087 3091 3095 3097 3098 3101 3104 3107 3109 3112 3143 3224 3226 3228 3230 3231 3232 3234 3236 3237 3240 3242 3243 3288 3314 3315 3317 3319 3321 3322 3324 3327 3329 
111 0 17 2809 
112 2 17 39 56 475 552 556 558 607 661 662 664 665 733 734 739 3632 3633 3638 3678 
113 3 17 2871 2874 2875 2877 2897 2911 2913 2917 2918 2919 2923 2928 2962 2965 2966 2973 
114 21 17 3066 3067 3785 3786 3788 
115 1 17 3802 
116 6 17 2294 2296 2298 2303 2306 2318 2323 2324 2327 2328 2329 2332 2395 2397 2429 2433 2437 3791 3792 3816 
117 3 17 2851 2853 2873 2876 2883 2884 2899 2900 2910 2912 2919 2924 2925 2956 2958 2959 2972 
118 4 17 2460 3523 3524 3525 3526 3527 3651 3655 3657 3658 3689 3691 3692 
119 6 17 227 228 229 230 233 2265 2423 2454 3126 3127 3128 3129 3262 3263 3266 3267 3298 3300 3305 
120 6 17 1926 1928 1930 1958 1962 2826 2827 2828 2829 2831 2833 2835 2980 
121 9 17 190 1537 1568 1727 1745 1748 1837 1841 1856 1857 1899 1900 1902 1903 3162 3165 3169 3171 3173 3174 3177 3179 3180 3283 3284 3367 3371 3377 3380 
122 2 17 36 48 54 69 3625 3632 
123 3 17 223 2814 2843 2987 2988 2989 2991 2993 2999 3000 3001 3009 3141 3144 3292 3293 3389 
124 27 17 3785 3786 3810 
125 3 17 
126 2 17 3791 3792 
127 3 17 2337 2340 2360 2362 2364 2366 2368 2403 2405 2410 2412 2420 2441 2442 2449 2450 2452 
128 13 17 3789 3790 
129 11 17 133 1346 1378 1380 1482 1483 1534 1535 1537 1538 1539 1540 1541 1660 1667 1669 1713 1719 3186 3187 3359 
130 10 17 1975 1978 2023 2040 2045 2059 2061 2091 2094 2095 2097 2102 2868 2893 2894 2895 2896 2898 2929 2931 2935 2937 2945 2979 2982 2984 2985 2990 3396 3397 3403 3409 3410 3547 3548 3551 3554 3557 3664 3765 3772 3777 
131 4 17 2282 2284 2311 2423 2455 3126 3127 3128 3129 3130 3132 3269 3300 3305 
132 4 17 2103 2104 2105 2106 2107 2108 2110 2112 2126 2127 2128 2129 2130 2212 2213 2215 2219 2221 2224 2259 2263 2266 2268 2269 2270 2272 2280 
133 4 17 3783 3784 
134 0 17 3205 
135 2 17 2324 2350 2351 2352 2354 2355 2379 2381 2382 2425 2426 2427 2428 2429 3804 3815 
136 3 17 2285 2288 2290 2292 2313 2314 2315 2316 2330 2331 2406 2408 2415 2417 2439 2440 2441 2442 2462 
137 10 17 1951 2816 2817 2818 2819 2820 2821 2823 2845 2846 2848 2861 2862 2932 2940 2942 2946 2986 2992 2994 3004 3005 3145 3152 3155 3156 3383 3388 
138 8 17 312 313 314 315 316 318 319 320 348 417 488 489 491 556 558 607 3502 3505 3506 3508 3509 3513 3514 3635 3636 3637 3640 3641 3671 3697 3699 3702 3708 
139 1 25 240 242 272 274 360 3106 3107 3108 3111 3112 3321 
140 5 25 244 246 248 250 252 273 275 276 279 280 281 432 458 459 591 592 
141 3 25 223 2658 2777 2778 2812 2814 2841 2843 2949 2999 3001 3148 3149 3292 3293 3296 3297 
142 0 25 2426 2429 
143 10 25 2103 2104 2105 2106 2107 2108 2109 2110 2111 2112 2113 2114 2115 2116 2117 2118 2119 2120 2121 2124 2126 2127 2128 2129 2130 2131 2132 2133 2134 2135 2136 2137 2138 2139 2206 2212 2215 2221 2222 2224 2226 2228 2236 2243 2248 2253 2254 2259 2265 2269 2270 2272 2280 3271 3272 
144 0 25 
145 24 25 77 855 856 857 873 879 880 881 882 883 884 885 886 887 898 899 915 974 981 1036 1041 1058 1059 1060 1065 1066 1067 1068 1069 1070 1071 1073 1074 1075 1085 1086 1102 1103 1104 1112 1118 1119 1148 1159 1161 1162 2545 2547 2574 2577 2589 2591 2628 2633 3470 3471 3473 3474 3476 3477 3481 3482 3597 3600 3603 3604 3605 3606 3609 3611 3614 3616 3617 3619 3667 3668 3669 3713 3723 3725 3728 3732 3734 
146 31 25 1036 1041 1066 1072 1102 1112 1114 1119 1162 1214 1238 1239 1240 1241 1242 1243 1244 1245 1246 1247 1248 1249 1251 1263 1333 2518 2523 2525 2527 2529 2545 2546 2547 2548 2549 2550 2551 2552 2553 2554 2555 2556 2557 2558 2559 2560 2584 2586 2589 2591 2623 2627 2633 2635 3448 3453 3458 3459 3470 3591 3592 3593 3594 3597 3598 3600 3603 3604 3605 3667 3728 3732 3734 3736 3738 3745 3798 3809 
147 4 25 2126 2127 2128 2129 2130 2131 2132 2133 2134 2140 2141 2142 2143 2144 2145 2147 2148 2150 2151 2152 2153 2154 2205 2214 2220 2237 2252 2260 2268 2271 2273 2279 
148 6 25 226 227 228 229 230 232 233 2455 2456 3118 3119 3123 3126 3127 3128 3129 3130 3258 3259 3261 3262 3263 3266 3267 3298 3299 3300 3303 3305 
149 6 25 2189 2335 2338 2356 2358 2422 3523 3524 3525 3526 3527 3654 3659 3660 3662 3691 3694 
150 4 25 2320 2329 2332 2342 2344 2346 2348 2350 2370 2372 2374 2386 2387 2388 2390 2393 2395 2396 2397 2398 2436 2439 2442 2443 
151 5 25 3801 3802 
152 2 25 
153 32 25 
154 1 25 
155 6 25 2869 2872 2889 2890 2891 2892 2893 2894 2896 2898 2908 2909 2930 2943 2987 3390 3391 3393 3394 3399 3400 3402 3528 3529 3530 3539 3543 3544 3680 3682 3683 3684 3685 3776 3780 
156 6 25 2017 2020 2042 2046 2047 2048 2052 2053 2058 2086 2092 3552 3555 
157 2 25 133 144 147 159 1346 1352 1483 3184 3185 3192 
158 11 25 1838 1898 1904 1971 2031 2077 
159 1 25 3803 3804 
160 4 25 2837 2838 3782 3806 
161 0 25 264 3268 
162 1 25 883 884 885 886 888 981 3478 3485 
163 0 25 2104 2105 2126 2127 2128 2129 2141 
164 9 25 1773 1780 1801 1802 1823 1835 1849 1850 1895 1896 1905 1982 1984 1986 2000 2001 2003 2004 2005 2006 2007 2014 2017 2018 2019 2020 2040 2041 2045 2049 2056 2057 2085 2087 2093 2094 2095 3406 3410 3413 3414 3415 3417 3421 3422 3425 3760 3763 3772 
165 16 25 131 134 1167 1168 1170 1171 1172 1173 1174 1175 1176 1177 1178 1179 1181 1183 1185 1187 1189 1191 1192 1267 1271 1276 1277 1278 1283 1285 1293 1297 1299 1301 1309 1317 1320 1325 1327 1331 1335 1336 1343 2493 2496 2497 2499 2501 2503 2505 2571 2573 2575 2576 2582 2583 2585 2595 2598 2599 2613 2617 2620 2624 2629 2631 2634 2636 2639 3062 3346 
166 1 25 218 2759 2761 2764 2766 2864 2866 2948 2993 
167 1 25 259 263 264 372 3259 3260 3302 
168 1 25 3179 3185 
169 14 25 234 235 236 239 240 241 242 243 244 246 247 249 251 266 268 270 272 276 278 338 345 352 359 362 387 398 399 400 402 403 408 422 424 426 428 429 435 449 541 545 546 547 548 576 577 2289 2290 2291 2292 2293 2295 2297 2312 2315 2317 2391 2392 2396 2400 2401 2402 2414 2416 2417 2440 2444 2446 2451 2464 3107 3108 3111 3114 3115 3116 3119 3120 3124 3244 3246 3252 3256 3306 3308 3310 
170 20 25 616 623 624 625 626 627 628 629 630 631 632 633 634 636 645 647 649 653 655 656 657 659 717 720 724 728 751 752 757 774 776 777 781 784 800 802 803 804 805 806 808 810 812 819 820 821 822 823 824 826 833 835 837 839 841 843 848 849 914 920 925 940 941 946 952 961 962 963 972 3079 3085 3086 3091 3092 3094 3095 3097 3098 3104 3143 3226 3228 3232 3234 3236 3322 3324 3327 3329 3331 3336 3788 3812 
171 14 25 3783 3784 
172 1 25 3259 3303 
173 0 24 2707 
174 3 24 146 165 174 190 1346 1378 1534 1535 1538 1660 1667 1669 3184 3185 
175 4 24 3781 3782 
176 9 24 2103 2104 2105 2106 2107 2108 2110 2112 2113 2114 2115 2116 2117 2118 2119 2120 2122 2124 2126 2127 2128 2129 2130 2131 2132 2133 2134 2135 2136 2137 2138 2206 2215 2222 2224 2236 2253 2254 2261 2269 2280 2284 3270 3271 3272 
177 15 24 1773 1780 1801 1802 1835 1842 1849 1850 1895 1896 1982 1984 1985 1986 1991 1992 1993 2001 2002 2004 2005 2006 2007 2008 2009 2014 2015 2016 2017 2018 2019 2020 2028 2033 2038 2039 2040 2041 2045 2049 2057 2066 2070 2072 2085 2087 2093 2095 2871 2874 2875 2877 2897 2899 2900 2901 2902 2911 2913 2917 2918 2923 2928 2952 2960 2962 2965 2966 2973 3406 3407 3414 3415 3417 3421 3760 
178 10 24 358 397 400 431 433 435 536 541 546 547 548 584 586 
179 5 24 424 428 449 557 612 638 643 745 746 3232 3236 3237 3240 3242 3243 3246 3248 3249 3288 3308 3313 3314 3319 
180 8 24 1587 1591 1614 1615 1658 1664 1790 1792 1793 3417 3421 3422 3425 3560 3561 3562 3565 3566 3568 3571 3572 3665 3758 3760 3762 3763 
181 4 24 2947 
182 9 24 227 228 229 233 373 2285 2286 2287 2288 2289 2290 2291 2292 2293 2312 2407 2409 2416 2417 2419 2446 2454 2456 2460 2463 2464 3118 3119 3123 3129 3262 3263 3266 3267 3298 3303 
183 3 24 144 162 165 174 188 1667 3568 3665 
184 6 24 2140 2141 2156 2157 2160 2162 2164 2173 2176 2177 2179 2181 2201 2203 2205 2210 2211 2214 2216 2218 2220 2225 2227 2250 2256 2258 2260 2262 2267 2268 2271 2273 2274 2277 2279 
185 9 24 3781 3782 3806 
186 4 24 
187 3 24 
188 3 24 3126 3127 3128 3129 3130 3266 3267 3268 3300 3303 3305 
189 7 24 1727 1743 1745 1747 1748 1858 1911 1915 1917 1943 1944 2816 3004 3005 3013 3014 3015 3016 3019 3020 3156 3157 3159 3160 3162 3165 3166 3168 3169 3171 3173 3283 3376 3377 3380 3381 
190 2 24 2381 2382 
191 32 24 3066 3067 3194 3197 3199 3200 3203 3205 3206 3211 3212 3215 3217 3286 3337 3341 3345 3351 3356 3785 3786 3810 
192 34 24 
193 12 24 729 785 791 933 
194 2 24 2738 2739 
195 9 24 307 311 418 419 421 488 489 3509 3510 3511 3513 3514 3517 3634 3637 3640 3641 3643 3645 3646 3647 3650 3651 3652 3671 3688 3689 3692 3697 3699 3701 3702 
196 10 24 3801 3802 
197 9 24 1982 1984 2000 2001 2004 2014 2017 2020 2040 2041 2045 2049 2057 2085 2087 2093 2095 2868 2871 2889 2890 2891 2892 2893 2894 2895 2896 2898 2929 2935 2937 2945 2978 2979 2982 2984 2985 3396 3397 3403 3406 3407 3409 3410 3413 3554 3664 3765 3772 
198 0 24 2690 2809 
199 3 24 1941 1945 1946 2062 3147 
200 13 24 3787 3788 3812 
201 4 24 2994 
202 3 24 2169 2238 3523 3524 3526 3527 3658 3661 3662 3691 3694 
203 0 24 1958 1960 2827 2829 
204 8 24 2161 2163 2165 2167 2169 2202 2207 2208 2219 2231 2234 2238 2251 2257 2263 2311 2422 
205 12 24 218 2691 2693 2695 2697 2699 2702 2717 2719 2721 2723 2725 2726 2727 2729 2736 2737 2748 2750 2754 2759 2763 2764 2766 2770 2776 2782 2786 2787 2793 2796 2804 2864 2866 2886 2947 2948 2991 2993 3391 3393 3682 3683 3684 3685 3780 
206 0 24 3127 3128 3130 3300 
207 9 19 1996 1999 2061 2869 2870 2872 2889 2891 2892 2893 2894 2895 2896 2898 2908 2909 2943 2984 3390 3391 3393 3394 3396 3397 3399 3400 3402 3403 3529 3530 3539 3544 3546 3547 3548 3680 3682 3683 3684 3685 3774 3776 3777 3778 3780 
208 1 19 2158 2173 2174 2175 2176 2278 
209 4 19 1944 3005 3011 3012 3145 3152 3155 3156 3159 3160 3383 
210 2 19 688 689 3497 3628 3631 3635 3670 3706 3708 
211 12 19 
212 7 19 229 230 232 235 237 352 411 415 416 555 559 2285 2288 2290 2313 2314 2315 2316 2330 2331 2406 2408 2415 2417 2453 2454 2455 2462 3118 3119 3125 3250 3253 3255 3281 
213 4 19 2033 2873 2876 2877 2882 2883 2884 2899 2900 2901 2902 2904 2919 2924 2967 2968 2970 2972 2977 
214 14 19 1539 1541 1549 1551 1553 1555 1557 1569 1570 1571 1572 1573 1575 1582 1656 1681 1695 1701 1703 1707 1721 1729 1731 1733 1735 1749 1751 1753 1755 1757 1758 1759 1760 1763 1764 1766 1767 1768 1769 1770 1771 1772 1827 1844 1870 1879 1881 1882 1891 1892 1894 1927 3022 3023 3024 3027 3028 3031 3034 3035 3037 3038 3044 3142 3361 3369 3374 3808 
215 14 19 
216 17 19 478 481 486 487 501 503 504 505 506 507 508 509 510 512 529 583 589 676 678 679 680 681 683 688 689 690 691 692 700 701 702 703 704 705 706 707 708 709 710 712 722 758 780 788 791 881 882 884 886 888 3478 3482 3485 3491 3492 3495 3497 3532 3622 3623 3625 3628 3629 3631 3635 3670 3706 3715 3716 3725 3801 3813 
217 14 19 3801 3802 
218 32 19 1215 1238 1239 1240 1242 1243 1244 1245 1424 1425 1426 1427 1428 1429 1437 1438 1521 1528 2545 2546 2547 2548 2549 2550 3441 3571 3574 3576 3579 3580 3581 3582 3585 3586 3588 3591 3592 3593 3594 3597 3600 3604 3666 3667 3728 3734 3736 3742 3744 3745 3752 3753 3797 3798 3809 
219 8 19 214 217 218 2702 2723 2725 2726 2727 2759 2763 2764 2770 2864 2866 2886 2888 2948 2987 2989 2991 2993 3390 3391 3393 3394 3399 3400 3528 3529 3530 3538 3541 3663 3680 3682 3683 3684 3685 3686 3776 3780 
220 1 19 
221 0 19 1996 1999 3548 3777 
222 1 19 20 286 287 334 335 3649 3652 3693 
223 0 19 2897 2899 2900 2973 
224 5 19 998 1002 1024 1026 1028 1111 1142 3212 3215 3787 3788 3812 
225 4 19 39 54 57 69 80 615 725 741 743 775 791 793 795 853 854 931 932 933 3626 3719 
226 2 19 2126 2127 2128 2129 2140 2141 2142 2143 2268 2271 
227 7 19 244 246 247 248 249 250 251 253 276 278 279 280 281 338 387 408 2303 2304 2306 2323 2324 2325 2327 2426 2429 2432 2433 2437 2438 3791 3792 3816 
228 3 19 2102 
229 7 19 432 434 436 458 460 461 591 592 624 626 653 777 3095 3100 3101 3103 3143 3789 3790 3814 
230 3 19 3390 3391 3393 3394 3399 3400 3402 3528 3529 3530 3539 3544 3680 3684 3685 3776 3780 
231 6 19 1982 1984 1985 1986 1993 2000 2003 2006 2007 2028 2039 2057 2085 2093 2095 
232 7 19 1349 1380 1535 1537 1538 1568 1669 3180 3181 3183 3185 3187 3188 3189 3191 3193 3284 3360 3364 3367 3371 
233 29 19 3066 3067 3785 3786 
234 3 19 0 286 3647 3649 3650 3654 3657 3658 3692 
235 6 19 305 306 347 350 353 358 365 367 407 412 419 420 555 559 598 601 2444 2448 
236 5 19 2866 3398 3401 3404 3537 3542 3545 3681 3775 
237 7 19 3017 3018 
238 0 16 2854 2855 2857 2956 2963 2964 
239 10 16 1753 1755 1772 1949 1959 
240 0 16 2739 
241 7 16 
242 10 16 2128 2129 2140 2141 2142 2143 2144 2156 2157 2160 2162 2164 2166 2168 2170 2171 2172 2173 2176 2177 2179 2181 2183 2185 2187 2200 2201 2203 2205 2210 2211 2214 2216 2218 2220 2225 2230 2232 2239 2240 2250 2256 2258 2260 2262 2267 2268 2271 2273 2274 2277 2279 2421 
243 3 16 2072 2877 2879 2880 2881 2882 2883 2905 2906 2907 2952 2953 2954 2956 2958 2959 3794 
244 4 16 2202 2204 2212 2213 2219 2221 2226 2228 2251 2253 2259 2263 2265 2266 2269 2270 2272 2275 2278 2280 
245 3 16 2640 2641 2643 2645 2647 2649 2662 2663 2664 2665 2666 2667 2668 2746 2755 2785 2799 2800 2805 
246 2 16 3562 3565 3566 3568 3665 
247 13 16 3808 
248 3 16 2873 2876 2882 2883 2884 2897 2899 2900 2901 2902 2910 2912 2917 2919 2924 2965 2973 
249 1 16 3546 3548 3777 3778 
250 3 16 244 246 248 250 252 275 276 277 278 279 280 281 346 386 409 430 456 471 473 545 577 592 3101 3103 3108 3315 
251 7 16 1943 1944 2099 2999 3006 3009 3013 3141 3152 3156 3160 3291 3292 3383 3385 3387 3388 3389 
252 25 16 3066 3067 3785 3786 
253 11 16 2690 2691 2693 2695 2697 2699 2702 2705 2706 2709 2710 2711 2712 2713 2714 2715 2717 2719 2721 2723 2725 2726 2727 2729 2736 2737 2740 2743 2744 2748 2750 2754 2759 2763 2764 2770 2776 2782 2786 2787 2793 2796 2803 2804 2806 2809 2864 2886 2888 3541 3663 3686 
254 3 16 1941 1943 1944 1945 1946 3145 3152 3156 3157 3158 3159 3160 3387 3388 
255 2 16 223 2814 2841 2843 2949 2989 2991 3001 3292 3293 
256 3 16 3787 3788 3812 
257 4 16 
258 1 16 2640 2641 2642 2646 2662 2663 2799 2805 
259 10 16 
260 9 16 4 2158 2159 2163 2165 2167 2169 2173 2174 2175 2176 2178 2179 2180 2181 2182 2183 2184 2185 2186 2187 2188 2189 2190 2191 2192 2193 2194 2195 2196 2197 2198 2200 2202 2207 2208 2209 2217 2219 2223 2231 2234 2238 2241 2251 2255 2258 2263 2266 2274 2275 2276 2278 2422 3659 3661 3662 
261 4 16 292 
262 0 16 
263 9 16 2104 2105 2110 2112 2114 2116 2118 2120 2126 2127 2128 2129 2130 2131 2132 2133 2134 2135 2136 2137 2138 2140 2141 2142 2143 2144 2145 2146 2147 2148 2149 2150 2151 2152 2153 2154 2220 2237 2242 2246 2249 2252 2254 2260 2268 2271 2273 2279 2282 2284 3269 3270 3271 
264 1 16 57 82 937 939 987 1117 
265 1 16 
266 13 16 1779 1803 1804 1805 1807 1808 1809 1813 1814 1830 1884 1885 1986 1992 1993 2002 2005 2006 2007 2008 2009 2015 2016 2018 2019 2028 2038 2039 2874 2875 2877 2897 2899 2900 2901 2902 2904 2911 2913 2917 2918 2928 2962 2965 2966 2973 3793 3794 3805 
267 0 16 2156 2176 2277 
268 25 16 3066 3067 3459 
269 29 16 1168 1170 1171 1172 1174 1176 1178 1200 1279 1288 1299 1304 1320 1341 1355 1360 1388 1510 2473 2475 2477 2479 2493 2497 2499 2500 2502 2504 2506 2508 2510 2583 2588 2595 2598 2599 2614 2615 2621 2631 2636 3051 3052 3057 3066 3067 3194 3197 3199 3200 3201 3203 3205 3206 3285 3345 3347 3351 3354 3356 3358 3785 3786 3810 
270 7 16 235 236 237 238 239 240 241 242 243 245 352 359 373 403 418 422 2285 2288 2290 2292 2313 2314 2317 2330 2331 2406 2408 2415 2417 2440 2444 
271 5 16 2869 2889 2892 2991 2993 3390 3391 3393 3394 3682 3683 3684 3685 3780 
272 9 16 3793 3794 
273 5 16 1916 1918 1948 1949 1950 1952 1953 2816 2817 2818 2819 2820 2821 2822 2823 2824 2825 2847 2933 2934 2939 2941 2944 2997 3005 3015 3016 3019 3020 3376 3381 
274 2 16 13 28 226 227 259 263 264 372 3259 3260 3261 3267 3268 3299 3302 
275 26 16 
276 7 16 663 688 689 737 738 852 854 3614 3617 3619 3622 3623 3624 3625 3628 3629 3631 3635 3670 3706 3708 3713 
277 4 16 2337 2340 2360 2361 2362 2363 2364 2365 2366 2367 2368 2369 2403 2405 2410 2412 2420 2449 2452 2457 3510 3511 3514 3517 3701 
278 1 16 
279 8 16 
280 9 15 54 57 69 77 79 80 82 739 918 923 926 931 968 1115 1116 3611 3612 3614 3617 3618 3619 3623 3626 3628 3629 3631 3670 3706 3713 3718 
281 9 15 290 300 303 304 306 317 321 322 323 324 325 326 327 328 333 336 341 343 347 350 357 365 367 389 394 395 397 398 404 407 414 2343 2345 2347 2349 2355 2370 2371 2372 2373 2374 2375 2376 2377 2380 2385 2387 2389 2399 2445 
282 0 15 2732 2751 2790 2807 
283 0 15 2156 2158 2174 2176 
284 7 15 214 217 218 2691 2693 2695 2697 2699 2702 2708 2709 2710 2711 2712 2713 2714 2715 2716 2717 2718 2719 2720 2721 2722 2723 2725 2726 2727 2735 2736 2737 2748 2759 2763 2764 2767 2770 2776 2786 2787 3538 3541 3663 3686 
285 7 15 1982 1984 1996 1999 2000 2001 2003 2004 2014 2017 2040 2041 2045 2057 2059 2085 2087 2093 2094 2095 2102 3396 3397 3403 3406 3409 3410 3413 3546 3547 3548 3553 3554 3765 3772 3777 3778 
286 2 15 2103 2104 2105 2106 2108 2110 2112 2114 2126 2127 2128 2129 2130 2131 2132 2215 2224 2254 2272 
287 8 15 379 459 468 472 532 566 567 571 593 
288 1 15 13 28 259 263 264 372 373 3259 3260 
289 19 15 
290 15 15 476 482 488 489 491 499 502 522 523 555 586 601 602 604 662 688 689 690 691 692 693 694 695 732 733 734 779 789 790 3491 3497 3498 3501 3502 3505 3628 3629 3631 3633 3634 3635 3636 3637 3640 3641 3643 3645 3670 3671 3699 3702 3706 3707 3708 3709 3710 3716 
291 6 15 2112 2114 2116 2118 2120 2122 2123 2124 2130 2131 2132 2133 2134 2135 2136 2137 2138 2146 2147 2148 2149 2150 2151 2152 2153 2154 2237 2242 2246 2249 2282 2284 2308 2310 2424 3269 3270 3271 
292 2 15 420 559 
293 6 15 305 313 314 315 316 318 319 320 347 348 367 407 414 417 476 477 482 489 491 554 3506 3509 3513 3640 3641 3643 3645 3671 3697 3699 3701 3702 
294 12 15 2156 2157 2160 2162 2164 2166 2168 2170 2171 2172 2173 2176 2177 2179 2181 2183 2185 2187 2189 2191 2193 2195 2200 2201 2203 2205 2210 2211 2214 2216 2218 2220 2225 2227 2230 2232 2239 2240 2250 2256 2258 2260 2262 2264 2267 2274 2308 2310 2334 2356 2358 2421 2423 2424 2459 2461 3659 3660 
295 9 15 2105 2108 2109 2111 2112 2114 2115 2116 2117 2118 2119 2120 2123 2124 2206 2215 2222 2224 2236 2243 2244 2248 2251 2253 2254 2261 2265 2311 2423 2424 3271 3272 
296 5 15 2143 2144 2156 2157 2162 2173 2176 2177 2179 2181 2203 2210 2211 2214 2216 2218 2220 2225 2256 2258 2260 2262 2267 2268 2271 2273 2274 2277 2279 
297 4 15 2873 2876 2877 2882 2883 2899 2900 2901 2902 2904 2910 2919 2924 2967 2968 2970 2972 2976 2977 
298 3 15 
299 1 15 2294 2296 2298 2300 2302 
300 1 15 2103 2104 2106 2259 2269 2272 
301 2 15 2999 3000 3001 3003 3006 3009 3141 3291 3292 3293 3385 3389 
302 0 15 162 165 
303 21 15 3783 3784 
304 9 15 1926 1928 1930 1932 1934 1958 1959 1962 1964 1965 1966 1970 2826 2827 2828 2829 2830 2831 2832 2833 2834 2835 2837 2838 2839 2849 2851 2853 2854 2855 2857 2915 2916 2921 2925 2926 2927 2951 2956 2959 2961 2963 2964 2981 3782 3806 
305 5 15 2141 2156 2157 2160 2173 2176 2177 2179 2205 2210 2211 2214 2218 2220 2225 2260 2262 2264 2267 2268 2271 2273 2274 2277 2279 
306 4 15 612 638 643 745 746 3228 3230 3231 3234 3236 3237 3240 3288 3314 3322 3329 
307 2 15 3791 3792 3816 
308 20 15 3802 
309 4 15 2326 2342 2344 2346 2348 2350 2370 2372 2374 2376 2386 2387 2388 2393 2398 2426 2429 2432 2436 
310 0 15 313 417 3506 3507 
311 9 15 290 300 301 303 315 316 317 319 320 321 322 323 324 325 326 327 328 333 336 341 389 395 405 480 499 502 514 515 522 523 535 544 596 2343 2345 2347 2349 2370 2371 2372 2373 2374 2375 2376 2380 2385 2387 2389 2399 2445 3498 3499 3501 3502 3505 3707 3710 
312 8 15 2545 2546 2547 2548 2549 2550 2551 2552 2553 2554 2555 2557 2592 3588 3591 3592 3594 3597 3598 3600 3604 3667 3728 3734 3736 3745 
313 0 15 3242 
314 3 15 146 1566 1660 1661 3172 3173 3174 3177 3178 3179 3180 3284 3367 3371 
315 1 15 2967 2968 2970 2976 2977 2983 
316 16 15 36 48 488 501 503 505 538 539 540 549 550 589 603 661 665 669 673 688 689 690 691 692 693 694 695 722 724 725 739 741 742 743 780 785 786 788 791 792 793 3492 3494 3495 3497 3498 3500 3501 3502 3505 3622 3624 3628 3629 3631 3634 3635 3637 3641 3670 3699 3705 3706 3707 3708 3710 3716 
317 6 15 1858 1901 
318 1 15 2694 2696 2698 2700 2712 2713 2714 2715 2716 2718 2720 2728 2747 
319 0 15 2440 2441 
320 5 15 292 293 303 313 315 320 348 351 355 356 361 363 410 413 3499 3503 
321 4 15 218 3390 3393 3394 3399 3400 3402 3528 3529 3530 3538 3539 3543 3544 3680 3682 3685 3776 3780 
322 6 15 292 293 294 295 296 312 313 315 316 317 318 319 320 321 322 323 324 325 326 327 328 329 337 340 342 348 349 351 355 356 361 363 390 393 396 410 413 417 3498 3499 3506 3509 3513 3514 3697 3701 
323 8 15 476 479 480 482 499 502 503 505 506 508 509 514 515 516 517 519 522 523 524 525 535 543 544 573 578 581 582 584 586 602 723 726 779 789 3499 3503 
324 1 15 101 987 1018 2588 3216 3217 3221 3222 
325 4 15 2370 2372 2374 2376 2386 2387 
326 1 15 2837 2838 2839 2854 2855 2857 2951 2952 2963 2964 3806 
327 29 18 3458 3459 3799 3800 
328 3 18 2826 2828 2829 2830 2831 2832 2833 2834 2835 2838 2851 2853 2854 2916 2921 2926 2927 2956 2961 2981 
329 4 18 214 217 218 2720 2721 2722 2723 2725 2726 2727 2767 2886 2888 3538 3541 3663 3686 
330 4 18 187 1941 1943 1944 1945 1946 1947 1951 1975 1978 2062 2063 3147 3153 3156 3158 3384 3387 3388 
331 2 18 187 1908 1909 1910 1911 2063 
332 4 18 2088 2817 2818 2820 2822 2824 2844 2847 2933 2934 2939 2940 2941 2944 2975 2976 2986 2987 2996 2997 
333 6 18 230 232 265 2285 2286 2287 2288 2289 2290 2291 2292 2293 2312 2407 2409 2416 2417 2419 2464 3119 3124 3129 3257 3258 3259 3261 3262 3263 3266 3298 3299 3303 3306 3310 
334 3 18 214 217 218 2727 2759 2763 2764 2866 2886 2888 2948 3538 3541 3663 3686 
335 7 18 3783 3784 
336 11 18 424 428 448 449 471 545 577 578 579 585 609 610 612 613 614 615 616 617 618 643 645 647 649 735 742 744 784 794 3101 3103 3111 3112 3237 3240 3242 3243 3244 3246 3248 3249 3288 3308 3314 3315 3317 3319 3321 
337 0 18 2882 2902 2904 
338 1 18 20 286 334 3647 3649 3650 
339 5 18 2826 2827 2828 2829 2830 2831 2832 2833 2834 2835 2837 2838 2853 2854 2857 2915 2921 2925 2926 2927 2951 2958 2959 2961 2964 2981 3781 3782 3806 
340 12 18 431 432 433 434 435 436 437 439 441 458 459 460 526 528 536 541 545 546 547 548 569 576 577 580 590 591 592 594 617 619 621 623 624 626 627 628 629 630 631 633 653 655 656 657 777 3094 3095 3097 3098 3100 3101 3103 3104 3106 3107 3108 3111 3112 3143 3315 3321 3324 3327 3814 
341 19 18 1426 1427 1428 1429 1437 1438 1445 1446 1521 1526 1528 1597 1599 1606 1607 1608 1609 1614 1615 1616 1617 1618 1626 1627 1628 1629 1630 1631 1632 1633 1634 1635 1648 1653 1697 1705 1709 1777 1781 1801 1802 1803 1804 1805 1807 1808 1809 1813 1814 1815 1816 1817 1818 1819 1820 1823 1824 1826 1830 1837 1841 1872 1877 1885 1887 1889 1895 3415 3417 3418 3419 3421 3422 3425 3426 3427 3428 3431 3531 3565 3571 3572 3573 3750 3755 3758 3760 3762 3763 3807 
342 4 18 1975 1978 1996 1999 2023 3399 3402 3539 3543 3544 3546 3547 3548 3551 3680 3774 3776 3777 3778 
343 5 18 292 293 313 315 318 320 348 349 351 355 356 361 363 410 413 607 3633 3638 3708 3709 
344 5 18 1398 1402 1424 1425 1616 1617 1618 1619 1620 1621 1801 1802 1895 3418 3419 3425 3428 3431 3434 3531 3571 3573 3576 3579 3580 3581 3750 3752 3753 3755 3763 
345 0 18 2212 2213 2271 2272 2273 
346 7 18 1627 1628 1629 1630 1631 1779 1803 1804 1805 1807 1808 1809 1813 1814 1830 1885 3426 3795 3796 3807 
347 28 18 3785 
348 20 18 879 880 881 882 1058 1059 3485 3488 3603 3605 3606 3609 3611 3614 3615 3617 3619 3623 3668 3669 3713 3715 3718 3723 3811 
349 3 18 2339 2341 2360 2361 2362 2363 2364 2365 2366 2367 2368 2369 2383 2384 2404 2418 3525 3654 3655 3691 
350 2 18 2999 3000 3001 3003 3009 3012 3141 3145 3291 3292 3293 3385 3389 
351 4 18 294 295 2342 2344 2346 2348 2350 2351 2370 2371 2372 2373 2374 2375 2376 2377 2380 2386 2393 2398 2432 2433 2436 
352 10 18 312 417 476 482 488 489 491 499 502 514 515 523 544 555 3492 3493 3497 3498 3499 3501 3502 3505 3506 3507 3509 3513 3514 3635 3637 3640 3641 3645 3650 3671 3697 3699 3701 3702 3707 3708 3709 3710 
353 2 18 2285 2286 2287 2288 2289 2290 2291 2292 2313 2314 2330 2331 2406 2408 2417 2462 
354 9 18 3791 3792 
355 19 18 3796 
356 16 18 
357 8 18 301 303 304 312 313 314 315 316 317 319 320 321 322 323 324 328 347 348 367 407 414 417 479 480 499 502 514 515 522 523 535 596 688 689 3492 3493 3497 3498 3501 3502 3505 3506 3507 3628 3629 3706 3707 3710 
358 3 18 2156 2157 2173 2174 2175 2176 2177 2178 2179 2180 2181 2182 2183 2184 2185 2186 2187 2188 2190 2200 2210 2216 2225 2240 2274 
359 13 18 596 688 689 854 879 880 881 883 884 885 981 3485 3486 3488 3491 3492 3493 3494 3497 3532 3609 3611 3614 3615 3616 3617 3619 3622 3623 3625 3629 3669 3706 3713 3715 3716 3718 3723 
360 9 18 424 428 444 448 449 609 610 612 613 643 735 3103 3107 3108 3111 3112 3114 3116 3120 3234 3236 3237 3242 3243 3244 3246 3248 3249 3252 3256 3288 3289 3308 3313 3314 3315 3317 3319 3321 
361 18 18 3801 3802 
362 5 18 3793 3794 
363 0 18 
364 6 18 1615 1775 1778 1790 1792 1793 3553 3554 3557 3559 3560 3561 3562 3565 3566 3568 3572 3664 3665 3758 3762 3768 3769 
365 4 18 290 300 301 317 321 322 323 324 325 326 327 328 333 336 341 389 394 395 499 502 3803 3804 3815 
366 2 18 
367 0 18 3658 
368 19 18 
369 22 16 1036 1041 1058 1059 1060 1066 1102 1103 1119 1162 1238 1240 1241 1242 1243 1244 1245 1246 1247 1248 1249 1251 1263 2518 2521 2523 2525 2527 2545 2546 2547 2548 2549 2550 2551 2552 2553 2554 2555 2556 2557 2558 2559 2560 2584 2589 2591 2627 2633 2635 3458 3459 3591 3593 3594 3597 3598 3600 3603 3604 3605 3606 3611 3667 3728 3734 3736 3738 3797 3798 3809 
370 4 16 
371 2 16 172 1776 1852 3556 3557 3559 3560 3562 3563 3768 3769 
372 9 16 323 325 326 327 328 333 501 503 504 505 506 589 668 700 701 702 703 3486 3487 3488 3492 3493 3494 3532 3715 3716 3801 3802 3813 
373 7 16 214 217 218 2691 2693 2695 2697 2699 2702 2712 2713 2714 2715 2716 2717 2718 2719 2720 2721 2722 2723 2725 2726 2727 2735 2736 2737 2748 2759 2763 2764 2767 2770 2776 2786 2787 2864 2866 2886 2888 2948 3538 3541 3663 3686 
374 0 16 3185 3193 
375 0 16 3228 
376 11 16 1214 1217 1218 1223 1236 1238 1239 1240 1241 1242 1243 1244 1246 1247 1248 1249 1294 1296 1411 1412 1424 1426 1427 1428 1429 1437 1438 1445 1446 1521 1528 3438 3441 3442 3443 3444 3582 3585 3586 3588 3591 3592 3593 3594 3666 3742 3744 3745 3747 
377 6 16 465 471 473 541 542 785 793 799 800 802 932 3234 3328 
378 0 16 2174 
379 18 16 
380 3 16 359 
381 5 16 2826 2828 2830 2832 2834 2849 2851 2853 2858 2915 2916 2919 2921 2925 2926 2927 2951 2956 2958 2959 2967 2970 2972 2977 2981 
382 1 16 3498 3501 3502 3505 3636 3637 3710 
383 3 16 307 311 3650 3651 3654 3655 3656 3658 3688 3692 
384 1 16 2156 2157 2160 2173 2176 2177 2179 2276 2277 
385 4 16 
386 5 16 2688 2689 2692 2694 2696 2698 2700 2716 2718 2722 2728 2735 2741 2747 2756 2767 2788 2792 2797 2801 2808 
387 18 16 460 612 614 616 618 624 626 628 630 632 636 638 643 645 646 647 648 649 650 652 653 654 655 656 657 659 725 729 745 746 751 752 756 777 782 802 804 806 808 810 812 828 832 833 834 835 836 837 838 839 841 843 927 929 930 941 964 980 985 3087 3091 3092 3096 3098 3101 3105 3143 3224 3226 3230 3234 3236 3237 3240 3242 3288 3314 3322 3324 3327 3329 3336 3790 3814 
388 6 16 300 301 317 321 322 323 324 325 326 327 328 333 501 503 504 505 506 589 700 702 
389 2 16 3789 3790 
390 20 16 852 858 860 862 864 872 879 880 881 882 883 884 885 886 887 917 921 934 936 970 974 976 977 981 982 983 1045 1046 1047 1049 1059 1060 1065 1066 1067 1068 1069 1070 1071 1072 1073 1074 1075 1085 1086 1094 1103 1105 1115 1151 1160 3464 3469 3470 3473 3476 3481 3482 3603 3605 3606 3609 3611 3614 3615 3616 3617 3619 3623 3669 3713 3722 3723 3725 3732 3811 
391 8 16 303 312 313 314 315 316 318 319 320 348 417 488 489 491 602 603 604 3498 3502 3503 3505 3506 3508 3509 3513 3514 3634 3640 3641 3645 3671 3697 3699 3701 3702 3710 
392 5 16 119 1213 1215 2517 2519 2585 2586 3584 3587 3589 3594 3595 3596 3600 3601 3602 3675 3676 3731 3735 3741 
393 9 16 
394 3 16 2202 2212 2213 2219 2257 2263 2266 2269 2270 2272 2275 2278 
395 1 16 
396 23 16 1058 1059 1060 1065 1066 1067 1068 1069 1070 1071 1072 1103 1238 1240 1241 1242 1243 1244 1245 1246 1247 1248 1249 2545 2546 2547 2548 2549 2550 3458 3459 3591 3593 3597 3598 3600 3603 3604 3605 3667 3728 3734 3736 3811 
397 8 16 2856 
398 20 16 3795 3796 
399 14 16 499 502 538 539 540 543 549 550 595 596 662 663 668 688 689 690 691 692 693 695 734 737 740 779 783 789 792 880 3486 3491 3493 3497 3498 3501 3502 3505 3532 3617 3619 3622 3623 3624 3625 3628 3629 3631 3634 3635 3670 3706 3708 3710 3713 3715 3716 3718 
400 3 16 475 552 556 599 600 604 
401 5 16 82 833 834 836 860 879 883 981 1114 1115 1116 1117 1122 3224 3227 3616 
402 2 16 2454 2456 2460 3511 
403 3 16 1943 1944 2845 3010 3012 3145 3152 3155 3158 3383 3387 3388 
404 7 16 
405 9 16 3801 3802 
406 3 15 2849 2873 2876 2882 2883 2884 2902 2904 2910 2912 2915 2916 2919 2924 2925 2958 2959 
407 15 15 290 300 301 317 321 322 323 324 325 326 327 328 333 336 341 389 394 395 474 481 486 487 499 501 502 503 504 505 506 507 508 509 524 529 538 539 540 543 549 550 572 579 580 581 583 585 587 588 589 595 596 668 688 689 723 732 740 779 789 792 794 3492 3493 3497 3498 3499 3501 3502 3505 3628 3629 3631 3635 3670 3706 3707 3708 3710 3813 
408 9 15 232 2285 2286 2287 2288 2289 2290 2291 2292 2293 2313 2314 2316 2330 2331 2408 2415 2417 2453 2462 3118 3119 3123 3126 3127 3128 3130 3132 3258 3259 3263 3266 3267 3298 3300 3303 3305 
409 4 15 2728 2730 2732 2738 2739 2742 2745 2749 2751 2781 2790 2792 2794 2950 
410 0 15 
411 7 15 234 236 237 238 239 240 241 242 245 266 268 270 272 274 359 403 422 2288 2289 2290 2291 2293 2294 2295 2296 2297 2298 2299 2314 2316 2318 2320 2328 2329 2330 2331 2332 2390 2397 2415 2417 2439 2440 2441 2444 
412 0 15 3541 3663 3686 
413 3 15 2294 2296 2318 2320 2328 2329 2332 2342 2388 2390 2393 2395 2397 2398 2429 2432 2439 2440 2442 
414 0 15 2688 2704 2705 2706 2707 
415 8 15 1350 1375 1378 1482 1491 1523 3184 3186 3359 
416 2 15 2640 2641 2642 2643 2647 2746 2755 2799 2800 2805 
417 6 15 2870 2872 2873 2876 2884 2889 2892 2894 2896 2898 2899 2900 2901 2902 2904 2908 2909 2910 2924 2930 2936 2943 2972 2977 2983 
418 3 15 1614 1615 3414 3415 3417 3422 3425 3565 3566 3572 3758 3760 3762 3763 3764 
419 9 15 2159 2161 2163 2165 2167 2169 2182 2183 2184 2185 2187 2188 2190 2192 2200 2202 2207 2208 2217 2223 2241 2251 2255 2257 3523 3524 3526 3527 3654 3655 3657 3658 3662 3691 3694 
420 3 15 90 108 131 1171 1173 1175 1177 1291 1293 1343 2466 2496 2585 2587 2588 3210 
421 0 15 3562 
422 24 15 
423 6 15 234 236 237 238 239 240 241 242 243 245 256 345 388 403 422 2301 2307 2319 2321 
424 3 15 2324 2344 2346 2348 2350 2351 2372 2374 2376 2386 2388 2393 2398 2425 2426 2429 2432 2433 2436 
425 13 15 303 405 479 480 499 501 502 503 504 505 507 509 514 515 516 517 519 522 523 529 535 544 582 586 589 596 666 668 670 688 691 693 700 701 702 703 704 705 706 708 723 732 770 779 783 789 3485 3486 3487 3492 3493 3494 3497 3498 3499 3502 3505 3532 3707 3710 3715 3716 3813 
426 25 15 727 855 857 859 879 880 881 882 883 884 885 887 888 904 905 926 931 935 957 974 981 1038 1040 1045 1046 1047 1049 1050 1058 1059 1060 1065 1066 1067 1068 1069 1070 1071 1073 1074 1075 1085 1086 1088 1090 1099 1103 1105 1106 1107 1118 1119 1121 1131 1133 1141 1145 1149 1151 1157 1158 1160 2579 2586 2591 2593 2635 3471 3473 3476 3477 3482 3603 3605 3606 3609 3611 3614 3615 3616 3617 3619 3668 3669 3713 3722 3723 3725 
427 11 15 1943 1944 2062 2816 2817 2818 2819 2820 2821 2822 2823 2824 2825 2844 2847 2933 2934 2939 2941 2944 2975 2997 2999 3000 3001 3003 3004 3005 3006 3009 3012 3013 3020 3141 3145 3155 3156 3158 3159 3160 3292 3293 3376 3381 3383 3385 3388 3389 
428 29 15 3066 3067 3785 3786 
429 7 15 1214 1223 1238 1239 1240 1242 1294 3574 3579 3581 3582 3585 3586 3588 3591 3592 3593 3594 3597 3598 3600 3666 3667 3734 3736 3742 3745 
430 18 15 612 614 616 618 624 626 628 630 636 638 643 645 647 648 649 650 652 653 654 655 656 657 659 745 746 777 795 802 804 806 808 810 812 820 822 826 828 832 833 834 835 836 837 839 841 843 850 927 929 941 964 980 985 3087 3088 3091 3092 3093 3095 3097 3098 3143 3224 3226 3230 3231 3232 3234 3236 3237 3240 3288 3314 3322 3324 3327 3329 3331 
431 5 15 
432 10 15 313 318 348 417 421 2337 2340 2360 2361 2362 2363 2364 2365 2366 2367 2368 2369 2403 2410 2412 2415 2420 2439 2440 2441 2442 2449 2452 2454 2457 3506 3509 3510 3513 3514 3517 3647 3651 3655 3689 3692 3697 3701 
433 1 15 223 2812 2814 3149 3296 
434 6 15 2641 2642 2646 2647 2649 2651 2653 2655 2662 2663 2664 2665 2666 2667 2668 2669 2670 2671 2785 2799 
435 6 15 245 303 398 399 402 406 410 
436 3 15 13 20 286 287 288 334 371 3649 3657 
437 10 15 3797 
438 0 15 286 
439 16 15 
440 14 15 3795 3796 
441 8 15 3789 3790 
442 3 15 2337 2403 2405 2410 2412 2420 2449 2452 2453 2455 2456 2457 2459 2461 
443 8 15 2641 2642 2646 2647 2649 2653 2655 2662 2663 2664 2665 2666 2667 2668 2669 2670 2671 2674 2675 2676 2677 2678 2679 2680 2681 2682 2684 2685 2686 2769 2783 2785 2798 2799 2807 2810 3282 3295 3296 
444 1 15 2103 2104 2105 2106 2272 
445 12 15 1212 1215 1216 1238 1239 1240 1241 1242 1243 1244 1245 1246 1247 1248 1274 1289 1292 1296 1338 1400 1403 1424 1425 1426 1427 1428 1429 1437 1438 1446 1521 1528 3441 3442 3445 3576 3579 3580 3581 3582 3585 3586 3588 3591 3592 3593 3594 3598 3666 3667 3736 3742 3744 3745 3752 3753 
446 0 15 2212 2213 2226 2228 2259 
447 3 15 
448 6 15 1238 1239 1240 1241 1242 1243 1244 1245 1246 1247 1248 1249 1250 1251 1252 1263 3458 3592 3666 3742 3745 3797 3809 
449 5 15 
450 7 15 2159 2161 2163 2165 2167 2169 2174 2175 2178 2180 2182 2184 2186 2188 2190 2192 2207 2208 2212 2213 2231 2234 2238 2241 2255 2270 2335 2422 
451 7 15 1915 1916 1918 1944 1948 1950 2816 2818 2819 2820 2821 2822 2824 2825 2846 2848 2861 2862 2932 2940 2942 2946 2971 3005 3013 3014 3015 3016 3019 3020 3157 3159 3160 3162 3165 3166 3168 3283 3376 3377 3381 
452 14 15 1537 1568 1920 1922 1924 1952 1954 1956 3023 3024 3027 3028 3031 3032 3174 3180 3284 3367 3369 3371 3374 
453 22 15 
454 4 15 1563 1670 1671 3172 3359 
455 1 15 2126 2127 2128 2129 2130 2131 2132 2140 2141 
456 6 15 162 172 185 1724 1776 1777 1852 1853 1858 1859 1905 3166 3167 3169 3172 3173 3378 3552 3555 3556 3557 3561 3563 3673 3767 
457 1 15 2798 2807 2810 
458 2 15 2174 2175 2178 2180 2192 2194 2196 2197 
459 0 15 2141 2268 2271 2273 
460 7 15 2119 2121 2244 2248 2311 2454 3261 3265 3268 3298 3299 
461 1 15 3254 3259 3260 3313 
462 4 15 30 47 425 447 551 553 557 3247 3248 3253 
463 6 15 285 287 335 2337 2360 2361 2362 2363 2403 2405 2420 2449 2452 2457 3522 3523 3524 3525 3526 3527 3652 3654 3655 3658 3688 3689 3691 3692 3694 
464 4 15 3801 3802 
465 1 15 3152 3160 3383 
466 29 15 3066 3067 
467 2 15 244 246 248 250 252 273 275 276 277 278 279 280 281 409 430 592 3100 3101 
468 9 15 1714 1718 2051 2097 
469 1 15 77 79 82 1114 1115 1119 
470 2 15 2304 2306 2323 2324 2325 2425 2426 2429 2433 2437 2438 3791 3816 
471 5 15 214 217 218 2702 2723 2725 2726 2727 2759 2763 2764 2770 2864 2866 2886 2888 2948 3393 3399 3400 3529 3538 3541 3663 3680 3682 3683 3684 3685 3686 3776 3780 
472 0 15 2743 2744 2806 2809 
473 1 15 688 3497 3628 3629 3706 
474 11 15 223 2640 2641 2642 2643 2644 2645 2647 2648 2649 2650 2651 2652 2653 2654 2655 2656 2657 2658 2659 2660 2731 2733 2746 2752 2753 2755 2768 2777 2778 2780 2784 2785 2789 2791 2795 2799 2800 2805 2811 2812 2814 2841 2843 2949 3148 3149 3296 3297 
475 1 15 2712 2714 2715 2716 2717 2718 2719 2720 2728 
476 1 15 2838 2854 2857 2880 2951 2952 2956 2959 2964 
477 3 15 2231 2234 2238 2422 3523 3524 3526 3527 3657 3661 3662 3691 3694 
478 0 15 2277 2278 
479 11 15 1775 1777 1778 1790 1792 1793 1856 1897 1902 1903 2000 2001 2004 2014 2017 2020 2041 2047 2048 2052 2053 2058 2084 2092 2095 3406 3409 3410 3411 3412 3413 3414 3416 3421 3549 3551 3554 3557 3559 3560 3561 3760 3765 3768 3769 3772 
480 2 17 2202 2251 2257 
481 3 17 
482 14 17 1774 1790 1792 1793 1851 1855 1898 1907 1979 1981 1999 2000 2001 2004 2017 2020 2041 2042 2046 2047 2048 2052 2053 2054 2058 2086 2092 2095 2868 2890 2891 2892 2893 2894 2895 2896 2898 2935 2937 2945 2978 2979 2982 2984 2985 3406 3407 3409 3410 3413 3417 3547 3549 3551 3553 3554 3557 3561 3562 3664 3765 3768 3769 3772 
483 1 17 2687 2690 2705 2804 2809 
484 11 17 227 228 229 230 232 234 235 236 237 238 239 240 241 242 243 245 266 270 352 359 362 373 403 422 2285 2286 2287 2288 2289 2290 2291 2292 2293 2312 2315 2407 2409 2414 2416 2417 2419 2444 2446 2464 3115 3116 3119 3120 3123 3124 3257 3261 3262 3298 3299 3306 3310 
485 5 17 
486 2 17 3800 
487 8 17 3799 3800 
488 5 17 2303 2304 2306 2325 2438 3791 3792 3816 
489 18 17 273 339 344 360 374 384 397 401 430 432 434 436 452 456 458 459 460 461 464 465 467 468 469 470 471 472 473 524 527 532 533 534 542 545 560 562 564 566 570 571 577 579 580 585 587 591 592 593 609 610 612 614 616 621 623 625 627 643 645 647 649 715 720 724 726 742 757 765 767 774 776 781 784 785 787 794 797 3094 3100 3101 3103 3104 3106 3107 3108 3111 3112 3237 3240 3242 3243 3244 3246 3248 3288 3314 3315 3319 3321 3327 
490 12 17 172 1774 1851 1975 1978 1979 1982 1984 1996 1999 2000 2023 2040 2045 2049 2057 2059 2061 2085 2093 2094 2095 2102 
491 12 17 1975 1978 1996 1999 2023 2059 2061 2094 2102 2868 2890 2891 2892 2893 2894 2895 2896 2898 2929 2931 2935 2937 2945 2979 2982 2984 2985 2990 3394 3397 3402 3403 3409 3410 3528 3530 3539 3543 3544 3546 3547 3548 3549 3551 3680 3765 3772 3774 3777 3778 
492 1 17 2687 2688 2704 2707 2807 2808 
493 1 17 3117 
494 7 17 373 2285 2286 2287 2288 2289 2409 2454 2456 2458 2460 2463 3118 3119 3123 3126 3127 3128 3129 3130 3258 3259 3262 3263 3266 3267 3298 3300 3303 3305 
495 4 17 47 372 425 447 551 553 3117 3121 3250 3281 3312 
496 0 17 2751 2790 2810 
497 8 17 240 242 270 272 358 360 401 450 452 458 464 465 471 473 534 542 545 577 591 592 597 612 643 3100 3101 3103 3106 3107 3108 3111 3112 3237 3240 3242 3243 3246 3248 3288 3314 3315 3319 3321 
498 10 17 1773 1780 1827 1834 1836 1838 1844 1849 1850 1855 1858 1879 1881 1886 1896 1900 1907 2035 2048 2051 2054 2077 2079 2080 2083 2084 2089 2090 2091 3414 3415 3417 3421 3760 
499 2 17 576 
500 0 17 2104 2105 2108 2110 
501 0 17 
502 4 17 2348 2350 2351 2352 2354 2375 2377 2379 2380 2381 2382 2386 2393 2425 2426 2428 2432 3803 3804 3815 
503 8 17 
504 6 17 2156 2157 2162 2164 2166 2168 2170 2171 2172 2173 2176 2177 2179 2181 2183 2185 2187 2189 2191 2193 2195 2198 2200 2201 2210 2216 2225 2239 2240 2256 2258 3659 3660 
505 0 17 134 159 1480 1481 
506 6 17 2689 2692 2694 2696 2698 2700 2701 2703 2730 2738 2739 2741 2742 2745 2747 2749 2756 2781 2788 2792 2797 2801 2808 
507 3 17 3 13 28 226 227 259 263 264 372 3259 3260 3261 3264 3265 3267 3268 3299 3302 
508 2 17 234 236 237 238 239 240 241 242 243 268 270 272 274 403 422 2291 2293 3115 
509 6 17 998 1028 1111 1142 3787 3788 3812 
510 1 17 2133 2134 2135 2136 2137 2138 2282 3269 3270 
511 3 17 
512 7 17 3799 3800 
513 13 17 432 434 436 437 438 439 441 442 458 459 460 461 462 526 528 560 569 590 594 615 617 619 621 623 624 625 626 627 628 629 631 632 633 634 636 653 655 656 657 659 718 720 766 777 3087 3094 3814 
514 5 18 230 234 236 238 268 270 2285 2286 2287 2288 2289 2290 2291 2292 2293 2315 2407 2409 2414 2419 2446 2464 3115 3120 3124 3298 3299 3306 3310 
515 7 18 2130 2131 2132 2133 2134 2135 2136 2137 2138 2144 2145 2146 2147 2148 2149 2150 2151 2152 2153 2154 2205 2220 2227 2237 2242 2246 2249 2252 2264 2279 2282 2284 2308 2311 2424 3269 3270 
516 3 18 
517 0 18 2295 2297 
518 26 18 3787 3788 
519 1 18 2155 2158 2174 2175 2180 2276 
520 7 18 2640 2641 2642 2643 2644 2646 2647 2648 2731 2733 2743 2744 2746 2750 2752 2753 2755 2761 2784 2789 2791 2793 2795 2799 2800 2804 2805 2806 2809 2811 
521 9 18 2918 2923 
522 1 18 144 
523 3 18 2344 2346 2348 2351 2352 2354 2370 2371 2372 2373 2374 2375 2376 2377 2378 2379 2380 2381 2382 2386 2387 2427 2428 2436 3803 3804 3815 
524 0 18 3654 3655 3658 
525 5 18 2868 2890 2891 2892 2893 2894 2895 2896 2898 2929 2931 2935 2937 2945 2968 2969 2974 2978 2979 2982 2984 2985 2990 3396 
526 12 18 700 701 703 704 705 886 887 888 974 1074 1075 3476 3478 3481 3482 3485 3722 3725 3799 3800 3801 3802 3811 3813 
527 13 18 3066 3067 3787 3788 
528 4 18 
529 11 18 240 242 272 274 360 401 430 432 434 436 456 458 459 460 461 545 577 591 592 612 615 617 619 621 643 724 742 776 787 797 3097 3100 3101 3103 3106 3107 3108 3111 3112 3232 3234 3237 3240 3243 3288 3314 3315 3319 3321 3327 3329 
530 14 18 3783 
531 6 18 2817 2818 2820 2822 2824 2844 2847 2933 2934 2939 2941 2944 2975 2987 2996 2997 3000 
532 3 18 372 
533 0 18 
534 7 18 3781 
535 7 18 1729 1731 1733 1735 1757 1758 1759 1760 1890 1891 1892 1930 1932 1934 1962 1964 1966 
536 7 18 1984 2000 2001 2003 2014 2017 2020 2040 2041 2057 2085 2087 2093 2094 2095 2873 2876 2882 2883 2884 2897 2899 2900 2901 2910 2912 2917 2919 2924 2965 2967 2970 2972 2973 2977 3406 
537 0 18 2693 2695 2736 2737 
538 10 18 2059 2090 2102 2817 2818 2820 2844 2869 2933 2934 2941 2944 2987 2989 2991 2993 2996 2997 3001 3390 3391 3393 3394 3537 3682 3683 3684 3685 3780 
539 9 18 3783 3784 3808 
540 0 18 
541 11 18 855 856 879 880 883 934 935 981 1036 1041 1058 1059 1060 1065 1066 1067 1069 1102 1103 1114 1119 1120 1161 3597 3600 3603 3604 3605 3606 3609 3611 3615 3616 3619 3623 3667 3668 3669 3713 3718 3723 3734 
542 6 18 1749 1751 1753 1763 1764 1882 1922 1924 1925 1926 1927 1928 1929 1930 1931 1932 1934 1954 1956 1958 1960 1962 2827 2829 2830 2831 2832 2833 2834 2835 2852 2860 2863 2922 3022 3023 3024 3028 3032 3369 3374 
543 4 18 2149 2150 2151 2246 2249 2282 2284 2308 2310 2311 2424 3130 3132 3269 3270 
544 0 18 
545 8 18 218 2714 2715 2886 2888 2947 3393 3399 3400 3402 3528 3529 3530 3538 3539 3541 3543 3544 3663 3680 3682 3685 3686 3776 
546 15 18 
547 2 18 2356 2358 3522 3523 3524 3526 3527 3691 3694 
548 2 18 1059 1060 1103 3603 3606 3607 3668 
549 7 18 2299 2431 
550 16 18 3027 3031 3037 3038 3044 3142 3361 3366 3783 3784 3808 
551 24 18 3458 3459 3797 3798 3809 3811 
552 3 18 13 28 226 227 259 263 264 3127 3133 3261 3265 3267 3268 3299 3302 
553 7 18 2165 2167 2169 2178 2180 2182 2184 2186 2188 2190 2207 2231 2234 2238 2241 2335 2422 
554 1 18 2879 2880 2881 2905 2906 2907 2953 2954 3793 3794 3805 
555 1 18 2158 2173 2174 2175 2176 2177 2178 2179 2180 2182 
556 4 18 187 1908 1909 1910 3007 3008 3290 3384 3386 
557 7 13 1725 1727 1728 1745 1748 1916 1918 1919 1920 1921 1922 1923 1924 1925 1948 1950 1952 1954 1956 2051 2081 2100 3019 3022 3023 3024 3028 3168 3169 3171 3173 3369 3380 
558 27 13 
559 9 13 1773 1790 1792 1793 1801 1802 1835 1850 1857 1895 1905 1981 2000 2001 2003 2004 2014 2017 2020 2041 2042 2046 2047 2048 2052 2053 2058 2086 2092 2095 3406 3407 3410 3413 3414 3415 3417 3421 3422 3559 3560 3562 3566 3758 3760 3763 3769 3772 
560 0 13 2155 2270 
561 7 13 1945 1947 1951 2088 2090 2091 2094 2098 
562 2 13 2694 2696 2708 2710 2712 2714 2715 2747 2802 
563 4 13 172 188 190 1776 1851 1852 1856 1902 3410 3550 3551 3553 3554 3556 3557 3768 3769 
564 0 13 3205 3211 3345 
565 24 13 1410 1417 1419 1433 1435 1439 1440 1454 1464 1569 1597 1607 1628 1640 1653 1655 1656 1692 1694 1695 1697 1698 1699 1721 3427 3432 
566 17 13 1214 1223 1238 1239 1240 1241 1242 1243 1244 1245 1246 1247 1248 1249 1251 1263 2516 2519 2520 2545 2546 2547 2548 2549 2550 2551 2552 2553 2554 2556 2558 2585 2590 2592 2632 3441 3445 3585 3586 3588 3591 3592 3593 3594 3597 3598 3600 3603 3604 3605 3606 3666 3667 3728 3734 3736 3742 3744 3745 3747 3809 
567 0 13 3009 3141 
568 8 13 293 312 313 315 316 319 320 348 349 351 355 356 361 363 413 417 2337 2340 2360 2361 2362 2363 2364 2365 2366 2367 2368 2369 2370 2371 2388 2398 2403 2405 2410 2412 2420 2439 2440 2441 2449 2452 2457 3506 3509 3510 3511 3513 3514 3697 3701 
569 11 13 1982 1984 2000 2001 2003 2004 2014 2017 2040 2041 2057 2085 2087 2093 2094 2095 2869 2870 2872 2873 2876 2889 2890 2891 2892 2893 2894 2895 2896 2897 2898 2899 2900 2908 2909 2925 2930 2936 2938 2943 2967 2970 2972 2973 2976 2977 2983 2984 3396 3397 3406 3765 3772 
570 9 13 1246 1248 2549 2550 2551 2552 2553 2554 3458 3459 
571 6 13 2986 2987 2989 2991 2993 2999 3000 3001 3292 3293 3386 3390 3391 3393 3682 3683 3684 3685 3775 3780 
572 7 13 304 305 306 312 313 314 315 316 318 319 320 347 348 357 367 407 414 417 476 482 488 489 491 3498 3499 3502 3505 3506 3507 3509 3513 3634 3636 3637 3640 3641 3645 3671 3697 3699 3702 3710 
573 7 13 3067 3785 3786 
574 12 13 828 833 930 988 990 991 992 993 994 995 996 1020 1022 1024 1026 1121 1125 1154 2466 2587 2596 2597 2630 3205 3206 3211 3213 3214 3215 3217 3218 3220 3222 3223 3224 3226 3228 3230 3286 3287 3322 3334 3337 3341 3345 
575 8 13 2687 2690 2691 2693 2694 2695 2696 2698 2704 2705 2706 2707 2708 2709 2710 2711 2712 2713 2714 2715 2717 2719 2729 2731 2737 2740 2743 2744 2747 2748 2750 2752 2754 2761 2766 2776 2782 2786 2787 2788 2789 2793 2795 2796 2803 2809 
576 1 13 2847 2936 2938 2967 2968 2970 2976 2977 2982 2983 
577 3 13 488 489 491 3634 3637 3640 3641 3643 3645 3671 3699 3702 
578 1 13 2455 
579 3 13 2817 2818 2844 2870 2872 2894 2908 2909 2930 2933 2934 2936 2938 2939 2943 2944 2997 
580 13 13 1591 1615 1773 1774 1780 1790 1792 1793 1801 1802 1835 1836 1849 1850 1851 1855 1895 1904 1907 2001 2003 2004 2014 2017 2020 2041 2095 3406 3407 3409 3410 3413 3414 3415 3417 3421 3422 3425 3553 3554 3557 3559 3562 3565 3566 3664 3758 3760 3763 3765 3768 3769 3772 
581 9 13 3783 
582 6 13 229 230 232 233 373 2285 2288 2290 2292 2313 2314 2316 2330 2331 2406 2408 2415 2417 2462 3118 3119 3130 3132 
583 18 13 1401 1480 1589 1596 1598 1600 1614 1615 1616 1617 1618 1619 1621 1626 1627 1628 1629 1630 1631 1632 1633 1634 1635 1652 1662 1690 1696 1698 1700 1801 1802 1803 1804 1807 1808 1809 1813 1814 1817 1818 1819 1822 1823 1824 1826 1830 1831 1841 1872 1877 1885 1887 1895 3421 3425 3426 3428 3431 3434 3437 3531 3565 3566 3568 3571 3572 3576 3665 3750 3752 3755 3758 3760 3762 3763 3764 
584 8 13 245 397 398 399 402 406 410 2294 2296 2298 2300 2302 2318 2320 2326 2327 2328 2329 2332 2342 2344 2346 2348 2370 2386 2387 2388 2390 2393 2395 2397 2398 2425 2426 2429 2432 2433 2436 2439 2440 2442 
585 7 13 2873 2876 2880 2882 2883 2884 2899 2900 2901 2902 2905 2910 2912 2919 2924 2951 2956 2958 2959 2967 2976 2977 
586 4 13 2103 2105 2106 2107 2108 2110 2112 2114 2140 2155 2215 2222 2224 2253 2254 2261 2263 2275 2278 
587 0 13 3659 
588 8 13 1793 1815 1816 1837 3414 3417 3421 3422 3556 3557 3559 3560 3562 3565 3566 3568 3572 3664 3665 3758 3762 3763 3764 3768 3769 
589 2 13 3522 3523 3525 3526 3527 3654 3655 3658 3691 
590 1 14 3619 3622 3625 3713 3718 
591 7 14 289 307 311 371 2339 2341 2360 2361 2362 2363 2364 2365 2366 2367 2368 2369 2384 2411 2413 2418 2450 3513 3514 3517 3647 3648 3650 3651 3652 3688 3697 3701 
592 8 14 235 237 239 241 243 245 352 359 362 398 399 402 403 412 422 2285 2286 2287 2288 2289 2290 2291 2292 2293 2294 2295 2296 2297 2298 2312 2317 2319 2391 2392 2396 2400 2401 2402 2407 2409 2414 2416 2417 2419 2434 2440 2443 2444 2446 2447 2448 2451 2463 2464 
593 2 14 2460 3510 3511 
594 1 14 3126 3127 3128 3135 3304 
595 3 14 101 3204 3205 3210 3211 3216 3217 3221 3222 3277 3344 3346 
596 3 14 612 643 736 3103 3237 3241 3243 3246 3247 3248 3288 3314 3315 3319 
597 4 14 0 13 28 226 227 263 264 372 3119 3123 3258 3259 3260 3262 3263 3266 3267 3268 3298 3303 
598 0 14 2838 3782 3806 
599 2 14 2104 2105 2126 2127 2128 2129 2140 2141 2142 2143 2268 2271 2273 
600 11 14 244 276 278 456 545 577 3095 3100 3101 3103 3108 3143 3315 3327 3790 3814 
601 0 14 2156 2277 
602 1 14 3655 3689 3692 
603 3 14 2163 2165 2167 2169 2202 2207 2208 2251 2257 
604 12 14 1749 1751 1838 1857 1858 1898 1900 1901 1904 1919 1923 1925 1927 1981 2003 2004 2017 2020 2042 2044 2046 2047 2048 2051 2052 2053 2054 2058 2060 2077 2079 2080 2081 2083 2084 2086 2089 2091 2092 2096 2099 2100 2868 2929 2931 2935 2945 2979 2982 2985 3407 
605 0 14 3625 3626 
606 4 14 2348 2351 2354 2374 2376 2377 2379 2380 2381 2426 2428 2433 3803 3804 3815 
607 0 14 3126 3128 3129 3130 3132 3300 
608 2 14 667 688 689 690 691 692 693 694 695 3622 3625 3629 3631 3670 3706 3716 
609 0 14 3260 
610 11 14 1059 1060 1065 1066 1067 1068 1069 1070 1071 1072 1240 1241 1242 1243 1244 1245 1246 1248 1249 2545 2546 2547 2548 2549 2550 2551 2552 2553 2554 3591 3593 3597 3598 3603 3604 3605 3667 3728 3734 3736 
611 11 14 474 538 539 540 543 549 550 595 596 603 662 663 665 666 668 688 690 692 694 723 732 737 738 779 783 789 790 862 3487 3493 3495 3630 3633 3705 3707 3709 
612 5 14 3432 3437 3441 3744 
613 1 14 
614 11 14 223 2658 2731 2752 2761 2766 2777 2778 2789 2795 2812 2814 2841 2843 2949 2987 2989 2991 2993 2999 3001 3006 3007 3008 3009 3012 3141 3144 3145 3148 3150 3152 3155 3291 3292 3293 3295 3383 3385 3386 3389 
615 2 14 662 664 733 734 3626 3631 3632 3633 3637 3708 3709 
616 5 14 2986 2987 2989 2993 2999 3000 3001 3292 3293 3390 3391 3393 3683 3684 3780 
617 3 14 428 3248 3252 3253 3254 3256 3289 3308 3313 
618 7 14 2103 2140 2141 2142 2143 2144 2145 2146 2148 2154 2156 2157 2160 2173 2176 2203 2205 2210 2211 2214 2218 2220 2250 2252 2260 2262 2264 2267 2268 2271 2273 2274 2277 2279 
619 12 14 3066 3067 
620 10 14 614 616 618 624 626 628 630 632 636 643 644 645 647 648 650 653 654 655 656 657 659 725 729 751 775 782 796 802 804 806 808 810 812 3087 3091 3093 3095 3097 3098 3104 3143 3231 3234 3236 3322 3324 3327 3329 3790 3814 
621 22 14 3798 
622 10 14 1571 1573 1584 1703 1707 1729 1731 1733 1735 1757 1758 1759 1766 1767 1768 1769 1771 1827 1870 1891 1892 1894 1931 1932 1933 1934 1937 1964 1966 2036 2037 3783 3784 3808 
623 0 14 2454 2458 2460 
624 3 14 3516 3647 3648 3649 3689 
625 12 14 228 230 232 233 2116 2118 2120 2122 2124 2133 2134 2135 2136 2137 2138 2147 2149 2150 2151 2152 2237 2242 2246 2249 2282 2284 2308 2310 2453 2455 2456 2462 3118 3119 3123 3126 3127 3128 3129 3130 3132 3258 3259 3262 3263 3266 3267 3269 3270 3298 3299 3300 3303 3305 
626 7 14 
627 8 14 304 305 312 313 314 315 318 320 347 348 357 367 397 400 404 407 414 417 2339 2341 2364 2365 2366 2367 2368 2369 2383 2384 2404 2411 2413 2418 2443 2444 2445 2447 2448 2450 3506 3513 3514 3697 3701 
628 1 14 2879 2881 2905 2906 2907 2953 2954 3794 
629 3 14 286 287 288 334 335 3650 3652 3656 3657 3658 3688 3693 3694 
630 2 14 543 555 602 2439 2443 2444 2447 2448 
631 9 14 2155 2158 2159 2161 2163 2173 2174 2175 2176 2177 2178 2179 2180 2181 2182 2183 2184 2185 2186 2187 2188 2189 2190 2191 2192 2193 2194 2195 2196 2197 2200 2209 2212 2213 2217 2219 2223 2241 2255 2257 2263 2266 2270 2275 2276 2278 3662 
632 0 14 3647 3649 
633 5 14 233 234 236 373 2285 2286 2287 2288 2289 2290 2291 2292 2293 2407 2409 2417 2419 2446 2463 2464 3115 3116 3118 3119 3120 3123 3124 3252 3254 3256 3258 3259 3289 3306 3310 
634 6 14 1926 1928 1929 1930 1931 1932 1933 1934 1937 1958 1960 1962 1964 1966 2030 2036 2037 3781 3782 3806 
635 17 14 3066 3067 3785 3786 
636 13 14 1725 1727 1728 1745 1748 1859 1897 1899 1900 1902 1903 1915 1916 1918 1920 1922 1924 1943 1944 1948 1950 1952 1954 1956 2054 2089 2091 2099 3005 3011 3013 3015 3016 3018 3019 3020 3021 3157 3160 3162 3165 3169 3171 3283 3376 3377 3380 
637 0 14 2156 2173 2174 2176 
638 17 14 1587 1591 1615 1664 1773 1774 1780 1790 1792 1793 1801 1802 1835 1836 1849 1851 1855 1895 1897 1898 1901 1904 1981 2000 2001 2003 2004 2014 2017 2020 2041 2042 2046 2047 2048 2052 2053 2054 2058 2086 2092 2095 3406 3407 3409 3410 3413 3414 3415 3417 3421 3422 3553 3554 3557 3559 3560 3561 3562 3565 3566 3568 3572 3664 3665 3758 3760 3762 3763 3765 3768 3769 3772 
639 6 14 424 444 448 449 610 612 613 643 735 744 3236 3237 3240 3242 3243 3244 3246 3248 3249 3254 3288 3308 3313 3314 3319 
640 5 17 
641 1 17 3390 3391 3393 3399 3400 3529 3530 3680 3682 3684 3685 3780 
642 8 17 3793 
643 7 17 2103 2104 2105 2106 2107 2108 2109 2110 2111 2112 2113 2114 2115 2116 2117 2118 2119 2126 2127 2128 2129 2130 2131 2132 2133 2134 2206 2215 2221 2222 2224 2226 2228 2236 2253 2254 2259 2261 2265 2269 2272 2280 
644 9 17 2664 2665 2666 2667 2668 2669 2670 2671 2672 2676 2677 2678 2679 2680 2681 2682 2683 2684 2685 2686 2732 2734 2757 2769 2773 2775 2783 2794 2842 2950 2995 3150 3151 3294 
645 8 17 1170 1172 1174 1279 1304 1341 3188 3191 3193 3194 3197 3199 3200 3201 3203 3205 3206 3209 3211 3212 3285 3286 3337 3341 3351 3356 3810 
646 12 17 3459 
647 12 17 1917 1919 1920 1921 1922 1923 1924 1925 1926 1928 1929 1931 2030 2044 2051 2054 2077 2079 2080 2081 2100 3023 
648 6 17 2297 2298 2299 2300 2301 2302 2303 2306 2307 2320 2323 2324 2326 2327 2328 2329 2332 2390 2395 2397 2437 3791 3792 3816 
649 11 17 1751 1757 1758 1763 1764 1765 1766 1767 1768 1770 1771 1772 1891 1894 1926 1928 1930 1932 1934 1958 1959 1960 1962 1964 1965 1970 1971 1972 1973 1974 2028 2032 2033 2034 2056 2066 2069 2070 2072 2076 2082 2918 2919 2923 2952 2957 2960 
650 5 17 3390 3391 3393 3394 3399 3400 3402 3528 3529 3530 3538 3539 3543 3544 3680 3682 3684 3685 3776 3780 
651 28 17 3066 3067 3785 3786 
652 10 17 218 2691 2693 2695 2697 2699 2702 2713 2717 2719 2721 2723 2725 2726 2727 2729 2736 2737 2748 2750 2754 2759 2763 2764 2770 2776 2782 2786 2787 2793 2796 2864 2866 2867 2886 2888 2948 3390 3391 3393 3682 3683 3684 3685 3780 
653 3 17 1915 1943 1944 1951 
654 6 17 218 223 2652 2654 2656 2658 2702 2759 2764 2778 2780 2782 2795 2812 2814 2841 2842 2843 2864 2886 2888 2948 2949 3148 3149 3296 3297 
655 1 17 
656 5 17 1917 2060 2089 2090 2091 2099 3018 3378 
657 0 17 2867 
658 12 17 223 2642 2644 2645 2647 2648 2649 2650 2651 2652 2653 2654 2655 2656 2657 2658 2659 2660 2697 2699 2702 2729 2731 2733 2743 2744 2746 2750 2752 2753 2755 2759 2764 2766 2768 2770 2778 2780 2782 2784 2785 2789 2791 2795 2800 2811 2812 2814 2841 2842 2843 2864 2947 2948 2949 3144 3148 3149 3296 3297 
659 3 17 191 1976 1977 1978 2023 2024 3539 3542 3543 3544 3548 3774 
660 0 17 
661 1 17 2336 2356 2358 2453 2459 3522 3523 3524 3691 
662 5 17 2674 2675 2676 2677 2678 2679 2680 2682 2684 2685 2686 2732 2739 2742 2745 2749 2751 2783 2790 2792 2794 2798 2801 2802 2805 2807 2808 2810 
663 7 17 2156 2157 2160 2162 2164 2166 2173 2174 2175 2176 2177 2178 2179 2180 2181 2182 2183 2184 2185 2186 2187 2188 2189 2190 2191 2192 2193 2195 2200 2201 2210 2216 2225 2240 2256 2274 2277 3659 3662 
664 1 17 2292 2316 2415 2417 2440 2441 
665 0 17 3550 3551 3774 
666 8 17 2159 2161 2163 2165 2167 2169 2173 2174 2175 2177 2178 2179 2180 2181 2182 2183 2184 2185 2186 2187 2188 2189 2190 2191 2192 2193 2194 2195 2196 2197 2200 2207 2208 2209 2217 2223 2238 2241 2255 2257 2276 3659 3661 3662 
667 13 17 
668 1 17 3643 3702 
669 14 17 3784 3808 
670 0 17 3130 3132 
671 7 17 2880 2899 2900 2901 2902 2904 2905 2906 3793 3794 
672 2 17 
673 7 17 
674 10 17 2121 2122 2123 2124 2202 2219 2243 2244 2248 2263 2266 2275 3272 
675 6 17 1982 2000 2001 2004 2014 2017 2020 2040 2041 2045 2057 2085 2093 2094 2095 2870 2889 2890 2891 2892 2893 2894 2895 2896 2898 2908 2909 2936 2938 2943 2984 3396 3406 3410 3413 3765 3772 
676 2 17 3 13 3133 3264 3265 3267 3268 3518 3519 3656 3657 3695 
677 10 17 2816 2817 2818 2819 2820 2821 2822 2823 2824 2825 2844 2933 2934 2939 2941 2944 2975 2987 2989 2996 2997 2999 3000 3001 3003 3004 3005 3006 3009 3012 3013 3141 3145 3152 3155 3156 3291 3292 3293 3383 3385 3388 3389 
678 19 17 3785 3786 
679 6 17 2817 2818 2820 2822 2824 2844 2847 2933 2934 2939 2941 2944 2975 2996 2997 3003 
680 4 17 2343 2345 2347 2349 2353 2355 2370 2371 2372 2373 2374 2375 2376 2377 2380 2385 2387 2389 2394 2399 2400 2425 2430 2431 2435 2445 
681 3 17 
682 11 17 
683 10 18 214 217 218 2704 2705 2706 2707 2708 2709 2710 2711 2712 2713 2714 2715 2716 2717 2718 2719 2720 2721 2722 2723 2725 2726 2727 2735 2767 2886 2888 3538 3541 3663 3686 
684 28 18 3787 3788 
685 22 18 3797 3798 
686 4 18 187 1908 1909 1910 3007 3008 3147 3160 3161 
687 3 18 2337 2360 2362 2364 2403 2405 2410 2412 2420 2449 2452 2457 3522 
688 28 18 3066 3067 3785 
689 2 18 2837 2857 2964 3781 3782 
690 13 18 1593 1595 1599 1607 1614 1615 1616 1617 1618 1619 1620 1621 1626 1627 1628 1629 1792 1793 1802 3417 3421 3422 3425 3431 3434 3531 3559 3561 3562 3565 3566 3568 3571 3572 3574 3665 3750 3755 3757 3760 3762 3763 3769 
691 4 18 1982 1984 2001 2003 2014 2017 2020 2040 2041 2045 2049 2057 2085 2087 2093 2094 2095 3406 3407 3410 3413 3414 3415 3417 3772 
692 4 18 68 612 614 616 618 642 643 645 647 795 3234 3235 3240 3241 3242 3243 3246 3247 3248 3288 3314 3319 
693 13 18 
694 3 18 421 2285 2288 2290 2313 2314 2315 2316 2330 2331 2406 2408 2415 2417 2462 
695 1 18 
696 5 18 2339 2341 2361 2363 2365 2367 2369 2383 2384 2404 2411 2413 2418 2450 
697 0 18 3537 3543 
698 1 18 185 188 190 1856 1902 3550 3551 
699 9 18 293 294 313 315 318 320 321 324 328 348 349 351 355 356 357 361 363 410 413 2339 2341 2343 2345 2347 2349 2355 2363 2365 2367 2369 2371 2373 2375 2377 2380 2383 2384 2388 2394 2399 2404 2411 2413 2418 2440 2443 2444 2445 2447 2448 2450 3508 3511 
700 30 18 
701 4 18 499 502 522 523 
702 2 18 2842 2843 2999 3001 3292 3293 
703 9 18 3236 3237 3240 3314 
704 4 18 
705 10 18 2689 2692 2694 2696 2698 2700 2701 2703 2704 2706 2707 2708 2709 2710 2711 2712 2713 2714 2715 2716 2717 2718 2719 2720 2721 2722 2728 2730 2735 2738 2739 2741 2747 2749 2756 2767 2772 2781 2788 2792 2797 2801 3538 3540 3541 3663 3686 
706 11 18 185 1534 1566 1660 1670 1727 1743 1745 1747 1748 1858 3016 3019 3020 3157 3160 3162 3165 3166 3168 3169 3171 3174 3177 3179 3180 3283 3284 3367 3368 3371 3376 3377 3380 3381 
707 7 18 645 647 731 802 804 806 808 828 832 833 835 837 839 930 941 3097 3104 3220 3222 3223 3224 3226 3228 3230 3231 3234 3236 3287 3322 3327 3329 3334 
708 0 18 
709 8 18 1916 1918 1920 1922 1924 1948 1950 1952 1953 1954 1956 1957 1961 1963 2043 2050 2055 2076 2078 2101 2826 2827 2828 2829 2830 2831 2832 2833 2834 2835 2850 2852 2858 2859 2860 2863 2920 2923 2955 2956 2960 2980 3015 
710 8 18 2879 2905 2906 2951 2953 
711 8 18 2114 2116 2118 2120 2131 2132 2133 2134 2135 2136 2137 2138 2147 2148 2149 2150 2151 2152 2153 2154 2237 2242 2246 2249 2282 2284 2308 2424 2453 2455 2456 2459 2461 3126 3127 3128 3130 3132 3269 3270 3271 3300 3305 
712 12 18 1749 1751 1763 1764 1770 1772 1838 1844 1922 1924 1926 1928 1930 1932 1934 1954 1956 1958 1959 1960 1961 1962 1963 1966 1970 1971 2850 2852 2858 2859 2860 2863 2914 2920 2922 2980 
713 8 18 1590 1658 1666 1711 1712 1716 1718 3561 3564 3567 
714 3 18 
715 7 18 449 610 612 613 614 616 618 643 645 647 649 744 804 3103 3231 3232 3234 3236 3240 3242 3243 3244 3246 3248 3288 3314 3315 3317 3319 3329 
716 1 18 688 689 3492 3629 3706 
717 10 18 
718 6 18 2077 2079 2080 2083 2084 2827 2829 2850 2852 2860 2914 2915 2920 2922 2974 2978 2980 
719 23 18 3799 3800 
720 8 18 1170 2471 2473 2475 2477 2493 2504 2506 2598 2599 2615 2637 3194 3197 3199 3200 3201 3203 3205 3206 3208 3209 3211 3285 3286 3337 3341 3345 3351 3356 
721 11 18 
722 1 18 3 2202 2212 2213 2219 2226 2228 2251 2270 
723 3 18 1941 1945 1946 2062 
724 7 18 28 226 227 228 229 230 232 2285 2288 2290 2292 2310 2311 2313 2314 2330 2331 2406 2408 2415 2417 2424 2455 2462 3130 3132 3261 3262 3298 3302 3304 
725 11 18 1982 1984 2040 2045 2049 2056 2057 2076 2085 2087 2093 2094 2826 2828 2844 2847 2849 2870 2871 2909 2914 2915 2916 2925 2926 2927 2930 2933 2934 2936 2938 2939 2940 2941 2943 2944 2967 2975 2976 2977 2981 2982 2983 2997 
726 0 18 
727 6 18 1922 1924 1963 
728 7 18 2155 2157 2158 2159 2163 2165 2167 2174 2175 2178 2180 2182 2186 2190 2192 2194 2196 2197 2202 2207 2208 2209 2212 2217 2219 2223 2241 2251 2257 2263 2275 2276 
729 0 18 
730 3 18 244 246 248 250 252 275 276 277 278 279 280 281 346 386 388 
731 7 18 3795 3796 
732 3 18 415 2315 2316 2337 2340 2364 2366 2368 2403 2405 2410 2412 2420 2439 2440 2441 2442 2443 2449 2450 2452 
733 9 18 609 612 616 643 645 647 3103 3108 3226 3228 3230 3231 3232 3234 3236 3237 3240 3242 3243 3244 3246 3248 3288 3314 3315 3319 3322 3329 
734 15 18 82 800 802 803 804 805 806 807 808 809 833 835 837 839 841 843 920 924 925 938 940 963 965 977 979 984 992 994 996 997 998 999 1001 1003 1005 1020 1024 1028 1111 1117 1121 1142 1153 2471 2473 2637 3212 3213 3214 3215 3217 3218 3220 3222 3223 3225 3226 3228 3230 3232 3234 3236 3287 3322 3329 3330 3334 3341 
735 2 18 3126 3128 3129 3130 3263 3266 3267 3300 3303 3305 
736 1 18 2337 2340 2342 2366 2368 2370 2387 2410 2412 
737 2 18 2455 2461 3130 3132 
738 1 18 2370 2372 2374 2376 2387 
739 1 18 30 286 288 371 3649 3650 
740 3 18 3781 3782 
741 0 18 2879 2953 
742 2 18 1424 1425 1426 1428 1437 3448 3579 3580 3581 3582 3753 3809 
743 12 18 
744 9 18 217 218 2689 2692 2694 2696 2698 2700 2704 2706 2707 2708 2709 2710 2711 2712 2713 2714 2715 2716 2717 2718 2719 2720 2721 2722 2723 2725 2726 2727 2735 2740 2741 2747 2756 2767 2788 2797 2886 2888 3538 3663 3686 
745 7 18 3803 3804 
746 7 18 1941 1945 1946 1947 1951 1975 1978 2059 2062 2088 2089 2090 2097 2098 2102 2868 2929 2931 2935 2937 2938 2945 2979 2985 2986 2987 2988 2990 2992 2994 3397 3411 
747 2 18 223 3144 3149 3150 3151 3282 3295 
748 7 18 249 251 253 255 295 296 340 342 345 375 378 381 383 385 387 390 393 396 398 402 2317 2319 2321 2391 2392 2393 2394 2396 2400 2401 2402 2425 2429 2434 2435 2439 2443 2444 2447 2448 2451 
749 6 18 688 690 702 790 3487 3630 3633 3634 3709 3813 
750 3 18 2826 2827 2828 2829 2830 2831 2832 2833 2834 2835 2849 2851 2853 2915 2916 2921 2925 2926 2927 2981 
751 3 18 538 549 
752 1 18 3171 3173 3174 3177 3179 3284 3367 3377 
753 4 16 0 13 18 30 47 264 416 419 420 447 551 556 605 3122 3252 3253 3254 3256 3260 3289 3313 
754 11 16 1597 1606 1607 1608 1609 1617 1619 1620 1627 1628 1629 1631 1779 1780 1785 1786 1787 1801 1802 1803 1804 1805 1807 1808 1809 1813 1814 1825 1830 1873 1876 1884 1885 1895 1896 1987 2005 2006 2007 2008 2009 2015 2016 2018 2019 2021 2022 2026 2027 2032 3418 3419 3422 3425 3426 3427 3428 3431 3434 3531 3750 3755 
755 7 16 3793 3794 
756 1 16 3789 
757 3 16 2873 2877 2882 2883 2884 2899 2900 2901 2902 2904 2910 2912 2919 2924 2972 
758 5 16 2689 2690 2691 2693 2705 2706 2709 2711 2713 2714 2729 2740 2743 2744 2748 2750 2754 2786 2787 2793 2796 2803 2804 2805 2806 2809 
759 3 16 2648 2652 2654 2655 2656 2657 2659 2660 2731 2733 2752 2761 2766 2768 2782 2784 2791 2795 3297 
760 15 16 
761 20 16 855 856 879 880 881 882 883 884 885 886 887 888 931 974 978 980 981 1038 1040 1044 1045 1046 1047 1050 1058 1059 1060 1065 1067 1068 1069 1070 1071 1072 1099 1103 1105 1106 1115 1118 1121 1124 1145 1149 1151 1154 1157 1158 1160 2586 3476 3481 3603 3605 3606 3609 3611 3614 3615 3616 3617 3619 3622 3623 3625 3668 3669 3713 3718 3722 3723 
762 4 16 2294 2295 2296 2297 2298 2299 2300 2301 2302 2303 2305 2307 2317 2319 2322 2391 2392 2396 2400 2401 2402 2434 2451 3816 
763 0 16 3128 3130 
764 0 16 
765 10 16 223 2649 2651 2653 2655 2657 2659 2660 2669 2670 2671 2769 2785 2812 2814 2842 2845 2950 3000 3003 3006 3009 3012 3141 3144 3145 3148 3149 3150 3155 3282 3291 3292 3293 3295 3296 3385 
766 3 16 
767 3 16 2877 2879 2880 2881 2882 2883 2902 2904 2905 2906 2907 2910 2919 2924 2953 2954 3793 3794 3805 
768 4 16 1665 1718 1719 
769 5 16 2172 2227 2229 2230 2232 2239 2308 2310 2311 2334 2335 2336 2421 2424 2453 2454 2459 2461 3130 3132 3133 3264 3265 3268 3660 
770 5 16 3794 
771 6 16 1916 1917 1918 1919 1920 1921 1923 2044 2051 2081 2100 3014 3015 3017 3163 3164 3274 
772 1 16 2342 2388 2393 2398 2439 
773 5 16 
774 4 16 424 428 448 449 612 643 3237 3240 3242 3243 3244 3246 3248 3249 3288 3314 3319 
775 0 16 2832 2834 2851 2956 
776 8 16 235 236 237 238 239 240 242 243 245 266 270 274 352 359 362 402 403 422 424 2285 2286 2287 2288 2289 2290 2291 2292 2293 2313 2316 2330 2331 2406 2408 2415 2417 2439 2440 2441 2442 2462 3115 3116 3118 3119 3120 3124 3252 3256 3258 3289 3306 3310 
777 7 16 2303 2306 2323 2437 3791 
778 7 16 488 489 491 539 558 607 661 665 688 689 739 791 3502 3505 3622 3624 3625 3628 3629 3631 3635 3636 3637 3641 3670 3699 3702 3705 3706 3707 3708 3710 
779 9 16 
780 5 16 
781 3 16 158 162 165 174 1588 1590 1658 1659 3559 3562 3563 3566 3568 3569 3758 
782 9 16 3783 3784 
783 4 16 2453 2454 2456 2458 2460 3125 
784 7 16 
785 0 16 3565 3572 3762 
786 9 16 3785 3786 
787 14 16 596 662 663 688 689 690 691 692 693 694 695 734 737 738 790 852 858 860 879 880 881 882 934 935 3491 3492 3493 3494 3497 3501 3502 3505 3532 3614 3616 3617 3619 3622 3623 3624 3625 3628 3629 3631 3634 3635 3636 3670 3705 3706 3707 3708 3710 3713 3715 3716 3718 
788 7 16 2738 2739 2749 2758 2771 2792 
789 4 16 2173 2176 2177 2179 2181 2183 2185 2189 2200 2239 2240 2336 2356 2358 3523 3524 3659 3660 
790 19 16 676 678 679 680 681 683 690 691 692 693 694 700 701 702 704 705 706 708 709 714 754 755 758 763 780 788 855 859 863 866 879 880 881 882 883 884 885 886 887 888 894 895 896 897 931 935 974 981 3474 3476 3478 3481 3485 3532 3614 3616 3619 3622 3623 3625 3713 3715 3716 3718 3722 3725 3801 3813 
791 11 16 
792 6 16 3797 3798 
793 9 15 3799 3800 3811 
794 9 15 214 217 218 2713 2717 2719 2721 2723 2725 2726 2727 2886 2888 3390 3393 3394 3399 3400 3402 3528 3529 3530 3538 3539 3541 3543 3663 3680 3682 3685 3686 3776 
795 3 15 2879 2951 2952 2953 2956 2958 2959 2964 
796 19 15 879 880 881 882 883 981 3486 3532 3614 3616 3617 3622 3623 3713 3715 3716 3718 
797 7 15 
798 25 15 3458 3459 3591 3592 3745 3799 3800 3809 3811 
799 1 15 2360 3522 3523 3524 3525 3526 3527 3691 3694 
800 1 15 2126 2127 2128 2129 2140 2141 2142 2271 
801 0 15 3222 3227 3228 
802 10 15 17 2104 2105 2106 2108 2110 2112 2114 2116 2118 2120 2122 2123 2124 2125 2126 2127 2128 2129 2130 2131 2133 2134 2135 2136 2137 2138 2139 2141 2142 2143 2144 2145 2146 2147 2148 2149 2150 2151 2152 2153 2154 2205 2211 2214 2220 2227 2237 2249 2252 2254 2260 2264 2268 2271 2272 2273 2279 
803 4 15 
804 7 15 3789 3790 
805 1 15 2104 2105 2108 2110 2126 2127 2128 2129 2130 2140 2141 
806 2 15 2687 2689 2690 2705 2706 2709 2711 2740 2803 2804 2809 
807 4 15 2018 2042 3406 3411 
808 11 15 303 304 305 306 307 311 312 313 315 316 318 319 320 347 348 353 354 357 358 359 360 364 365 366 367 407 411 412 414 417 419 420 2338 2339 2341 2360 2361 2362 2363 2364 2365 2366 2367 2368 2369 2383 2384 2404 2411 2413 2418 2450 3506 3507 3509 3510 3513 3514 3517 3647 3650 3651 3689 3697 3701 
809 2 15 
810 1 15 2156 2157 2173 2176 2273 2274 2277 
811 2 15 188 190 
812 10 15 1979 1996 1999 2060 2868 2890 2891 2892 2893 2894 2895 2896 2898 2929 2935 2937 2945 2979 2985 3396 3402 3403 3405 3409 3410 3539 3543 3547 3548 3549 3551 3765 3772 3774 3778 
813 5 15 919 937 
814 1 15 2318 2439 2440 2441 2442 2444 
815 3 15 2312 2315 2338 2406 2407 2409 2414 2416 2419 2446 2454 2456 2458 2459 2460 2464 
816 5 15 137 1399 1401 1480 3568 3574 3575 3577 3582 3583 3584 3587 3588 3589 3595 3675 3741 3751 
817 5 15 174 185 201 1748 1856 3162 3165 3166 3167 3168 3172 3283 3377 3380 
818 14 15 1729 1731 1733 1735 1753 1755 1758 1759 1760 1882 1891 1892 1916 1918 1920 1922 1924 1926 1928 1930 1932 1934 1949 1950 1952 1953 1954 1955 1956 1957 1960 1961 1962 1963 1964 1965 1966 1970 1971 1972 1973 2031 2034 2043 2050 2055 2101 2827 2829 2831 2833 2835 3015 3016 3019 3020 3022 3023 3024 3028 3032 3369 3376 3381 
819 0 15 2431 2432 
820 11 15 1755 1770 1772 1881 1898 1961 1963 2050 2056 3414 3415 
821 13 15 3783 3784 
822 7 15 2640 2641 2642 2643 2644 2645 2646 2647 2648 2650 2651 2653 2655 2657 2659 2660 2731 2733 2743 2744 2746 2752 2753 2755 2784 2785 2789 2791 2795 2799 2800 2806 2811 
823 7 15 1539 1541 1543 1549 1551 1553 1555 1557 1570 1571 1572 1573 1575 1577 1580 1581 1582 1583 1584 1681 1695 1703 1707 3034 3035 3037 3038 3040 3041 3043 3044 3142 3361 3366 
824 6 15 223 2649 2651 2653 2655 2657 2659 2660 2666 2667 2668 2669 2670 2671 2672 2680 2734 2757 2769 2785 2812 2814 3144 3148 3149 3282 3295 3296 
825 1 15 2837 2838 2839 2854 2855 2857 2964 3781 3782 3806 
826 6 15 1599 1609 1616 1617 1618 1619 1709 1801 1802 1803 1807 1809 1885 1895 3418 3419 3422 3425 3426 3428 3431 3531 3750 3755 3763 
827 11 15 300 301 304 312 313 314 315 316 317 318 319 320 321 324 348 414 488 489 491 499 558 597 600 607 3498 3500 3502 3505 3506 3509 3513 3634 3636 3637 3640 3641 3643 3645 3671 3697 3699 3702 3705 3707 3708 3710 
828 5 15 162 164 165 174 1660 1665 1748 3162 3165 3166 3168 3171 3172 3173 3178 3179 3283 3377 3380 
829 17 15 3785 3786 3797 3798 
830 1 15 2687 2690 2704 2705 2706 2707 2709 2711 2803 2809 
831 1 16 3787 3788 
832 10 16 1745 1746 1748 1854 1916 1917 1918 1919 1920 1921 1922 1923 1924 1925 1927 1948 1950 1952 1954 1956 2044 2051 2054 2081 2100 2826 2827 2828 2829 2830 2831 2850 2852 2863 2914 2922 3014 3015 3016 3019 3020 3022 3023 3162 3165 3166 3168 3283 3376 3377 3380 3381 
833 1 16 
834 3 16 
835 6 16 1170 2471 2496 2500 2502 2637 3194 3197 3199 3200 3201 3203 3205 3206 3209 3211 3285 3286 3337 3341 3345 3351 3356 
836 1 16 2162 2164 2166 2168 2170 2171 2172 2201 2216 2256 2258 
837 26 16 3066 3067 
838 4 16 2300 2301 2302 2303 2306 2307 2323 2324 2426 2429 2437 3791 3792 3816 
839 9 16 292 307 311 312 313 314 318 348 417 488 491 2339 2341 2360 2361 2362 2363 2364 2365 2366 2367 2368 2369 2383 2384 2404 2411 2413 2418 2450 3506 3507 3509 3510 3511 3513 3514 3517 3640 3641 3643 3645 3647 3648 3650 3671 3697 3699 3701 3702 
840 2 16 
841 0 16 3390 3393 3682 3780 
842 5 16 2126 2127 2128 2129 2130 2131 2132 2133 2134 2140 2141 2142 2143 2145 2146 2148 2154 2211 2214 2237 2252 2260 2268 2271 2273 2274 2277 2279 
843 0 16 2269 2272 
844 3 16 244 246 248 250 252 276 277 278 279 280 281 346 380 386 409 430 432 434 436 458 459 460 461 528 590 591 592 
845 7 16 1982 2000 2004 2040 2045 2057 2085 2093 2094 2095 2102 2869 2870 2872 2889 2892 2894 2896 2898 2908 2909 2930 2936 2938 2943 2982 2983 3396 3397 3405 
846 6 16 
847 6 16 3794 
848 5 16 3791 3792 
849 3 16 3518 3519 3521 3527 3653 3656 3657 3658 3694 3695 
850 11 16 292 293 294 295 296 312 313 315 316 317 318 319 320 321 322 323 324 325 326 327 328 333 337 340 342 348 349 351 355 356 361 363 390 396 405 406 410 413 417 2340 2342 2344 2346 2348 2370 2371 2372 2373 2375 2377 2380 2386 2387 2388 2398 2433 2436 2439 2440 2441 2442 3498 3499 3505 3506 3509 3513 3514 3697 3701 
851 3 16 609 610 612 613 735 742 744 3245 3318 
852 9 16 
853 7 16 688 879 880 3611 3614 3617 3619 3622 3623 3625 3626 3628 3629 3631 3632 3670 3706 3713 3718 
854 8 16 987 988 990 991 992 993 994 995 1117 1121 1125 1154 3219 3221 3224 3225 3226 3279 3333 
855 7 16 174 188 190 1563 1566 1590 1651 1658 1659 1661 1666 1668 1670 1671 1701 1712 1714 1716 1718 1724 1725 1728 1730 1732 1734 1838 1839 1843 1846 1847 1848 1853 1856 1858 1859 1883 1899 1902 
856 8 16 1916 1918 1920 1922 1924 1926 1928 1948 1950 1952 1953 1954 1955 1957 1958 1959 1960 1961 2031 2043 2050 2055 2101 2824 2826 2827 2828 2829 2830 2831 2832 2833 2834 2835 2847 2851 2853 2915 2916 2925 2926 2927 2961 2981 3015 
857 14 16 
858 6 16 
859 1 16 2155 2158 2173 2174 2175 2176 2278 
860 1 16 13 2202 2212 2219 2228 2251 2265 
861 6 16 2690 2691 2693 2695 2704 2705 2706 2707 2708 2710 2711 2712 2713 2714 2715 2716 2717 2718 2719 2720 2721 2729 2737 2740 2743 2744 2747 2748 2750 2754 2756 2776 2786 2787 2793 2796 2803 2809 
862 3 16 
863 18 16 1347 1349 1350 1351 1352 1353 1354 1355 1356 1357 1359 1380 1382 1384 1386 1388 1490 1491 1510 1537 1539 1541 1546 1548 1551 1553 1555 1557 1561 1568 1570 1572 1580 1582 1583 1584 1585 1702 1722 3035 3037 3038 3041 3042 3043 3044 3045 3048 3142 3177 3180 3183 3185 3187 3188 3189 3191 3193 3284 3354 3360 3361 3364 3366 3371 
864 6 16 3458 3459 3797 3798 
865 4 16 2826 2828 2830 2832 2834 2849 2851 2853 2915 2916 2921 2925 2926 2927 2956 2959 2981 
866 10 16 2103 2126 2127 2128 2129 2130 2131 2132 2133 2134 2135 2136 2137 2138 2139 2140 2141 2142 2143 2144 2145 2147 2148 2149 2150 2151 2152 2153 2154 2205 2211 2214 2220 2237 2242 2246 2249 2252 2260 2264 2268 2271 2273 2279 2282 2284 2308 2310 2424 3269 3270 
867 4 16 2285 2286 2287 2288 2454 2456 2458 2460 2463 3126 3127 3128 3129 3130 3261 3262 3263 3266 3267 3298 3299 3300 3303 3305 
868 10 16 1595 1614 1615 1781 1801 1802 1803 1804 1807 1808 1809 1813 1814 1815 1816 1823 1824 1837 1841 1885 1895 3414 3415 3417 3418 3419 3421 3422 3425 3428 3565 3568 3572 3574 3665 3750 3758 3760 3762 3763 
869 0 16 2830 2832 2834 
870 5 16 424 425 426 428 429 449 553 3111 3112 3116 3124 3242 3243 3244 3246 3248 3249 3252 3254 3256 3289 3308 3310 3313 3319 3321 
871 1 16 2303 2304 2306 2321 2323 2324 2325 2326 2437 2438 3791 3792 3816 
872 8 16 2128 2129 2130 2131 2132 2133 2134 2135 2136 2137 2138 2140 2142 2143 2144 2145 2146 2147 2148 2149 2150 2151 2152 2153 2154 2203 2205 2220 2227 2237 2246 2249 2250 2252 2260 2264 2268 2279 2308 2334 2421 2424 3269 
873 6 16 3791 3792 
874 17 16 
875 3 16 2294 2296 2298 2300 2302 2318 2320 2328 2329 2332 2395 2397 2439 2440 2442 2443 
876 0 16 3242 3246 3248 
877 7 16 421 2339 2341 2361 2363 2383 2384 2404 2411 2418 2444 2447 3511 
878 8 16 1774 1790 1793 1851 1855 1857 1898 1904 1907 2001 2041 2042 2046 2047 2048 2049 2052 2053 2058 2092 3556 
879 6 16 0 3 13 28 259 263 264 269 372 420 421 2404 2405 2406 2409 2419 3127 3133 3134 3135 3264 3265 3267 3268 3302 3304 3305 
880 28 16 
881 26 16 3066 3067 3785 3786 
882 6 16 1999 2869 2870 2872 2889 2892 2894 2896 2898 2908 2909 2930 2936 2938 2943 2983 2987 2996 3397 
883 3 16 2999 3000 3001 3006 3009 3012 3141 3145 3155 3291 3292 3293 3385 3389 
884 3 16 2678 2679 2680 2681 2682 2683 2684 2685 2686 2732 2739 2751 2783 2794 2810 2995 
885 4 16 2189 2191 2192 2193 2195 2335 2356 2358 3526 3527 3658 3659 3662 3694 
886 6 16 
887 0 16 2688 2690 2808 2809 
888 16 16 501 503 504 505 506 507 508 509 529 589 668 700 701 703 783 886 887 974 3476 3478 3481 3482 3485 3486 3487 3488 3532 3715 3716 3725 3801 3802 3813 
889 1 16 2218 2230 2232 2250 2334 2336 2356 2358 2421 3659 3660 
890 9 16 311 418 419 2360 2361 2362 2363 2364 2365 2366 2367 2368 2369 2383 2384 2411 3510 3514 3515 3516 3517 3521 3523 3524 3526 3527 3647 3651 3688 3689 3691 3692 3694 3697 3701 
891 11 16 
892 1 16 2640 2641 2643 2646 2799 
893 15 16 3802 
894 6 16 3783 3784 
895 3 16 2869 2889 2892 3390 3391 3393 3394 3399 3400 3402 3528 3529 3530 3680 3682 3684 3685 3776 3780 
896 4 16 223 2655 2657 2659 2660 2812 2814 2999 3000 3001 3003 3144 3148 3149 3292 3293 3296 3297 
897 0 16 3417 
898 0 16 3159 3160 3161 
899 20 16 3783 3784 
900 0 16 198 
901 3 16 1981 2001 2041 2094 3407 3408 3409 3547 3549 
902 7 16 1426 1427 1428 1429 1437 1438 1445 1446 1521 1528 1616 1617 1618 1619 1626 1627 1628 1629 1630 1631 1803 1807 1809 1885 3426 3428 3431 3432 3434 3437 3531 3744 3750 3755 
903 22 16 1058 1059 1060 1065 1066 1067 1068 1069 1070 1071 1073 1086 1103 1219 1225 1238 1240 1242 1244 1246 2517 2527 2529 2531 2533 2545 2546 2547 2548 2549 2550 2551 2552 2553 2554 2555 2556 2557 2558 2559 2560 2561 2562 2563 2564 2572 2574 2577 2581 2591 2593 2605 2628 2635 3453 3455 3456 3457 3460 3464 3465 3469 3591 3594 3597 3598 3600 3602 3603 3604 3605 3606 3667 3668 3728 3734 3736 3738 
904 3 16 2826 2828 2830 2832 2834 2849 2851 2915 2916 2921 2925 2926 2927 2961 2967 2968 2970 2977 2981 
905 9 16 614 616 623 624 625 626 627 628 629 630 631 632 633 645 647 649 653 655 656 657 757 776 777 820 822 3087 3091 3094 3095 3097 3098 3100 3101 3103 3104 3108 3143 3315 3324 3327 3814 
906 2 16 
907 11 16 
908 6 16 226 227 229 230 232 233 269 373 2285 2288 2290 2292 2313 2314 2315 2316 2330 2331 2406 2408 2415 2417 2462 3118 3119 3261 3298 3299 
909 2 16 3637 3643 3699 3702 
910 1 16 3156 3159 3160 3383 3388 
911 5 14 3789 3790 
912 4 14 2837 2838 2853 2854 2856 2857 2951 2952 2956 2959 2964 3781 3782 3806 
913 19 14 700 701 702 703 704 705 860 881 882 883 884 885 887 888 974 981 1060 1065 1066 1067 1068 1069 1070 1071 1072 1073 1074 1075 1086 1103 3476 3478 3481 3482 3485 3486 3488 3491 3494 3532 3715 3716 3722 3725 3799 3800 3811 
914 17 14 3789 3790 
915 1 14 2155 2156 2157 2160 2173 2176 2274 2277 
916 9 14 2156 2157 2160 2162 2164 2166 2168 2170 2171 2172 2173 2176 2177 2179 2181 2183 2185 2187 2189 2191 2193 2195 2200 2201 2203 2210 2211 2214 2216 2218 2225 2230 2232 2240 2250 2256 2258 2262 2267 2273 2274 2277 2334 2356 2421 3659 3660 
917 7 14 2126 2127 2128 2129 2130 2131 2132 2133 2134 2135 2136 2137 2138 2140 2141 2142 2143 2144 2145 2146 2147 2148 2150 2151 2152 2153 2154 2205 2211 2214 2220 2237 2252 2260 2264 2268 2271 2279 
918 0 14 2951 
919 13 14 223 2650 2652 2656 2658 2691 2693 2695 2697 2699 2702 2711 2713 2717 2719 2721 2723 2725 2726 2727 2729 2731 2736 2737 2740 2743 2744 2748 2750 2752 2754 2759 2763 2764 2766 2770 2776 2777 2778 2780 2782 2786 2787 2789 2793 2795 2796 2803 2804 2812 2814 2841 2843 2864 2866 2867 2886 2948 2950 3148 3149 3297 
920 10 14 1983 1987 2000 2001 2002 2003 2004 2005 2006 2007 2008 2009 2014 2015 2016 2017 2018 2019 2020 2021 2022 2026 2027 2029 2032 2041 2042 2046 2047 2048 2052 2053 2058 2077 2080 2086 2092 2095 2874 2875 2877 2897 2899 2900 2901 2902 2904 2911 2913 2917 2918 2923 2928 2957 2960 2962 2965 2966 2973 3406 3407 
921 2 14 54 853 854 930 931 933 935 937 939 982 3617 3618 
922 29 14 1238 1239 1240 1241 1242 1426 1427 1428 1429 1437 1528 3437 3458 3459 3585 3586 3591 3592 3593 3597 3598 3666 3736 3742 3745 3797 3798 3809 
923 8 14 2157 2160 2162 2164 2166 2168 2170 2171 2172 2173 2174 2175 2176 2177 2178 2179 2180 2181 2182 2183 2184 2185 2186 2187 2188 2189 2190 2191 2192 2193 2194 2195 2196 2197 2198 2200 2201 2203 2210 2216 2218 2225 2230 2232 2239 2240 2250 2256 2258 2262 2267 2274 3659 3660 3662 
924 11 14 1790 1792 1793 1855 1907 1996 1999 2000 2001 2041 2059 2094 2095 2102 3396 3397 3403 3406 3407 3409 3410 3413 3417 3547 3548 3553 3554 3557 3559 3560 3664 3765 3768 3769 3772 3777 3778 
925 7 14 2062 2842 2843 2949 2987 2989 2991 2993 2996 2999 3000 3001 3003 3153 3154 3292 3293 
926 23 14 
927 6 14 2690 2691 2693 2695 2729 2737 2740 2743 2744 2747 2748 2750 2752 2754 2766 2782 2784 2786 2787 2789 2793 2795 2796 2800 2803 2804 2806 2809 2811 2949 
928 5 14 
929 10 14 1999 2889 2890 2891 2892 2893 2894 2895 2896 2898 2984 3394 3396 3402 3403 3404 3405 3409 3539 3543 3544 3547 3551 3553 3554 3664 3765 3774 3777 
930 8 14 
931 5 14 2351 2354 2379 2381 2426 2428 3803 3804 
932 4 14 
933 1 14 28 264 3262 3303 
934 13 14 
935 12 14 
936 1 14 2326 2350 2355 2395 2425 2426 2429 2432 2433 
937 6 14 2103 2104 2105 2106 2108 2109 2110 2112 2114 2116 2118 2120 2122 2123 2124 2126 2127 2128 2129 2130 2131 2132 2133 2134 2135 2136 2137 2138 2215 2222 2224 2236 2254 2261 2269 2272 3271 
938 6 14 307 311 2337 2340 2360 2361 2362 2363 2364 2365 2366 2367 2368 2369 2403 2405 2410 2412 2420 2449 2452 2457 3510 3511 3517 3525 3651 3689 3691 3692 
939 13 14 3458 3459 3797 3798 
940 1 14 36 641 736 741 743 793 794 
941 2 14 2350 2351 2352 2354 2379 2381 2382 2393 2425 2426 2427 2428 2432 2433 3804 
942 10 14 942 943 944 945 955 956 
943 0 15 3588 
944 4 15 293 314 315 316 317 318 319 320 321 322 323 324 328 355 356 361 363 410 413 479 480 499 502 596 3498 3499 3501 3502 3505 3710 
945 1 15 
946 4 15 226 227 228 232 233 235 373 425 553 3118 3119 3125 3253 3261 3262 3298 3299 3312 
947 2 15 83 930 3228 3231 3235 3236 3329 
948 9 15 
949 13 15 
950 7 15 3789 3790 
951 3 15 
952 0 15 3259 3260 
953 5 15 232 234 236 237 266 268 352 2287 2288 2289 2290 2291 2292 2293 2313 2316 2330 2331 2406 2408 2415 2417 2462 3115 3116 3118 3119 3123 3124 3252 3256 3258 3306 3310 
954 4 15 92 1037 1039 1114 1115 2519 3606 3607 3610 3611 3612 3613 3618 3677 3724 3731 
955 5 15 230 232 265 269 372 420 3123 3124 3125 3126 3127 3128 3129 3133 3257 3258 3259 3261 3262 3266 3267 3299 3303 3305 
956 7 15 
957 4 15 1926 1928 1930 1960 1962 1964 1965 1966 2826 2827 2828 2829 2830 2831 2832 2834 2835 2850 2852 2859 2860 2863 2920 2922 
958 0 15 2314 2316 2415 
959 5 15 317 322 474 481 487 501 525 538 539 540 543 549 550 572 583 585 587 588 589 595 596 603 
960 24 15 3787 3788 
961 1 15 0 3 286 334 369 370 371 420 
962 18 15 507 529 691 693 701 702 703 704 705 879 880 881 882 883 884 885 887 888 974 981 1044 1050 1058 1059 1060 1065 1066 1067 1068 1069 1070 1071 1103 3476 3478 3481 3482 3485 3486 3488 3491 3494 3532 3609 3614 3615 3616 3619 3668 3713 3715 3716 3722 3725 
963 3 15 
964 7 15 501 589 3486 3532 3801 3802 3813 
965 33 15 1170 1172 1174 1176 1178 1195 1200 1202 1279 1280 1288 1303 1304 1320 1341 1342 1349 1351 1353 1355 1357 1359 1375 1378 1379 1380 1382 1384 1386 1388 1482 1510 1537 1539 1549 1551 1553 1568 1570 1572 1581 1582 1650 3031 3035 3037 3038 3040 3041 3043 3044 3048 3051 3052 3142 3180 3183 3185 3187 3188 3189 3191 3193 3197 3199 3203 3285 3351 3354 3356 3358 3360 3361 3364 3366 3371 
966 13 15 1773 1779 1780 1801 1802 1823 1835 1849 1884 1895 1896 1982 1985 1986 1991 1992 1993 2000 2001 2003 2004 2005 2006 2007 2008 2009 2014 2015 2016 2017 2018 2019 2020 2028 2033 2038 2039 2040 2041 2049 2057 2076 2077 2082 2083 2085 2087 2093 2095 2871 2874 2875 2877 2897 2899 2900 2901 2902 2904 2911 2913 2917 2918 2923 2928 2962 2965 2966 2973 3414 3415 3418 3760 
967 6 15 2061 2729 2750 2761 2766 2782 2864 2866 2948 2987 2992 2993 3391 3399 3683 3684 3780 
968 5 15 223 2812 2814 2841 2843 2949 2996 2999 3000 3001 3003 3144 3292 3293 
969 0 15 3329 
970 9 15 3783 3784 
971 8 15 4 2156 2157 2160 2162 2164 2166 2168 2173 2174 2175 2176 2177 2178 2179 2180 2181 2182 2183 2184 2185 2186 2187 2188 2189 2190 2191 2192 2193 2194 2195 2196 2197 2200 2201 2203 2210 2216 2218 2225 2240 2250 2256 2258 2262 2267 2274 2277 3661 3662 
972 2 15 2156 2157 2173 2174 2175 2176 2177 2178 2179 2180 2181 2182 2210 2277 
973 8 15 1346 1375 1378 1379 1482 1483 1491 3181 3186 
974 6 15 
975 11 15 
976 4 15 2294 2296 2298 2302 2318 2320 2326 2328 2329 2332 2395 2397 2439 2440 2441 2443 
977 1 15 2285 2286 2287 2288 2289 2290 2313 2406 2408 2462 
978 7 15 2667 2668 2694 2696 2698 2700 2747 2783 2842 2947 2950 
979 0 15 2176 
980 3 15 
981 2 15 3791 3792 3816 
982 5 15 2640 2641 2643 2644 2645 2646 2647 2648 2649 2653 2733 2744 2746 2753 2755 2768 2784 2785 2789 2791 2799 2800 2805 2806 2811 
983 14 15 312 315 316 319 320 417 480 488 489 491 499 502 514 515 523 535 544 555 578 581 586 596 598 599 601 604 662 689 3498 3499 3501 3502 3505 3507 3509 3628 3629 3631 3634 3635 3636 3637 3640 3641 3643 3645 3670 3671 3699 3702 3706 3707 3708 3709 3710 
984 4 15 2303 2304 2306 2321 2323 2324 2325 2395 2398 2425 2429 2433 2437 2438 3791 3792 3816 
985 2 15 
986 2 15 56 662 733 734 3631 3632 3634 3635 3637 3638 3670 3708 
987 8 17 2694 2696 2698 2700 2701 2703 2704 2707 2708 2710 2712 2714 2715 2716 2718 2720 2722 2728 2730 2735 2741 2747 2756 2760 2762 2767 2772 2788 3540 3541 3687 
988 3 17 2999 3000 3001 3003 3292 3293 
989 7 17 3781 3782 
990 0 17 
991 10 17 
992 10 17 244 246 247 248 249 250 251 252 253 276 278 279 280 281 387 408 428 430 431 432 433 434 435 436 437 438 439 456 458 460 461 462 526 528 536 541 545 546 547 548 564 569 576 577 590 591 592 594 3100 3101 3103 3106 3108 3111 3112 3315 3321 3790 3814 
993 0 17 3650 
994 3 17 
995 5 17 3791 3792 
996 1 17 2155 2158 2173 2174 2175 2176 2178 2180 
997 9 17 1037 1038 1040 1045 1050 1058 1065 1067 1069 1070 1071 1098 1099 1105 1106 1107 1115 1118 1124 1149 1157 1158 1160 3610 3612 3613 3677 3724 
998 1 17 0 13 3266 3268 3303 
999 2 17 2999 3000 3001 3003 3292 3293 
1000 6 17 290 297 300 301 317 322 323 324 325 326 327 328 331 333 336 341 343 382 383 389 394 395 499 501 502 503 505 506 508 509 589 596 3498 3499 3505 3710 
1001 6 17 30 48 68 464 465 555 556 605 609 641 735 736 3111 3241 3242 3244 3245 3247 3318 
1002 12 17 1751 1753 1755 1763 1764 1769 1770 1772 1827 1834 1838 1844 1858 1861 1863 1868 1870 1880 1881 1886 1888 1898 1901 1919 1921 1922 1923 1924 1925 1926 1927 1928 1929 1930 1931 1933 1935 1937 1956 1958 1960 1962 2030 2036 2037 2044 2051 2054 2064 2068 2071 2077 2079 2080 2081 2084 2100 2952 2960 2968 2969 2974 3022 3023 
1003 0 17 2753 2811 
1004 0 17 2826 2849 2915 2916 
1005 10 17 3793 3794 
1006 2 17 3217 3220 3222 3228 3236 3287 3334 
1007 13 17 881 882 883 884 885 887 888 974 981 3485 3725 3799 3800 3811 
1008 4 17 2343 2345 2347 2349 2353 2355 2371 2373 2375 2377 2378 2380 2389 2399 2445 3815 
1009 0 17 2849 
1010 9 17 3801 3802 3813 
1011 12 17 1729 1731 1733 1735 1737 1751 1753 1755 1757 1758 1761 1763 1764 1765 1766 1767 1768 1769 1770 1771 1772 1882 1892 1926 1928 1930 1932 1934 1960 1962 1964 1965 1966 1970 1971 1972 1973 2031 2034 2068 2069 3022 3023 3024 3027 3028 3031 3032 3369 3374 3808 
1012 7 17 1916 1918 1920 1922 1924 1948 1949 1950 1952 1953 1954 1956 1957 1961 1963 2050 2055 2101 2816 2817 2818 2819 2820 2821 2822 2823 2824 2825 2844 2847 2939 2941 2944 2967 2969 2970 2997 3015 3016 3022 3023 3376 3381 
1013 6 17 2873 2876 2879 2880 2881 2882 2883 2884 2897 2899 2900 2901 2902 2904 2905 2906 2907 2910 2912 2917 2919 2924 2953 2954 2958 2959 2965 2973 3793 3794 3805 
1014 4 17 185 188 1724 1748 1853 1909 3161 3162 3165 3166 3167 3168 3172 3173 3283 3377 3380 
1015 12 17 293 294 295 296 312 313 314 315 316 317 318 319 320 321 322 323 324 325 326 327 328 340 348 349 351 355 361 363 390 396 410 413 417 501 502 503 504 505 589 2326 2327 2342 2344 2346 2348 2350 2370 2371 2372 2373 2374 2375 2376 2377 2380 2386 2387 2388 2390 2393 2395 2398 2431 2432 2433 2436 2439 2440 2441 2442 3498 3499 3506 
1016 1 17 3165 3168 3173 3283 3377 3380 
1017 1 17 2690 2705 2706 2709 2711 2740 2803 2804 2809 
1018 19 17 
1019 5 17 1930 1931 2858 
1020 11 17 226 227 229 230 232 233 237 266 2285 2286 2287 2288 2289 2290 2291 2293 2313 2314 2330 2406 2408 2415 2417 2453 2455 2461 2462 3115 3116 3118 3120 3123 3126 3127 3128 3130 3132 3258 3259 3261 3262 3263 3266 3267 3298 3299 3300 3303 3305 3306 3310 
1021 13 17 3787 3788 
1022 3 17 1948 1950 1952 1954 1955 1956 1957 1961 2055 2101 2827 2829 2980 
1023 9 17 235 241 243 245 352 356 357 359 362 398 400 402 403 406 410 411 415 416 422 543 544 2443 2444 2448 3249 3254 3308 3313 
1024 11 17 
