1 3346 1 14.85 3346 0 0.0675878 25 380 0 0 405 0 
2 3685 1 14.7015 3685 0.002 0.0744354 54 760 0 0 814 1 
3 4834 1 14.5545 4834 0.0183859 0.0976447 72 1140 1788 0 3000 3 
4 5557 1 14.4089 5557 0.0323859 0.112249 82 1520 3883 0 5485 6 
5 6741 1 14.2649 6741 0.0591288 0.136165 96 1900 7333 0 9329 10 
6 7044 1 14.1222 7044 0.0681288 0.142286 111 2280 11513 0 13904 15 
7 7086 1 13.981 7086 0.0701288 0.143134 127 2660 15845 1 18633 21 
8 7723 1 13.8412 7723 0.0790857 0.156001 141 3040 22419 2 25602 28 
9 7764 1 13.7028 7764 0.0800857 0.156829 160 3420 25684 3 29267 35 
10 7956 1 13.5657 7956 0.128142 0.160708 169 3800 28194 5 32168 43 
11 8314 1 13.4301 8314 0.137149 0.167939 179 4180 31700 8 36067 51 
12 8392 1 13.2958 8392 0.144073 0.169515 186 4560 34834 11 39591 59 
13 8394 1 13.1628 8394 0.144343 0.169555 192 4940 40191 14 45337 67 
14 8430 1 13.0312 8430 0.146314 0.170282 202 5320 42901 17 48440 76 
15 9038 1 12.9009 9038 0.149317 0.182564 218 5700 50280 22 56220 85 
16 9038 1 12.7719 9038 0.149317 0.182564 223 6080 54456 28 60787 94 
17 9295 1 12.6441 9295 0.151314 0.187755 251 6460 60629 34 67374 103 
18 9362 1 12.5177 9362 0.152314 0.189108 269 6840 63195 41 70345 112 
19 9379 1 12.3925 9379 0.153885 0.189452 275 7220 65645 46 73186 122 
20 9674 1 12.2686 9674 0.155885 0.195411 291 7600 68524 52 76467 132 
21 9709 1 12.1459 9709 0.134152 0.196118 300 7980 74000 62 82342 142 
22 9733 1 12.0245 9733 0.136152 0.196602 316 8360 76223 72 84971 152 
23 9792 1 11.9042 9792 0.138152 0.197794 334 8740 77749 84 86907 162 
24 9806 1 11.7852 9806 0.142434 0.198077 341 9120 81656 99 91216 172 
25 9812 1 11.6673 9812 0.146403 0.198198 346 9500 85376 111 95333 182 
26 9865 1 11.5506 9865 0.148403 0.199269 364 9880 86731 122 97097 192 
27 9874 1 11.4351 9874 0.149179 0.199451 380 10260 88144 139 98923 203 
28 9874 1 11.3208 9874 0.149179 0.199451 397 10640 89233 149 100419 214 
29 10106 1 11.2076 10106 0.157136 0.204137 408 11020 93485 167 105080 225 
30 10293 1 11.0955 10293 0.157858 0.207914 420 11400 98497 190 110507 236 
31 10386 1 10.9845 10386 0.210223 0.209793 427 11780 100405 227 112839 247 
32 10407 1 10.8747 10407 0.208266 0.210217 443 12160 101387 261 114251 258 
33 10435 1 10.766 10435 0.194447 0.210783 448 12540 107670 292 120950 269 
34 11307 1 10.6583 11307 0.210027 0.228397 465 12920 109214 317 122916 280 
35 11348 1 10.5517 11348 0.211027 0.229225 470 13506 110971 352 125299 291 
36 11350 1 10.4462 11350 0.202998 0.229265 477 14092 116983 387 131939 302 
37 11563 1 10.3417 11563 0.20554 0.233568 491 14678 119890 437 135496 314 
38 11622 1 10.2383 11622 0.282093 0.234759 500 15264 125789 504 142057 326 
39 11625 1 10.1359 11625 0.285993 0.23482 504 15850 129849 575 146778 338 
40 11693 1 10.0346 11693 0.306622 0.236194 515 16436 131326 656 148933 350 
41 11722 1 9.93423 11722 0.339225 0.236779 523 17022 132952 731 151228 362 
42 12099 1 9.83489 12099 0.351879 0.244395 544 17608 134669 836 153657 374 
43 12200 1 9.73654 12200 0.42112 0.246435 553 18194 140888 1019 160654 386 
44 12863 1 9.63917 12863 0.42712 0.259827 565 18780 146226 1233 166804 398 
45 12909 1 9.54278 12909 0.427141 0.260756 574 19366 152691 1447 174078 410 
46 12977 1 9.44735 12977 0.339713 0.26213 585 19952 161290 1632 183459 422 
47 13058 1 9.35288 13058 0.314337 0.263766 607 20538 167642 1789 190576 434 
48 13075 1 9.25935 13075 0.337806 0.264109 616 21124 173709 1971 197420 446 
49 13110 1 9.16676 13110 0.377265 0.264816 628 21710 175308 2107 199753 458 
50 13189 1 9.07509 13189 0.382401 0.266412 639 22296 177381 2231 202547 470 
51 13513 1 8.98434 13513 0.383401 0.272957 655 22633 184619 2367 210274 483 
52 13553 1 8.8945 13553 0.381866 0.273765 670 22970 189855 2513 216008 496 
53 13686 1 8.80555 13686 0.392777 0.276451 686 23307 192549 2654 219196 509 
54 13728 1 8.7175 13728 0.393777 0.2773 702 23644 200624 2802 227772 522 
55 13795 1 8.63032 13795 0.491427 0.278653 714 23981 206510 3014 234219 535 
56 13802 1 8.54402 13802 0.330369 0.278794 731 24318 207540 3252 235841 548 
57 13866 1 8.45858 13866 0.26421 0.280087 743 24655 212519 3508 241425 561 
58 13897 1 8.37399 13897 0.539624 0.280713 755 24992 214791 3693 244231 574 
59 13949 1 8.29025 13949 0.557448 0.281764 762 25329 216875 3888 246854 587 
60 14028 1 8.20735 14028 0.564448 0.28336 780 25666 217981 4109 248536 600 
61 14033 1 8.12527 14033 0.584697 0.283461 789 26003 223964 4345 255101 613 
62 14067 1 8.04402 14067 0.573095 0.284147 805 26340 228030 4554 259729 626 
63 14071 1 7.96358 14071 0.571309 0.284228 817 26677 231840 4767 264101 639 
64 14084 1 7.88395 14084 0.571517 0.284491 837 27014 233100 4974 265925 652 
65 14747 1 7.80511 14747 0.497193 0.297883 870 27351 244142 5141 277504 665 
66 14764 1 7.72706 14764 0.498229 0.298226 888 27688 245146 5345 279067 678 
67 14780 1 7.64979 14780 0.499229 0.29855 910 28025 246878 5543 281356 691 
68 14807 1 7.57329 14807 0.509639 0.299095 918 28362 249311 5740 284331 704 
69 14919 1 7.49755 14919 0.520639 0.301357 932 28699 251382 5976 286989 717 
70 14988 1 7.42258 14988 0.522031 0.302751 950 29036 254223 6214 290423 730 
71 15002 1 7.34835 15002 0.524028 0.303034 968 29373 257222 6430 293993 744 
72 15028 1 7.27487 15028 0.526026 0.303559 988 29710 259841 6640 297179 758 
73 15818 1 7.20212 15818 0.522035 0.319517 1007 30047 269276 6903 307233 772 
74 15822 1 7.1301 15822 0.524999 0.319598 1019 30384 272498 7150 311051 786 
75 15836 1 7.0588 15836 0.526035 0.31988 1035 30721 275671 7422 314849 800 
76 15843 1 6.98821 15843 0.527035 0.320022 1048 31251 278536 7664 318499 814 
77 15939 1 6.91833 15939 0.551318 0.321961 1056 31781 281955 8160 322952 828 
78 15959 1 6.84915 15959 0.557318 0.322365 1074 32311 284130 8674 326189 842 
79 15967 1 6.78065 15967 0.4379 0.322527 1092 32841 286312 9272 329517 856 
80 16008 1 6.71285 16008 0.539404 0.323355 1103 33371 291098 9951 335523 870 
81 16087 1 6.64572 16087 0.571375 0.324951 1133 33901 312307 10563 357904 884 
82 16095 1 6.57926 16095 0.607879 0.325112 1148 34431 314003 11095 360677 898 
83 16130 1 6.51347 16130 0.576312 0.325819 1157 34961 319046 11696 366860 912 
84 16244 1 6.44833 16244 0.577516 0.328122 1165 35491 323814 12259 372729 926 
85 16291 1 6.38385 16291 0.647047 0.329071 1189 36021 338427 12970 388607 940 
86 16343 1 6.32001 16343 0.682419 0.330122 1199 36551 341502 13632 392884 954 
87 16344 1 6.25681 16344 0.668646 0.330142 1218 37081 342855 14554 395708 968 
88 16478 1 6.19424 16478 0.597499 0.332849 1236 37611 356460 15027 410334 982 
89 16486 1 6.1323 16486 0.576136 0.33301 1248 38141 360327 15508 415224 996 
90 16491 1 6.07098 16491 0.640584 0.333111 1259 38671 370172 16071 426173 1010 
91 16496 1 6.01027 16496 0.642671 0.333212 1277 39201 372208 16629 429315 1024 
92 16498 1 5.95017 16498 0.624855 0.333253 1292 39731 373611 17116 431750 1038 
93 16519 1 5.89066 16519 0.633362 0.333677 1306 40261 375518 17641 434726 1052 
94 16525 1 5.83176 16525 0.552002 0.333798 1311 40791 379851 18123 440076 1066 
95 16557 1 5.77344 16557 0.535618 0.334444 1323 41321 381047 18640 442331 1080 
96 16672 1 5.71571 16672 0.623132 0.336767 1353 41851 427482 20238 490924 1094 
97 16681 1 5.65855 16681 0.555915 0.336949 1361 42381 433018 21818 498578 1108 
98 16689 1 5.60196 16689 0.557466 0.337111 1380 42911 435027 23066 502384 1123 
99 16698 1 5.54594 16698 0.545652 0.337292 1394 43441 437339 24676 506850 1138 
100 16782 1 5.49048 16782 0.558611 0.338989 1402 43971 441505 26289 513167 1153 
101 16784 1 5.43558 16784 0.565949 0.33903 1415 44501 443218 27765 516899 1168 
102 16798 1 5.38122 16798 0.556353 0.339312 1418 45384 447296 29358 523456 1183 
103 16888 1 5.32741 16888 0.713069 0.34113 1453 46267 462713 31182 541615 1198 
104 17073 1 5.27414 17073 0.602899 0.344867 1461 47150 468373 33215 550199 1213 
105 17073 1 5.2214 17073 0.602899 0.344867 1480 48033 469508 35327 554348 1228 
106 17088 1 5.16918 17088 0.592281 0.34517 1485 48916 472849 37500 560750 1243 
107 17089 1 5.11749 17089 0.598843 0.34519 1494 49799 481232 39747 572272 1258 
108 17102 1 5.06631 17102 0.671913 0.345453 1523 50682 497196 41597 590998 1273 
109 17152 1 5.01565 17152 0.606806 0.346463 1538 51565 498943 43602 595648 1288 
110 17216 1 4.9655 17216 0.67595 0.347756 1548 52448 505050 45545 604591 1303 
111 17225 1 4.91584 17225 0.603667 0.347938 1556 53331 514385 50782 620054 1318 
112 17227 1 4.86668 17227 0.593305 0.347978 1586 54214 566680 54845 677325 1333 
113 17229 1 4.81801 17229 0.601142 0.348018 1601 55097 568049 59657 684404 1348 
114 17230 1 4.76983 17230 0.606695 0.348039 1606 55980 571058 65134 693778 1363 
115 17231 1 4.72214 17231 0.623441 0.348059 1610 56863 572794 69183 700450 1378 
116 17231 1 4.67491 17231 0.606574 0.348059 1623 57396 574094 73671 706784 1393 
117 17232 1 4.62817 17232 0.638609 0.348079 1637 57929 575723 79264 714553 1408 
118 17240 1 4.58188 17240 0.623732 0.348241 1654 58462 576964 85227 722307 1423 
119 17244 1 4.53607 17244 0.607255 0.348321 1663 58995 580403 91939 733000 1438 
120 17247 1 4.4907 17247 0.578605 0.348382 1675 59528 585614 102320 749137 1453 
121 17259 1 4.4458 17259 0.630077 0.348624 1689 60061 589242 119914 770906 1468 
122 17269 1 4.40134 17269 0.653584 0.348826 1700 60594 594256 137318 793868 1483 
123 17339 1 4.35733 17339 0.720922 0.35024 1713 61127 596045 156705 815590 1498 
124 17339 1 4.31375 17339 0.611172 0.35024 1719 61660 600965 165801 830145 1513 
125 17341 1 4.27062 17341 0.64691 0.350281 1726 62193 606014 176257 846190 1528 
126 17341 1 4.22791 17341 0.64691 0.350281 1732 62726 610070 210622 885150 1543 
127 17350 1 4.18563 17350 0.676361 0.350463 1743 63259 611297 249390 925689 1558 
128 17375 1 4.14377 17375 0.611936 0.350968 1760 63792 619321 263095 947968 1573 
129 17398 1 4.10234 17398 0.638182 0.351432 1779 64325 620318 280269 966691 1588 
130 17928 1 4.06131 17928 0.601197 0.362138 1821 64858 638130 300203 1005012 1603 
131 18009 1 4.0207 18009 0.652412 0.363774 1843 65391 640226 324406 1031866 1618 
132 18111 1 3.98049 18111 0.638384 0.365834 1851 65924 649563 363826 1081164 1633 
133 18117 1 3.94069 18117 0.704741 0.365956 1857 66457 653466 426337 1148117 1648 
134 18183 1 3.90128 18183 0.705469 0.367289 1868 66990 655227 484259 1208344 1663 
135 18217 1 3.86227 18217 0.663649 0.367976 1879 67826 663128 554752 1287585 1679 
136 18332 1 3.82365 18332 0.673727 0.370299 1891 68662 664725 636922 1372200 1695 
137 18332 1 3.78541 18332 0.673727 0.370299 1897 69498 669210 757412 1498017 1711 
138 18338 1 3.74755 18338 0.668752 0.37042 1910 70334 674040 859083 1605367 1727 
139 18344 1 3.71008 18344 0.671621 0.370541 1923 71170 675225 1045331 1793649 1743 
140 18351 1 3.67298 18351 0.6798 0.370682 1932 72006 681916 1279216 2035070 1759 
141 18352 1 3.63625 18352 0.60809 0.370703 1942 72842 687133 1414892 2176809 1775 
142 18360 1 3.59989 18360 0.692599 0.370864 1966 73678 736029 1742745 2554418 1791 
143 18387 1 3.56389 18387 0.662285 0.37141 1975 74514 747245 2429270 3253004 1807 
144 18388 1 3.52825 18388 0.659286 0.37143 1982 75350 752395 2985316 3815043 1823 
145 18389 1 3.49297 18389 0.68544 0.37145 1995 76186 753524 3618168 4449873 1839 
146 18389 1 3.45804 18389 0.643525 0.37145 2012 77289 761099 4218505 5058905 1855 
147 18389 1 3.42346 18389 0.643525 0.37145 2020 78392 766005 5090566 5936983 1871 
148 18398 1 3.38922 18398 0.650946 0.371632 2032 79495 772379 6459317 7313223 1887 
149 18413 1 3.35533 18413 0.650802 0.371935 2048 80598 773257 7646968 8502871 1903 
