1 3346 1 9.9 3346 0 0.0675878 25 380 0 0 405 0 
2 3685 1 9.801 3685 0.002 0.0744354 54 760 0 0 814 1 
3 4834 1 9.70299 4834 0.0183859 0.0976447 72 1140 1788 0 3000 3 
4 5557 1 9.60596 5557 0.0323859 0.112249 82 1520 3883 0 5485 6 
5 6741 1 9.5099 6741 0.0591288 0.136165 96 1900 7333 0 9329 10 
6 7044 1 9.4148 7044 0.0681288 0.142286 111 2280 11513 0 13904 15 
7 7086 1 9.32065 7086 0.0701288 0.143134 127 2660 15845 0 18632 21 
8 7723 1 9.22745 7723 0.0790857 0.156001 141 3040 22419 0 25600 28 
9 7764 1 9.13517 7764 0.0800857 0.156829 160 3420 25684 1 29265 35 
10 7956 1 9.04382 7956 0.128142 0.160708 169 3800 28194 2 32165 43 
11 8314 1 8.95338 8314 0.137149 0.167939 179 4180 31700 3 36062 51 
12 8392 1 8.86385 8392 0.144073 0.169515 186 4560 34834 5 39585 59 
13 8394 1 8.77521 8394 0.144343 0.169555 192 4940 40191 7 45330 67 
14 8430 1 8.68746 8430 0.146314 0.170282 202 5320 42901 9 48432 76 
15 9038 1 8.60058 9038 0.149317 0.182564 218 5700 50280 12 56210 85 
16 9038 1 8.51458 9038 0.149317 0.182564 223 6080 54456 15 60774 94 
17 9295 1 8.42943 9295 0.151314 0.187755 251 6460 60629 20 67360 103 
18 9362 1 8.34514 9362 0.152314 0.189108 269 6840 63195 24 70328 112 
19 9379 1 8.26169 9379 0.153885 0.189452 275 7220 65645 28 73168 122 
20 9674 1 8.17907 9674 0.155885 0.195411 291 7600 68524 33 76448 132 
21 9709 1 8.09728 9709 0.134152 0.196118 300 7980 74000 40 82320 142 
22 9733 1 8.0163 9733 0.136152 0.196602 316 8360 76223 48 84947 152 
23 9792 1 7.93614 9792 0.138152 0.197794 334 8740 77749 56 86879 162 
24 9806 1 7.85678 9806 0.142434 0.198077 341 9120 81656 66 91183 172 
25 9812 1 7.77821 9812 0.146403 0.198198 346 9500 85376 76 95298 182 
26 9865 1 7.70043 9865 0.148403 0.199269 364 9880 86731 85 97060 192 
27 9874 1 7.62343 9874 0.149179 0.199451 380 10260 88144 95 98879 203 
28 9874 1 7.54719 9874 0.149179 0.199451 397 10640 89233 105 100375 214 
29 10106 1 7.47172 10106 0.157136 0.204137 408 11020 93485 116 105029 225 
30 10293 1 7.397 10293 0.157858 0.207914 420 11400 98497 129 110446 236 
31 10386 1 7.32303 10386 0.210223 0.209793 427 11780 100405 156 112768 247 
32 10407 1 7.2498 10407 0.208266 0.210217 443 12160 101387 180 114170 258 
33 10435 1 7.1773 10435 0.194447 0.210783 448 12540 107670 202 120860 269 
34 11307 1 7.10553 11307 0.210027 0.228397 465 12920 109214 238 122837 280 
35 11348 1 7.03448 11348 0.211027 0.229225 470 13506 110971 277 125224 291 
36 11350 1 6.96413 11350 0.202998 0.229265 477 14092 116983 314 131866 302 
37 11563 1 6.89449 11563 0.20554 0.233568 491 14678 119890 364 135423 314 
38 11622 1 6.82555 11622 0.282093 0.234759 500 15264 125789 424 141977 326 
39 11625 1 6.75729 11625 0.285993 0.23482 504 15850 129849 489 146692 338 
40 11693 1 6.68972 11693 0.306622 0.236194 515 16436 131326 547 148824 350 
41 11722 1 6.62282 11722 0.339225 0.236779 523 17022 132952 614 151111 362 
42 12099 1 6.55659 12099 0.351879 0.244395 544 17608 134669 697 153518 374 
43 12200 1 6.49102 12200 0.42112 0.246435 553 18194 140888 861 160496 386 
44 12863 1 6.42611 12863 0.42712 0.259827 565 18780 146226 1028 166599 398 
45 12909 1 6.36185 12909 0.427141 0.260756 574 19366 152691 1196 173827 410 
46 12977 1 6.29823 12977 0.339713 0.26213 585 19952 161290 1362 183189 422 
47 13058 1 6.23525 13058 0.314337 0.263766 607 20538 167642 1526 190313 434 
48 13075 1 6.1729 13075 0.337806 0.264109 616 21124 173709 1691 197140 446 
49 13110 1 6.11117 13110 0.377265 0.264816 628 21710 175308 1831 199477 458 
50 13189 1 6.05006 13189 0.382401 0.266412 639 22296 177381 1970 202286 470 
51 13513 1 5.98956 13513 0.383401 0.272957 655 22633 184619 2110 210017 483 
52 13553 1 5.92966 13553 0.381866 0.273765 670 22970 189855 2238 215733 496 
53 13686 1 5.87037 13686 0.392777 0.276451 686 23307 192549 2384 218926 509 
54 13728 1 5.81166 13728 0.393777 0.2773 702 23644 200624 2530 227500 522 
55 13795 1 5.75355 13795 0.491427 0.278653 714 23981 206510 2732 233937 535 
56 13802 1 5.69601 13802 0.330369 0.278794 731 24318 207540 2983 235572 548 
57 13866 1 5.63905 13866 0.26421 0.280087 743 24655 212519 3240 241157 561 
58 13897 1 5.58266 13897 0.539624 0.280713 755 24992 214791 3431 243969 574 
59 13949 1 5.52683 13949 0.557448 0.281764 762 25329 216875 3616 246582 587 
60 14028 1 5.47157 14028 0.564448 0.28336 780 25666 217981 3808 248235 600 
61 14033 1 5.41685 14033 0.584697 0.283461 789 26003 223964 4005 254761 613 
62 14067 1 5.36268 14067 0.573095 0.284147 805 26340 228030 4178 259353 626 
63 14071 1 5.30905 14071 0.571309 0.284228 817 26677 231840 4385 263719 639 
64 14084 1 5.25596 14084 0.571517 0.284491 837 27014 233100 4587 265538 652 
65 14747 1 5.2034 14747 0.497193 0.297883 870 27351 244142 4754 277117 665 
66 14764 1 5.15137 14764 0.498229 0.298226 888 27688 245146 4926 278648 678 
67 14780 1 5.09986 14780 0.499229 0.29855 910 28025 246878 5102 280915 691 
68 14807 1 5.04886 14807 0.509639 0.299095 918 28362 249311 5294 283885 704 
69 14919 1 4.99837 14919 0.520639 0.301357 932 28699 251382 5521 286534 717 
70 14988 1 4.94839 14988 0.522031 0.302751 950 29036 254223 5755 289964 730 
71 15002 1 4.8989 15002 0.524028 0.303034 968 29373 257222 5956 293519 744 
72 15028 1 4.84991 15028 0.526026 0.303559 988 29710 259841 6159 296698 758 
73 15818 1 4.80141 15818 0.522035 0.319517 1007 30047 269276 6374 306704 772 
74 15822 1 4.7534 15822 0.524999 0.319598 1019 30384 272498 6599 310500 786 
75 15836 1 4.70587 15836 0.526035 0.31988 1035 30721 275671 6823 314250 800 
76 15843 1 4.65881 15843 0.527035 0.320022 1048 31251 278536 7058 317893 814 
77 15939 1 4.61222 15939 0.551318 0.321961 1056 31781 281955 7578 322370 828 
78 15959 1 4.5661 15959 0.557318 0.322365 1074 32311 284130 8121 325636 842 
79 15967 1 4.52044 15967 0.4379 0.322527 1092 32841 286312 8620 328865 856 
80 16008 1 4.47523 16008 0.539404 0.323355 1103 33371 291098 9156 334728 870 
81 16087 1 4.43048 16087 0.571375 0.324951 1133 33901 312307 9669 357010 884 
82 16095 1 4.38617 16095 0.607879 0.325112 1148 34431 314003 10174 359756 898 
83 16130 1 4.34231 16130 0.576312 0.325819 1157 34961 319046 10708 365872 912 
84 16244 1 4.29889 16244 0.577516 0.328122 1165 35491 323814 11262 371732 926 
85 16291 1 4.2559 16291 0.58034 0.329071 1189 36021 338427 12342 387979 940 
86 16343 1 4.21334 16343 0.460933 0.330122 1199 36551 341502 13419 392671 954 
87 16344 1 4.17121 16344 0.59432 0.330142 1218 37081 342855 14549 395703 968 
88 16478 1 4.1295 16478 0.592113 0.332849 1236 37611 356460 15190 410497 982 
89 16486 1 4.0882 16486 0.594001 0.33301 1248 38141 360327 15830 415546 996 
90 16491 1 4.04732 16491 0.614378 0.333111 1259 38671 370172 16229 426331 1010 
91 16496 1 4.00685 16496 0.516407 0.333212 1277 39201 372208 16627 429313 1024 
92 16498 1 3.96678 16498 0.520721 0.333253 1292 39731 373611 17046 431680 1038 
93 16519 1 3.92711 16519 0.539804 0.333677 1306 40261 375518 17469 434554 1052 
94 16525 1 3.88784 16525 0.612628 0.333798 1311 40791 379851 17907 439860 1066 
95 16557 1 3.84896 16557 0.611543 0.334444 1323 41321 381047 18359 442050 1080 
96 16672 1 3.81047 16672 0.588117 0.336767 1353 41851 427482 20356 491042 1094 
97 16681 1 3.77237 16681 0.52589 0.336949 1361 42381 433018 22058 498818 1108 
98 16689 1 3.73464 16689 0.525899 0.337111 1380 42911 435027 23668 502986 1123 
99 16698 1 3.6973 16698 0.576447 0.337292 1394 43441 437339 25228 507402 1138 
100 16782 1 3.66032 16782 0.501667 0.338989 1402 43971 441505 27318 514196 1153 
101 16784 1 3.62372 16784 0.517976 0.33903 1415 44501 443218 30002 519136 1168 
102 16798 1 3.58748 16798 0.548907 0.339312 1418 45384 447296 32805 526903 1183 
103 16888 1 3.55161 16888 0.639488 0.34113 1453 46267 462713 43839 554272 1198 
104 17073 1 3.51609 17073 0.549627 0.344867 1461 47150 468373 47610 564594 1213 
105 17073 1 3.48093 17073 0.545024 0.344867 1480 48033 469508 51925 570946 1228 
106 17088 1 3.44612 17088 0.536837 0.34517 1485 48916 472849 56422 579672 1243 
107 17089 1 3.41166 17089 0.500601 0.34519 1494 49799 481232 64241 596766 1258 
108 17102 1 3.37754 17102 0.539353 0.345453 1523 50682 497196 75438 624839 1273 
109 17152 1 3.34377 17152 0.528684 0.346463 1538 51565 498943 84765 636811 1288 
110 17216 1 3.31033 17216 0.544904 0.347756 1548 52448 505050 92737 651783 1303 
111 17225 1 3.27723 17225 0.558144 0.347938 1556 53331 514385 141631 710903 1318 
112 17227 1 3.24445 17227 0.560713 0.347978 1586 54214 566680 182284 804764 1333 
113 17229 1 3.21201 17229 0.561749 0.348018 1601 55097 568049 240017 864764 1348 
114 17230 1 3.17989 17230 0.582257 0.348039 1606 55980 571058 303897 932541 1363 
115 17231 1 3.14809 17231 0.540644 0.348059 1610 56863 572794 394672 1025939 1378 
116 17231 1 3.11661 17231 0.531865 0.348059 1623 57396 574094 612923 1246036 1393 
117 17232 1 3.08544 17232 0.521118 0.348079 1637 57929 575723 769829 1405118 1408 
118 17240 1 3.05459 17240 0.523665 0.348241 1654 58462 576964 1018793 1655873 1423 
119 17244 1 3.02404 17244 0.528363 0.348321 1663 58995 580403 1355956 1997017 1438 
120 17247 1 2.9938 17247 0.587394 0.348382 1675 59528 585614 1602957 2249774 1453 
121 17259 1 2.96387 17259 0.501945 0.348624 1689 60061 589242 1811108 2462100 1468 
122 17269 1 2.93423 17269 0.571974 0.348826 1700 60594 594256 2389697 3046247 1483 
123 17339 1 2.90488 17339 0.549815 0.35024 1713 61127 596045 3248392 3907277 1498 
124 17339 1 2.87584 17339 0.530333 0.35024 1719 61660 600965 3966745 4631089 1513 
125 17341 1 2.84708 17341 0.564668 0.350281 1726 62193 606014 4582848 5252781 1528 
126 17341 1 2.81861 17341 0.554839 0.350281 1732 62726 610070 5563032 6237560 1543 
127 17350 1 2.79042 17350 0.58522 0.350463 1743 63259 611297 6746495 7422794 1558 
128 17375 1 2.76252 17375 0.630497 0.350968 1760 63792 619321 7563602 8248475 1573 
129 17398 1 2.73489 17398 0.538062 0.351432 1779 64325 620318 8160269 8846691 1588 
130 17928 1 2.70754 17928 0.565175 0.362138 1821 64858 638130 9168464 9873273 1603 
