1 3346 1 5 3346 0 0.0675878 25 380 0 0 405 0 
2 3685 1 5 3685 0.002 0.0744354 54 760 0 0 814 1 
3 4834 1 5 4834 0.0183859 0.0976447 72 1140 1788 0 3000 3 
4 5557 1 5 5557 0.0323859 0.112249 82 1520 3883 0 5485 6 
5 6741 1 5 6741 0.0591288 0.136165 96 1900 7333 0 9329 10 
6 7044 1 5 7044 0.0681288 0.142286 111 2280 11513 0 13904 15 
7 7086 1 5 7086 0.0701288 0.143134 127 2660 15845 0 18632 21 
8 7723 1 5 7723 0.0790857 0.156001 141 3040 22419 0 25600 28 
9 7764 1 5 7764 0.0800857 0.156829 160 3420 25684 1 29265 35 
10 7956 1 5 7956 0.128142 0.160708 169 3800 28194 2 32165 43 
11 8314 1 5 8314 0.137149 0.167939 179 4180 31700 3 36062 51 
12 8392 1 5 8392 0.144073 0.169515 186 4560 34834 5 39585 59 
13 8394 1 5 8394 0.144343 0.169555 192 4940 40191 7 45330 67 
14 8430 1 5 8430 0.146314 0.170282 202 5320 42901 9 48432 76 
15 9038 1 5 9038 0.149317 0.182564 218 5700 50280 12 56210 85 
16 9038 1 5 9038 0.149317 0.182564 223 6080 54456 15 60774 94 
17 9295 1 5 9295 0.151314 0.187755 251 6460 60629 18 67358 103 
18 9362 1 5 9362 0.152314 0.189108 269 6840 63195 22 70326 112 
19 9379 1 5 9379 0.153885 0.189452 275 7220 65645 27 73167 122 
20 9674 1 5 9674 0.155885 0.195411 291 7600 68524 32 76447 132 
21 9709 1 5 9709 0.134152 0.196118 300 7980 74000 40 82320 142 
22 9733 1 5 9733 0.136152 0.196602 316 8360 76223 47 84946 152 
23 9792 1 5 9792 0.138152 0.197794 334 8740 77749 56 86879 162 
24 9806 1 5 9806 0.142434 0.198077 341 9120 81656 65 91182 172 
25 9812 1 5 9812 0.146403 0.198198 346 9500 85376 74 95296 182 
26 9865 1 5 9865 0.148403 0.199269 364 9880 86731 85 97060 192 
27 9874 1 5 9874 0.149179 0.199451 380 10260 88144 95 98879 203 
28 9874 1 5 9874 0.149179 0.199451 397 10640 89233 110 100380 214 
29 10106 1 5 10106 0.157136 0.204137 408 11020 93485 121 105034 225 
30 10293 1 5 10293 0.157858 0.207914 420 11400 98497 135 110452 236 
31 10386 1 5 10386 0.210223 0.209793 427 11780 100405 157 112769 247 
32 10407 1 5 10407 0.208266 0.210217 443 12160 101387 181 114171 258 
33 10435 1 5 10435 0.194447 0.210783 448 12540 107670 208 120866 269 
34 11307 1 5 11307 0.210027 0.228397 465 12920 109214 236 122835 280 
35 11348 1 5 11348 0.211027 0.229225 470 13506 110971 259 125206 291 
36 11350 1 5 11350 0.202998 0.229265 477 14092 116983 291 131843 302 
37 11563 1 5 11563 0.20554 0.233568 491 14678 119890 344 135403 314 
38 11622 1 5 11622 0.282093 0.234759 500 15264 125789 399 141952 326 
39 11625 1 5 11625 0.285993 0.23482 504 15850 129849 459 146662 338 
40 11693 1 5 11693 0.306622 0.236194 515 16436 131326 534 148811 350 
41 11722 1 5 11722 0.339225 0.236779 523 17022 132952 603 151100 362 
42 12099 1 5 12099 0.351879 0.244395 544 17608 134669 676 153497 374 
43 12200 1 5 12200 0.42112 0.246435 553 18194 140888 836 160471 386 
44 12863 1 5 12863 0.42712 0.259827 565 18780 146226 1019 166590 398 
45 12909 1 5 12909 0.427141 0.260756 574 19366 152691 1191 173822 410 
46 12977 1 5 12977 0.339713 0.26213 585 19952 161290 1375 183202 422 
47 13058 1 5 13058 0.314337 0.263766 607 20538 167642 1518 190305 434 
48 13075 1 5 13075 0.337806 0.264109 616 21124 173709 1676 197125 446 
49 13110 1 5 13110 0.377265 0.264816 628 21710 175308 1803 199449 458 
50 13189 1 5 13189 0.382401 0.266412 639 22296 177381 1934 202250 470 
51 13513 1 5 13513 0.383401 0.272957 655 22633 184619 2070 209977 483 
52 13553 1 5 13553 0.381866 0.273765 670 22970 189855 2210 215705 496 
53 13686 1 5 13686 0.392777 0.276451 686 23307 192549 2359 218901 509 
54 13728 1 5 13728 0.393777 0.2773 702 23644 200624 2502 227472 522 
55 13795 1 5 13795 0.491427 0.278653 714 23981 206510 2711 233916 535 
56 13802 1 5 13802 0.330369 0.278794 731 24318 207540 2951 235540 548 
57 13866 1 5 13866 0.26421 0.280087 743 24655 212519 3198 241115 561 
58 13897 1 5 13897 0.539624 0.280713 755 24992 214791 3399 243937 574 
59 13949 1 5 13949 0.557448 0.281764 762 25329 216875 3583 246549 587 
60 14028 1 5 14028 0.564448 0.28336 780 25666 217981 3778 248205 600 
61 14033 1 5 14033 0.584697 0.283461 789 26003 223964 3982 254738 613 
62 14067 1 5 14067 0.573095 0.284147 805 26340 228030 4179 259354 626 
63 14071 1 5 14071 0.571309 0.284228 817 26677 231840 4386 263720 639 
64 14084 1 5 14084 0.571517 0.284491 837 27014 233100 4586 265537 652 
65 14747 1 5 14747 0.497193 0.297883 870 27351 244142 4764 277127 665 
66 14764 1 5 14764 0.498229 0.298226 888 27688 245146 4931 278653 678 
67 14780 1 5 14780 0.499229 0.29855 910 28025 246878 5111 280924 691 
68 14807 1 5 14807 0.509639 0.299095 918 28362 249311 5296 283887 704 
69 14919 1 5 14919 0.520639 0.301357 932 28699 251382 5494 286507 717 
70 14988 1 5 14988 0.522031 0.302751 950 29036 254223 5723 289932 730 
71 15002 1 5 15002 0.524028 0.303034 968 29373 257222 5922 293485 744 
72 15028 1 5 15028 0.526026 0.303559 988 29710 259841 6145 296684 758 
73 15818 1 5 15818 0.522035 0.319517 1007 30047 269276 6365 306695 772 
74 15822 1 5 15822 0.524999 0.319598 1019 30384 272498 6596 310497 786 
75 15836 1 5 15836 0.526035 0.31988 1035 30721 275671 6815 314242 800 
76 15843 1 5 15843 0.527035 0.320022 1048 31251 278536 7040 317875 814 
77 15939 1 5 15939 0.551318 0.321961 1056 31781 281955 7532 322324 828 
78 15959 1 5 15959 0.557318 0.322365 1074 32311 284130 8054 325569 842 
79 15967 1 5 15967 0.4379 0.322527 1092 32841 286312 8550 328795 856 
80 16008 1 5 16008 0.539404 0.323355 1103 33371 291098 9137 334709 870 
81 16087 1 5 16087 0.571375 0.324951 1133 33901 312307 9668 357009 884 
82 16095 1 5 16095 0.607879 0.325112 1148 34431 314003 10139 359721 898 
83 16130 1 5 16130 0.576312 0.325819 1157 34961 319046 10678 365842 912 
84 16244 1 5 16244 0.577516 0.328122 1165 35491 323814 11258 371728 926 
85 16291 1 5 16291 0.632942 0.329071 1189 36021 338427 12259 387896 940 
86 16343 1 5 16343 0.642837 0.330122 1199 36551 341502 12920 392172 954 
87 16344 1 5 16344 0.644772 0.330142 1218 37081 342855 13630 394784 968 
88 16478 1 5 16478 0.562696 0.332849 1236 37611 356460 14209 409516 982 
89 16486 1 5 16486 0.524124 0.33301 1248 38141 360327 15019 414735 996 
90 16491 1 5 16491 0.578003 0.333111 1259 38671 370172 15999 426101 1010 
91 16496 1 5 16496 0.592981 0.333212 1277 39201 372208 17097 429783 1024 
92 16498 1 5 16498 0.591354 0.333253 1292 39731 373611 18432 433066 1038 
93 16519 1 5 16519 0.560206 0.333677 1306 40261 375518 19374 436459 1052 
94 16525 1 5 16525 0.552002 0.333798 1311 40791 379851 19831 441784 1066 
95 16557 1 5 16557 0.535618 0.334444 1323 41321 381047 20318 444009 1080 
96 16672 1 5 16672 0.623132 0.336767 1353 41851 427482 22100 492786 1094 
97 16681 1 5 16681 0.556969 0.336949 1361 42381 433018 23495 500255 1108 
98 16689 1 5 16689 0.555925 0.337111 1380 42911 435027 24853 504171 1123 
99 16698 1 5 16698 0.545652 0.337292 1394 43441 437339 26195 508369 1138 
100 16782 1 5 16782 0.570919 0.338989 1402 43971 441505 27767 514645 1153 
101 16784 1 5 16784 0.57233 0.33903 1415 44501 443218 29347 518481 1168 
102 16798 1 5 16798 0.556353 0.339312 1418 45384 447296 30972 525070 1183 
103 16888 1 5 16888 0.631316 0.34113 1453 46267 462713 33371 543804 1198 
104 17073 1 5 17073 0.605577 0.344867 1461 47150 468373 35286 552270 1213 
105 17073 1 5 17073 0.605577 0.344867 1480 48033 469508 37275 556296 1228 
106 17088 1 5 17088 0.60447 0.34517 1485 48916 472849 39331 562581 1243 
107 17089 1 5 17089 0.636509 0.34519 1494 49799 481232 41709 574234 1258 
108 17102 1 5 17102 0.58252 0.345453 1523 50682 497196 43652 593053 1273 
109 17152 1 5 17152 0.606806 0.346463 1538 51565 498943 45738 597784 1288 
110 17216 1 5 17216 0.671335 0.347756 1548 52448 505050 47529 606575 1303 
111 17225 1 5 17225 0.615795 0.347938 1556 53331 514385 52015 621287 1318 
112 17227 1 5 17227 0.598145 0.347978 1586 54214 566680 56701 679181 1333 
113 17229 1 5 17229 0.595796 0.348018 1601 55097 568049 62042 686789 1348 
114 17230 1 5 17230 0.602203 0.348039 1606 55980 571058 68287 696931 1363 
115 17231 1 5 17231 0.625387 0.348059 1610 56863 572794 74239 705506 1378 
116 17231 1 5 17231 0.60677 0.348059 1623 57396 574094 79642 712755 1393 
117 17232 1 5 17232 0.617484 0.348079 1637 57929 575723 85307 720596 1408 
118 17240 1 5 17240 0.60924 0.348241 1654 58462 576964 91030 728110 1423 
119 17244 1 5 17244 0.605852 0.348321 1663 58995 580403 98399 739460 1438 
120 17247 1 5 17247 0.596495 0.348382 1675 59528 585614 104818 751635 1453 
121 17259 1 5 17259 0.612028 0.348624 1689 60061 589242 114609 765601 1468 
122 17269 1 5 17269 0.618635 0.348826 1700 60594 594256 122320 778870 1483 
123 17339 1 5 17339 0.815321 0.35024 1713 61127 596045 134883 793768 1498 
124 17339 1 5 17339 0.611962 0.35024 1719 61660 600965 143291 807635 1513 
125 17341 1 5 17341 0.63091 0.350281 1726 62193 606014 150279 820212 1528 
126 17341 1 5 17341 0.63091 0.350281 1732 62726 610070 160638 835166 1543 
127 17350 1 5 17350 0.646824 0.350463 1743 63259 611297 172317 848616 1558 
128 17375 1 5 17375 0.801776 0.350968 1760 63792 619321 181470 866343 1573 
129 17398 1 5 17398 0.845733 0.351432 1779 64325 620318 196662 883084 1588 
130 17928 1 5 17928 0.812549 0.362138 1821 64858 638130 210503 915312 1603 
131 18009 1 5 18009 0.758001 0.363774 1843 65391 640226 224229 931689 1618 
132 18111 1 5 18111 0.705512 0.365834 1851 65924 649563 243425 960763 1633 
133 18117 1 5 18117 0.705143 0.365956 1857 66457 653466 262011 983791 1648 
134 18183 1 5 18183 0.679261 0.367289 1868 66990 655227 277894 1001979 1663 
135 18217 1 5 18217 0.788791 0.367976 1879 67826 663128 311138 1043971 1679 
136 18332 1 5 18332 0.791252 0.370299 1891 68662 664725 349302 1084580 1695 
137 18332 1 5 18332 0.790564 0.370299 1897 69498 669210 382481 1123086 1711 
138 18338 1 5 18338 0.811025 0.37042 1910 70334 674040 415114 1161398 1727 
139 18344 1 5 18344 0.799674 0.370541 1923 71170 675225 454981 1203299 1743 
140 18351 1 5 18351 0.764486 0.370682 1932 72006 681916 478761 1234615 1759 
141 18352 1 5 18352 0.815645 0.370703 1942 72842 687133 511584 1273501 1775 
142 18360 1 5 18360 0.800343 0.370864 1966 73678 736029 542117 1353790 1791 
143 18387 1 5 18387 0.721414 0.37141 1975 74514 747245 583157 1406891 1807 
144 18388 1 5 18388 0.754936 0.37143 1982 75350 752395 645157 1474884 1823 
145 18389 1 5 18389 0.744735 0.37145 1995 76186 753524 707865 1539570 1839 
146 18389 1 5 18389 0.744735 0.37145 2012 77289 761099 761322 1601722 1855 
147 18389 1 5 18389 0.744735 0.37145 2020 78392 766005 832310 1678727 1871 
148 18398 1 5 18398 0.827999 0.371632 2032 79495 772379 884106 1738012 1887 
149 18413 1 5 18413 0.783239 0.371935 2048 80598 773257 939234 1795137 1903 
150 18451 1 5 18451 0.789448 0.372702 2053 81701 795082 1012765 1891601 1919 
151 18456 1 5 18456 0.808255 0.372803 2070 82804 796117 1097586 1978577 1935 
152 18457 1 5 18457 0.81933 0.372824 2074 83907 800319 1191536 2077836 1951 
153 18469 1 5 18469 0.787428 0.373066 2084 85010 805090 1408215 2300399 1967 
154 18501 1 5 18501 0.829747 0.373712 2102 86113 806003 1601111 2495329 1983 
155 18506 1 5 18506 0.831604 0.373813 2106 87216 809503 1687860 2586685 1999 
156 18646 1 5 18646 0.773771 0.376641 2114 88319 812824 1908680 2811937 2015 
157 18649 1 5 18649 0.837968 0.376702 2132 89422 813931 2168454 3073939 2031 
158 18665 1 5 18665 0.820686 0.377025 2146 90525 820859 2342736 3256266 2047 
159 18690 1 5 18690 0.806455 0.37753 2157 91628 825038 2686726 3605549 2063 
160 18694 1 5 18694 0.794156 0.377611 2168 92731 831231 2949563 3875693 2079 
161 18712 1 5 18712 0.778675 0.377974 2175 93834 833511 3185297 4114817 2095 
162 18721 1 5 18721 0.856533 0.378156 2183 94937 837101 3727142 4661363 2111 
163 18721 1 5 18721 0.815801 0.378156 2188 96017 841077 4182947 5122229 2127 
164 18721 1 5 18721 0.815801 0.378156 2197 97097 844958 4697980 5642232 2143 
165 18723 1 5 18723 0.848355 0.378197 2202 98177 849219 4997008 5946606 2159 
166 18723 1 5 18723 0.848355 0.378197 2206 99257 853587 5234151 6189201 2175 
167 18731 1 5 18731 0.805409 0.378358 2222 100337 860448 5622434 6585441 2191 
168 18731 1 5 18731 0.805409 0.378358 2234 101417 862203 5984537 6950391 2207 
169 18763 1 5 18763 0.892191 0.379005 2243 102497 864364 6273315 7242419 2223 
170 18763 1 5 18763 0.856899 0.379005 2247 103577 866784 6524820 7497428 2239 
171 18811 1 5 18811 0.848459 0.379974 2266 104657 867735 7062660 8037318 2255 
172 18916 1 5 18916 0.815898 0.382095 2279 105737 873055 7762941 8744012 2271 
173 18918 1 5 18918 0.966211 0.382136 2283 106817 887698 9361658 10358456 2287 
