1 3346 0.01 9.9 3346 0 0.0675878 25 380 0 0 405 0 
35 11348 0.296552 7.03448 8119 0.147862 0.164 470 13506 110971 41 124988 291 
73 15818 0.519858 4.80141 13465 0.323854 0.271987 1007 30047 269276 571 300901 772 
135 18217 0.742515 2.57485 15687 0.399144 0.316871 1879 67826 663128 3133 735966 1679 
176 18936 0.829473 1.70527 16899 0.317899 0.341353 2322 109901 898375 6692 1017290 2335 
202 19485 0.868686 1.31313 17027 0.273497 0.343938 2649 127041 1044853 21900 1196443 2766 
206 19503 0.873861 1.26139 17269 0.29066 0.348826 2688 128897 1067401 45429 1244415 2834 
211 19634 0.880043 1.19957 17339 0.27102 0.35024 2759 132717 1115372 65621 1316469 2919 
212 19753 0.881242 1.18757 17411 0.263057 0.351695 2782 133481 1138023 203573 1477859 2936 
213 19753 0.88243 1.1757 17434 0.265215 0.352159 2787 134245 1140797 332690 1610519 2953 
214 19753 0.883606 1.16394 17478 0.266259 0.353048 2792 135009 1143608 480643 1762052 2970 
216 19753 0.885922 1.14078 17526 0.266061 0.354018 2804 136537 1154713 595317 1889371 3004 
217 19761 0.887063 1.12937 17546 0.272489 0.354422 2812 137301 1159604 767080 2066797 3021 
218 19764 0.888192 1.11808 17564 0.257242 0.354785 2816 138065 1167275 865563 2173719 3038 
219 19774 0.88931 1.1069 18008 0.317959 0.363754 2824 138829 1170119 1129462 2441234 3055 
223 20401 0.893672 1.06328 18234 0.282573 0.368319 2874 141930 1218068 1598945 2961817 3123 
224 20403 0.894735 1.05265 18281 0.252835 0.369268 2894 142709 1225329 1861810 3232742 3140 
225 20411 0.895788 1.04212 18304 0.267253 0.369733 2900 143488 1228635 2197393 3572416 3157 
226 20411 0.89683 1.0317 18316 0.25086 0.369975 2905 144267 1235242 2579827 3962241 3174 
227 20417 0.897861 1.02138 18336 0.265574 0.370379 2910 145046 1257336 4783940 6189232 3191 
228 20421 0.898883 1.01117 18379 0.257272 0.371248 2915 145825 1285158 5343887 6777785 3208 
230 20424 0.900895 0.991048 18501 0.289118 0.373712 2934 147383 1295494 9226598 10672409 3242 
