1 3346 1 0 3346 0 0.0675878 25 380 0 0 405 0 
2 3685 1 0 3685 0.002 0.0744354 54 760 0 0 814 1 
3 4834 1 0 4834 0.0183859 0.0976447 72 1140 1788 0 3000 3 
4 5557 1 0 5557 0.0323859 0.112249 82 1520 3883 0 5485 6 
5 6741 1 0 6741 0.0591288 0.136165 96 1900 7333 1 9330 10 
6 7044 1 0 7044 0.0681288 0.142286 111 2280 11513 4 13908 15 
7 7086 1 0 7086 0.0701288 0.143134 127 2660 15845 19 18651 21 
8 7723 1 0 7723 0.0790857 0.156001 141 3040 22419 64 25664 28 
9 7764 1 0 7764 0.0800857 0.156829 160 3420 25684 147 29411 35 
10 7956 1 0 7956 0.0899002 0.160708 169 3800 28194 330 32493 43 
11 8314 1 0 8314 0.0971038 0.167939 179 4180 31700 1567 37626 51 
12 8392 1 0 8392 0.0989861 0.169515 186 4560 34834 7567 47147 59 
13 8394 1 0 8394 0.100824 0.169555 192 4940 40191 33628 78951 67 
14 8430 1 0 8430 0.102788 0.170282 202 5320 42901 158684 207107 76 
15 9038 1 0 9038 0.105792 0.182564 218 5700 50280 556939 613137 85 
16 9038 1 0 9038 0.105792 0.182564 223 6080 54456 1044942 1105701 94 
17 9295 1 0 9295 0.10752 0.187755 251 6460 60629 2456859 2524199 103 
18 9362 1 0 9362 0.10852 0.189108 269 6840 63195 6703743 6774047 112 
