1 3346 0.01 19.8 3346 0 0.0675878 25 380 0 0 405 0 
35 11348 0.296552 14.069 8119 0.147862 0.164 470 13506 110971 40 124987 291 
73 15818 0.519858 9.60283 13465 0.323854 0.271987 1007 30047 269276 578 300908 772 
135 18217 0.742515 5.14969 15469 0.452117 0.312467 1879 67826 663128 3386 736219 1679 
172 18916 0.822477 3.55045 16348 0.524023 0.330223 2279 105737 873055 7752 988823 2271 
193 19132 0.856255 2.8749 16853 0.431796 0.340423 2525 122865 1006274 13509 1145173 2613 
202 19485 0.868686 2.62627 17462 0.444724 0.352725 2649 127041 1044853 21961 1196504 2766 
215 19753 0.88477 2.30461 17849 0.40006 0.360542 2800 135773 1152168 32602 1323343 2987 
223 20401 0.893672 2.12656 18422 0.375378 0.372117 2874 141930 1218068 48231 1411103 3123 
231 20430 0.901886 1.96227 18534 0.364687 0.374379 2955 148162 1300658 172606 1624381 3259 
233 20521 0.903839 1.92322 18573 0.349963 0.375167 2979 149720 1312024 242349 1707072 3293 
234 20724 0.9048 1.90399 19022 0.355732 0.384236 2998 151666 1366527 323517 1844708 3310 
245 20897 0.914764 1.70472 19187 0.358199 0.387569 3141 171100 1470083 828897 2473221 3497 
248 20945 0.917296 1.65409 19272 0.333772 0.389286 3189 173980 1482446 1001092 2660707 3548 
250 21050 0.918941 1.62117 19381 0.352569 0.391488 3206 175900 1487801 1621695 3288602 3582 
251 21081 0.919752 1.60496 19394 0.351627 0.39175 3212 176860 1491798 1820633 3492503 3599 
252 21116 0.920554 1.58891 19444 0.332866 0.39276 3225 177820 1499196 3222273 4902514 3616 
253 21117 0.921349 1.57302 19461 0.333524 0.393104 3242 178780 1502111 4050465 5734598 3633 
254 21160 0.922135 1.55729 19516 0.383998 0.394215 3252 179740 1506768 4712021 6401781 3650 
255 21161 0.922914 1.54172 19533 0.357166 0.394558 3257 180700 1509964 5018545 6712466 3667 
256 21170 0.923685 1.5263 19557 0.32981 0.395043 3268 181660 1519767 6281114 7985809 3684 
257 21170 0.924448 1.51104 19575 0.372605 0.395407 3279 182620 1523315 8709442 10418656 3701 
