1 3346 0.01 14.85 3346 0 0.0675878 25 380 0 0 405 0 
35 11348 0.296552 10.5517 8119 0.147862 0.164 470 13506 110971 46 124993 291 
73 15818 0.519858 7.20212 13465 0.323854 0.271987 1007 30047 269276 559 300889 772 
135 18217 0.742515 3.86227 15299 0.446077 0.309033 1879 67826 663128 3395 736228 1679 
169 18763 0.817043 2.74435 16509 0.440062 0.333475 2243 102497 864364 8051 977155 2223 
196 19210 0.860524 2.09213 16930 0.361435 0.341979 2559 124257 1014494 13875 1155185 2664 
203 19491 0.87 1.95001 17350 0.355111 0.350463 2662 127505 1046652 30620 1207439 2783 
212 19753 0.881242 1.78136 17657 0.339064 0.356664 2782 133481 1138023 56246 1330532 2936 
222 19796 0.892598 1.61103 17708 0.314605 0.357694 2855 141151 1212093 73752 1429851 3106 
223 20401 0.893672 1.59492 18235 0.324938 0.368339 2874 141930 1218068 121510 1484382 3123 
224 20403 0.894735 1.57897 18368 0.317502 0.371026 2894 142709 1225329 162245 1533177 3140 
229 20423 0.899894 1.50159 18420 0.306038 0.372076 2923 146604 1290185 357098 1796810 3225 
231 20430 0.901886 1.47171 18531 0.324553 0.374318 2955 148162 1300658 464825 1916600 3259 
233 20521 0.903839 1.44242 18585 0.293834 0.375409 2979 149720 1312024 562285 2027008 3293 
234 20724 0.9048 1.428 18791 0.296937 0.37957 2998 151666 1366527 713882 2235073 3310 
236 20739 0.906695 1.39958 18840 0.287777 0.38056 3051 155558 1391333 818533 2368475 3344 
238 20759 0.908551 1.37173 18866 0.286019 0.381085 3075 159450 1416569 1137519 2716613 3378 
239 20760 0.909466 1.35801 18923 0.287628 0.382237 3082 161396 1427388 1360500 2952366 3395 
242 20764 0.912155 1.31768 18962 0.27759 0.383024 3106 167234 1463565 1874762 3508667 3446 
244 20765 0.913903 1.29145 18979 0.298172 0.383368 3123 170140 1469007 3125831 4768101 3480 
245 20897 0.914764 1.27854 19123 0.299659 0.386276 3141 171100 1470083 8256340 9900664 3497 
246 20900 0.915616 1.26575 19252 0.287256 0.388882 3159 172060 1473962 9791674 11440855 3514 
