1 3346 1 10 3346 0 0.0675878 25 380 0 0 405 0 
2 3685 1 10 3685 0.002 0.0744354 54 760 0 0 814 1 
3 4834 1 10 4834 0.0183859 0.0976447 72 1140 1788 0 3000 3 
4 5557 1 10 5557 0.0323859 0.112249 82 1520 3883 0 5485 6 
5 6741 1 10 6741 0.0591288 0.136165 96 1900 7333 0 9329 10 
6 7044 1 10 7044 0.0681288 0.142286 111 2280 11513 0 13904 15 
7 7086 1 10 7086 0.0701288 0.143134 127 2660 15845 0 18632 21 
8 7723 1 10 7723 0.0790857 0.156001 141 3040 22419 0 25600 28 
9 7764 1 10 7764 0.0800857 0.156829 160 3420 25684 1 29265 35 
10 7956 1 10 7956 0.128142 0.160708 169 3800 28194 2 32165 43 
11 8314 1 10 8314 0.137149 0.167939 179 4180 31700 4 36063 51 
12 8392 1 10 8392 0.144073 0.169515 186 4560 34834 6 39586 59 
13 8394 1 10 8394 0.144343 0.169555 192 4940 40191 8 45331 67 
14 8430 1 10 8430 0.146314 0.170282 202 5320 42901 10 48433 76 
15 9038 1 10 9038 0.149317 0.182564 218 5700 50280 13 56211 85 
16 9038 1 10 9038 0.149317 0.182564 223 6080 54456 17 60776 94 
17 9295 1 10 9295 0.151314 0.187755 251 6460 60629 20 67360 103 
18 9362 1 10 9362 0.152314 0.189108 269 6840 63195 24 70328 112 
19 9379 1 10 9379 0.153885 0.189452 275 7220 65645 29 73169 122 
20 9674 1 10 9674 0.155885 0.195411 291 7600 68524 34 76449 132 
21 9709 1 10 9709 0.134152 0.196118 300 7980 74000 41 82321 142 
22 9733 1 10 9733 0.136152 0.196602 316 8360 76223 50 84949 152 
23 9792 1 10 9792 0.138152 0.197794 334 8740 77749 60 86883 162 
24 9806 1 10 9806 0.142434 0.198077 341 9120 81656 69 91186 172 
25 9812 1 10 9812 0.146403 0.198198 346 9500 85376 83 95305 182 
26 9865 1 10 9865 0.148403 0.199269 364 9880 86731 92 97067 192 
27 9874 1 10 9874 0.149179 0.199451 380 10260 88144 102 98886 203 
28 9874 1 10 9874 0.149179 0.199451 397 10640 89233 112 100382 214 
29 10106 1 10 10106 0.157136 0.204137 408 11020 93485 128 105041 225 
30 10293 1 10 10293 0.157858 0.207914 420 11400 98497 142 110459 236 
31 10386 1 10 10386 0.210223 0.209793 427 11780 100405 168 112780 247 
32 10407 1 10 10407 0.208266 0.210217 443 12160 101387 194 114184 258 
33 10435 1 10 10435 0.194447 0.210783 448 12540 107670 216 120874 269 
34 11307 1 10 11307 0.210027 0.228397 465 12920 109214 244 122843 280 
35 11348 1 10 11348 0.211027 0.229225 470 13506 110971 268 125215 291 
36 11350 1 10 11350 0.202998 0.229265 477 14092 116983 294 131846 302 
37 11563 1 10 11563 0.20554 0.233568 491 14678 119890 336 135395 314 
38 11622 1 10 11622 0.282093 0.234759 500 15264 125789 395 141948 326 
39 11625 1 10 11625 0.285993 0.23482 504 15850 129849 467 146670 338 
40 11693 1 10 11693 0.306622 0.236194 515 16436 131326 534 148811 350 
41 11722 1 10 11722 0.339225 0.236779 523 17022 132952 606 151103 362 
42 12099 1 10 12099 0.351879 0.244395 544 17608 134669 683 153504 374 
43 12200 1 10 12200 0.42112 0.246435 553 18194 140888 826 160461 386 
44 12863 1 10 12863 0.42712 0.259827 565 18780 146226 1006 166577 398 
45 12909 1 10 12909 0.427141 0.260756 574 19366 152691 1169 173800 410 
46 12977 1 10 12977 0.339713 0.26213 585 19952 161290 1337 183164 422 
47 13058 1 10 13058 0.314337 0.263766 607 20538 167642 1491 190278 434 
48 13075 1 10 13075 0.337806 0.264109 616 21124 173709 1660 197109 446 
49 13110 1 10 13110 0.377265 0.264816 628 21710 175308 1789 199435 458 
50 13189 1 10 13189 0.382401 0.266412 639 22296 177381 1915 202231 470 
51 13513 1 10 13513 0.383401 0.272957 655 22633 184619 2070 209977 483 
52 13553 1 10 13553 0.381866 0.273765 670 22970 189855 2211 215706 496 
53 13686 1 10 13686 0.392777 0.276451 686 23307 192549 2336 218878 509 
54 13728 1 10 13728 0.393777 0.2773 702 23644 200624 2473 227443 522 
55 13795 1 10 13795 0.491427 0.278653 714 23981 206510 2662 233867 535 
56 13802 1 10 13802 0.330369 0.278794 731 24318 207540 2903 235492 548 
57 13866 1 10 13866 0.26421 0.280087 743 24655 212519 3180 241097 561 
58 13897 1 10 13897 0.539624 0.280713 755 24992 214791 3362 243900 574 
59 13949 1 10 13949 0.557448 0.281764 762 25329 216875 3555 246521 587 
60 14028 1 10 14028 0.564448 0.28336 780 25666 217981 3733 248160 600 
61 14033 1 10 14033 0.584697 0.283461 789 26003 223964 3927 254683 613 
62 14067 1 10 14067 0.573095 0.284147 805 26340 228030 4099 259274 626 
63 14071 1 10 14071 0.571309 0.284228 817 26677 231840 4306 263640 639 
64 14084 1 10 14084 0.571517 0.284491 837 27014 233100 4494 265445 652 
65 14747 1 10 14747 0.497193 0.297883 870 27351 244142 4660 277023 665 
66 14764 1 10 14764 0.498229 0.298226 888 27688 245146 4843 278565 678 
67 14780 1 10 14780 0.499229 0.29855 910 28025 246878 5013 280826 691 
68 14807 1 10 14807 0.509639 0.299095 918 28362 249311 5213 283804 704 
69 14919 1 10 14919 0.520639 0.301357 932 28699 251382 5424 286437 717 
70 14988 1 10 14988 0.522031 0.302751 950 29036 254223 5618 289827 730 
71 15002 1 10 15002 0.524028 0.303034 968 29373 257222 5829 293392 744 
72 15028 1 10 15028 0.526026 0.303559 988 29710 259841 6034 296573 758 
73 15818 1 10 15818 0.522035 0.319517 1007 30047 269276 6268 306598 772 
74 15822 1 10 15822 0.524999 0.319598 1019 30384 272498 6483 310384 786 
75 15836 1 10 15836 0.526035 0.31988 1035 30721 275671 6706 314133 800 
76 15843 1 10 15843 0.527035 0.320022 1048 31251 278536 6924 317759 814 
77 15939 1 10 15939 0.551318 0.321961 1056 31781 281955 7412 322204 828 
78 15959 1 10 15959 0.557318 0.322365 1074 32311 284130 7913 325428 842 
79 15967 1 10 15967 0.4379 0.322527 1092 32841 286312 8417 328662 856 
80 16008 1 10 16008 0.539404 0.323355 1103 33371 291098 8969 334541 870 
81 16087 1 10 16087 0.571375 0.324951 1133 33901 312307 9495 356836 884 
82 16095 1 10 16095 0.607879 0.325112 1148 34431 314003 9934 359516 898 
83 16130 1 10 16130 0.576312 0.325819 1157 34961 319046 10448 365612 912 
84 16244 1 10 16244 0.577516 0.328122 1165 35491 323814 10992 371462 926 
85 16291 1 10 16291 0.647047 0.329071 1189 36021 338427 11607 387244 940 
86 16343 1 10 16343 0.682419 0.330122 1199 36551 341502 12300 391552 954 
87 16344 1 10 16344 0.684414 0.330142 1218 37081 342855 12948 394102 968 
88 16478 1 10 16478 0.597499 0.332849 1236 37611 356460 13321 408628 982 
89 16486 1 10 16486 0.576136 0.33301 1248 38141 360327 13776 413492 996 
90 16491 1 10 16491 0.649932 0.333111 1259 38671 370172 14231 424333 1010 
91 16496 1 10 16496 0.650932 0.333212 1277 39201 372208 14681 427367 1024 
92 16498 1 10 16498 0.666509 0.333253 1292 39731 373611 15133 429767 1038 
93 16519 1 10 16519 0.670509 0.333677 1306 40261 375518 15607 432692 1052 
94 16525 1 10 16525 0.552002 0.333798 1311 40791 379851 16066 438019 1066 
95 16557 1 10 16557 0.535618 0.334444 1323 41321 381047 16544 440235 1080 
96 16672 1 10 16672 0.623132 0.336767 1353 41851 427482 18028 488714 1094 
97 16681 1 10 16681 0.556969 0.336949 1361 42381 433018 19373 496133 1108 
98 16689 1 10 16689 0.555925 0.337111 1380 42911 435027 20759 500077 1123 
99 16698 1 10 16698 0.545652 0.337292 1394 43441 437339 22129 504303 1138 
100 16782 1 10 16782 0.598033 0.338989 1402 43971 441505 23722 510600 1153 
101 16784 1 10 16784 0.565949 0.33903 1415 44501 443218 25152 514286 1168 
102 16798 1 10 16798 0.556353 0.339312 1418 45384 447296 26596 520694 1183 
103 16888 1 10 16888 0.657106 0.34113 1453 46267 462713 27881 538314 1198 
104 17073 1 10 17073 0.602899 0.344867 1461 47150 468373 29639 546623 1213 
105 17073 1 10 17073 0.602899 0.344867 1480 48033 469508 31568 550589 1228 
106 17088 1 10 17088 0.592001 0.34517 1485 48916 472849 33463 556713 1243 
107 17089 1 10 17089 0.59446 0.34519 1494 49799 481232 35333 567858 1258 
108 17102 1 10 17102 0.60149 0.345453 1523 50682 497196 37235 586636 1273 
109 17152 1 10 17152 0.602492 0.346463 1538 51565 498943 39071 591117 1288 
110 17216 1 10 17216 0.679437 0.347756 1548 52448 505050 40648 599694 1303 
111 17225 1 10 17225 0.60291 0.347938 1556 53331 514385 42855 612127 1318 
112 17227 1 10 17227 0.611978 0.347978 1586 54214 566680 45359 667839 1333 
113 17229 1 10 17229 0.596511 0.348018 1601 55097 568049 48108 672855 1348 
114 17230 1 10 17230 0.606757 0.348039 1606 55980 571058 51252 679896 1363 
115 17231 1 10 17231 0.60677 0.348059 1610 56863 572794 54754 686021 1378 
116 17231 1 10 17231 0.60677 0.348059 1623 57396 574094 58271 691384 1393 
117 17232 1 10 17232 0.59584 0.348079 1637 57929 575723 62307 697596 1408 
118 17240 1 10 17240 0.613952 0.348241 1654 58462 576964 65321 702401 1423 
119 17244 1 10 17244 0.614784 0.348321 1663 58995 580403 69050 710111 1438 
120 17247 1 10 17247 0.601972 0.348382 1675 59528 585614 71856 718673 1453 
121 17259 1 10 17259 0.998969 0.348624 1689 60061 589242 74620 725612 1468 
122 17269 1 10 17269 0.923031 0.348826 1700 60594 594256 78649 735199 1483 
123 17339 1 10 17339 0.865715 0.35024 1713 61127 596045 83540 742425 1498 
124 17339 1 10 17339 0.626717 0.35024 1719 61660 600965 87896 752240 1513 
125 17341 1 10 17341 0.64336 0.350281 1726 62193 606014 90770 760703 1528 
126 17341 1 10 17341 0.64336 0.350281 1732 62726 610070 93979 768507 1543 
127 17350 1 10 17350 0.977087 0.350463 1743 63259 611297 97811 774110 1558 
128 17375 1 10 17375 0.883667 0.350968 1760 63792 619321 102691 787564 1573 
129 17398 1 10 17398 0.850525 0.351432 1779 64325 620318 107044 793466 1588 
130 17928 1 10 17928 1.00829 0.362138 1821 64858 638130 111444 816253 1603 
131 18009 1 10 18009 1.01511 0.363774 1843 65391 640226 118444 825904 1618 
132 18111 1 10 18111 0.746321 0.365834 1851 65924 649563 130019 847357 1633 
133 18117 1 10 18117 0.757208 0.365956 1857 66457 653466 140450 862230 1648 
134 18183 1 10 18183 0.745553 0.367289 1868 66990 655227 151288 875373 1663 
135 18217 1 10 18217 0.975345 0.367976 1879 67826 663128 161703 894536 1679 
136 18332 1 10 18332 0.97901 0.370299 1891 68662 664725 173596 908874 1695 
137 18332 1 10 18332 0.97901 0.370299 1897 69498 669210 183165 923770 1711 
138 18338 1 10 18338 0.976645 0.37042 1910 70334 674040 192550 938834 1727 
139 18344 1 10 18344 1.0135 0.370541 1923 71170 675225 201089 949407 1743 
140 18351 1 10 18351 1.08644 0.370682 1932 72006 681916 204761 960615 1759 
141 18352 1 10 18352 1.19728 0.370703 1942 72842 687133 222463 984380 1775 
142 18360 1 10 18360 1.1266 0.370864 1966 73678 736029 232996 1044669 1791 
143 18387 1 10 18387 0.983143 0.37141 1975 74514 747245 243761 1067495 1807 
144 18388 1 10 18388 1.18166 0.37143 1982 75350 752395 267218 1096945 1823 
145 18389 1 10 18389 1.00987 0.37145 1995 76186 753524 289541 1121246 1839 
146 18389 1 10 18389 0.948036 0.37145 2012 77289 761099 322092 1162492 1855 
147 18389 1 10 18389 0.948036 0.37145 2020 78392 766005 351684 1198101 1871 
148 18398 1 10 18398 0.985205 0.371632 2032 79495 772379 367669 1221575 1887 
149 18413 1 10 18413 0.939994 0.371935 2048 80598 773257 381206 1237109 1903 
150 18451 1 10 18451 1.08789 0.372702 2053 81701 795082 404215 1283051 1919 
151 18456 1 10 18456 0.971532 0.372803 2070 82804 796117 428723 1309714 1935 
152 18457 1 10 18457 1.25741 0.372824 2074 83907 800319 451256 1337556 1951 
153 18469 1 10 18469 0.999938 0.373066 2084 85010 805090 475656 1367840 1967 
154 18501 1 10 18501 1.21248 0.373712 2102 86113 806003 511636 1405854 1983 
155 18506 1 10 18506 1.17535 0.373813 2106 87216 809503 531795 1430620 1999 
156 18646 1 10 18646 1.08473 0.376641 2114 88319 812824 555669 1458926 2015 
157 18649 1 10 18649 0.983758 0.376702 2132 89422 813931 579282 1484767 2031 
158 18665 1 10 18665 1.0318 0.377025 2146 90525 820859 625564 1539094 2047 
159 18690 1 10 18690 1.13714 0.37753 2157 91628 825038 721372 1640195 2063 
160 18694 1 10 18694 1.24729 0.377611 2168 92731 831231 758101 1684231 2079 
161 18712 1 10 18712 1.16544 0.377974 2175 93834 833511 785915 1715435 2095 
162 18721 1 10 18721 1.01164 0.378156 2183 94937 837101 826480 1760701 2111 
163 18721 1 10 18721 1.01164 0.378156 2188 96017 841077 853945 1793227 2127 
164 18721 1 10 18721 1.01164 0.378156 2197 97097 844958 884785 1829037 2143 
165 18723 1 10 18723 1.0843 0.378197 2202 98177 849219 921710 1871308 2159 
166 18723 1 10 18723 1.0843 0.378197 2206 99257 853587 959113 1914163 2175 
167 18731 1 10 18731 1.10937 0.378358 2222 100337 860448 1016883 1979890 2191 
168 18731 1 10 18731 1.10937 0.378358 2234 101417 862203 1051659 2017513 2207 
169 18763 1 10 18763 1.15733 0.379005 2243 102497 864364 1104733 2073837 2223 
170 18763 1 10 18763 1.15733 0.379005 2247 103577 866784 1142033 2114641 2239 
171 18811 1 10 18811 1.19654 0.379974 2266 104657 867735 1176066 2150724 2255 
172 18916 1 10 18916 1.33296 0.382095 2279 105737 873055 1199611 2180682 2271 
173 18918 1 10 18918 1.14597 0.382136 2283 106817 887698 1267854 2264652 2287 
174 18934 1 10 18934 1.13343 0.382459 2287 107845 891601 1369663 2371396 2303 
175 18934 1 10 18934 1.07628 0.382459 2311 108873 895289 1473339 2479812 2319 
176 18936 1 10 18936 1.23048 0.382499 2322 109901 898375 1550821 2561419 2335 
177 18941 1 10 18941 1.41484 0.3826 2332 110929 902320 1690824 2706405 2351 
178 18941 1 10 18941 1.28633 0.3826 2347 111957 903523 1784747 2802574 2367 
179 18965 1 10 18965 1.20123 0.383085 2357 112985 906853 1947014 2969209 2383 
180 18966 1 10 18966 1.28244 0.383105 2369 114013 912085 2054900 3083367 2399 
181 18967 1 10 18967 1.30447 0.383125 2373 115041 924264 2222700 3264378 2415 
182 18969 1 10 18969 1.38486 0.383166 2379 116069 928057 2292984 3339489 2431 
183 18972 1 10 18972 1.288 0.383226 2384 117097 931301 2372315 3423097 2447 
184 18975 1 10 18975 1.32899 0.383287 2388 118125 942311 2597853 3660677 2463 
185 18977 1 10 18977 1.31086 0.383327 2404 119153 949720 2739401 3810678 2479 
186 18979 1 10 18979 1.27615 0.383368 2411 119617 955165 2906299 3983492 2495 
187 18982 1 10 18982 1.24747 0.383428 2416 120081 958935 3030550 4111982 2511 
188 19031 1 10 19031 1.13692 0.384418 2430 120545 960893 3154194 4238062 2528 
189 19085 1 10 19085 1.15933 0.385509 2438 121009 967532 3246363 4337342 2545 
190 19088 1 10 19088 1.29647 0.385569 2443 121473 974195 3324642 4422753 2562 
191 19090 1 10 19090 1.43262 0.38561 2458 121937 975983 3420668 4521046 2579 
192 19122 1 10 19122 1.35436 0.386256 2466 122401 983499 3585068 4693434 2596 
193 19132 1 10 19132 1.33371 0.386458 2525 122865 1006274 3753731 4885395 2613 
194 19159 1 10 19159 1.34368 0.387004 2533 123329 1010731 4025113 5161706 2630 
195 19168 1 10 19168 1.30381 0.387185 2551 123793 1011822 4199639 5337805 2647 
196 19210 1 10 19210 1.34686 0.388034 2559 124257 1014494 4407890 5549200 2664 
197 19274 1 10 19274 1.21118 0.389327 2570 124721 1022299 4505634 5655224 2681 
198 19298 1 10 19298 1.40455 0.389811 2583 125185 1024422 4638525 5790715 2698 
199 19374 1 10 19374 1.45544 0.391347 2601 125649 1030557 4831558 5990365 2715 
200 19376 1 10 19376 1.34455 0.391387 2614 126113 1034431 5090125 6253283 2732 
201 19393 1 10 19393 1.3911 0.39173 2632 126577 1039707 5282316 6451232 2749 
202 19485 1 10 19485 1.37175 0.393589 2649 127041 1044853 5416191 6590734 2766 
203 19491 1 10 19491 1.29796 0.39371 2662 127505 1046652 5633031 6809850 2783 
204 19494 1 10 19494 1.30787 0.39377 2672 127969 1055082 5851209 7036932 2800 
205 19503 1 10 19503 1.35944 0.393952 2682 128433 1057303 6114423 7302841 2817 
206 19503 1 10 19503 1.35944 0.393952 2688 128897 1067401 6495087 7694073 2834 
207 19537 1 10 19537 1.3857 0.394639 2695 129661 1070074 6891801 8094231 2851 
208 19543 1 10 19543 1.41637 0.39476 2707 130425 1071861 7245520 8450513 2868 
209 19543 1 10 19543 1.41637 0.39476 2719 131189 1078645 7343000 8555553 2885 
210 19633 1 10 19633 1.43566 0.396578 2755 131953 1107698 7530877 8773283 2902 
211 19634 1 10 19634 1.38097 0.396598 2759 132717 1115372 7656899 8907747 2919 
212 19753 1 10 19753 1.39481 0.399002 2782 133481 1138023 7809984 9084270 2936 
213 19753 1 10 19753 1.38051 0.399002 2787 134245 1140797 8025455 9303284 2953 
214 19753 1 10 19753 1.38051 0.399002 2792 135009 1143608 8117498 9398907 2970 
215 19753 1 10 19753 1.38051 0.399002 2800 135773 1152168 8186961 9477702 2987 
216 19753 1 10 19753 1.37884 0.399002 2804 136537 1154713 8271661 9565715 3004 
217 19761 1 10 19761 1.35879 0.399164 2812 137301 1159604 8364728 9664445 3021 
218 19764 1 10 19764 1.40191 0.399224 2816 138065 1167275 8584041 9892197 3038 
219 19774 1 10 19774 1.49128 0.399426 2824 138829 1170119 8856453 10168225 3055 
220 19791 1 10 19791 1.39326 0.39977 2844 139593 1189359 9068200 10399996 3072 
221 19792 1 10 19792 1.23229 0.39979 2851 140372 1191687 9486104 10821014 3089 
222 19796 1 10 19796 1.12906 0.399871 2855 141151 1212093 9625444 10981543 3106 
223 20401 1 10 20401 1.28643 0.412091 2874 141930 1218068 9803485 11166357 3123 
224 20403 1 10 20403 1.31703 0.412132 2894 142709 1225329 9891579 11262511 3140 
225 20411 1 10 20411 1.38566 0.412293 2900 143488 1228635 9973682 11348705 3157 
