1 3346 1 19.8 3346 0 0.0675878 25 380 0 0 405 0 
2 3685 1 19.602 3685 0.002 0.0744354 54 760 0 0 814 1 
3 4834 1 19.406 4834 0.0183859 0.0976447 72 1140 1788 0 3000 3 
4 5557 1 19.2119 5557 0.0323859 0.112249 82 1520 3883 0 5485 6 
5 6741 1 19.0198 6741 0.0591288 0.136165 96 1900 7333 0 9329 10 
6 7044 1 18.8296 7044 0.0681288 0.142286 111 2280 11513 0 13904 15 
7 7086 1 18.6413 7086 0.0701288 0.143134 127 2660 15845 0 18632 21 
8 7723 1 18.4549 7723 0.0790857 0.156001 141 3040 22419 0 25600 28 
9 7764 1 18.2703 7764 0.0800857 0.156829 160 3420 25684 1 29265 35 
10 7956 1 18.0876 7956 0.128142 0.160708 169 3800 28194 2 32165 43 
11 8314 1 17.9068 8314 0.137149 0.167939 179 4180 31700 3 36062 51 
12 8392 1 17.7277 8392 0.144073 0.169515 186 4560 34834 5 39585 59 
13 8394 1 17.5504 8394 0.144343 0.169555 192 4940 40191 7 45330 67 
14 8430 1 17.3749 8430 0.146314 0.170282 202 5320 42901 9 48432 76 
15 9038 1 17.2012 9038 0.149317 0.182564 218 5700 50280 12 56210 85 
16 9038 1 17.0292 9038 0.149317 0.182564 223 6080 54456 15 60774 94 
17 9295 1 16.8589 9295 0.151314 0.187755 251 6460 60629 18 67358 103 
18 9362 1 16.6903 9362 0.152314 0.189108 269 6840 63195 22 70326 112 
19 9379 1 16.5234 9379 0.153885 0.189452 275 7220 65645 26 73166 122 
20 9674 1 16.3581 9674 0.155885 0.195411 291 7600 68524 32 76447 132 
21 9709 1 16.1946 9709 0.134152 0.196118 300 7980 74000 39 82319 142 
22 9733 1 16.0326 9733 0.136152 0.196602 316 8360 76223 48 84947 152 
23 9792 1 15.8723 9792 0.138152 0.197794 334 8740 77749 56 86879 162 
24 9806 1 15.7136 9806 0.142434 0.198077 341 9120 81656 68 91185 172 
25 9812 1 15.5564 9812 0.146403 0.198198 346 9500 85376 78 95300 182 
26 9865 1 15.4009 9865 0.148403 0.199269 364 9880 86731 87 97062 192 
27 9874 1 15.2469 9874 0.149179 0.199451 380 10260 88144 101 98885 203 
28 9874 1 15.0944 9874 0.149179 0.199451 397 10640 89233 115 100385 214 
29 10106 1 14.9434 10106 0.157136 0.204137 408 11020 93485 130 105043 225 
30 10293 1 14.794 10293 0.157858 0.207914 420 11400 98497 144 110461 236 
31 10386 1 14.6461 10386 0.210223 0.209793 427 11780 100405 174 112786 247 
32 10407 1 14.4996 10407 0.208266 0.210217 443 12160 101387 208 114198 258 
33 10435 1 14.3546 10435 0.194447 0.210783 448 12540 107670 230 120888 269 
34 11307 1 14.2111 11307 0.210027 0.228397 465 12920 109214 257 122856 280 
35 11348 1 14.069 11348 0.211027 0.229225 470 13506 110971 280 125227 291 
36 11350 1 13.9283 11350 0.202998 0.229265 477 14092 116983 312 131864 302 
37 11563 1 13.789 11563 0.20554 0.233568 491 14678 119890 365 135424 314 
38 11622 1 13.6511 11622 0.282093 0.234759 500 15264 125789 424 141977 326 
39 11625 1 13.5146 11625 0.285993 0.23482 504 15850 129849 480 146683 338 
40 11693 1 13.3794 11693 0.306622 0.236194 515 16436 131326 549 148826 350 
41 11722 1 13.2456 11722 0.339225 0.236779 523 17022 132952 621 151118 362 
42 12099 1 13.1132 12099 0.351879 0.244395 544 17608 134669 693 153514 374 
43 12200 1 12.982 12200 0.42112 0.246435 553 18194 140888 845 160480 386 
44 12863 1 12.8522 12863 0.42712 0.259827 565 18780 146226 1018 166589 398 
45 12909 1 12.7237 12909 0.427141 0.260756 574 19366 152691 1202 173833 410 
46 12977 1 12.5965 12977 0.339713 0.26213 585 19952 161290 1371 183198 422 
47 13058 1 12.4705 13058 0.314337 0.263766 607 20538 167642 1532 190319 434 
48 13075 1 12.3458 13075 0.337806 0.264109 616 21124 173709 1697 197146 446 
49 13110 1 12.2223 13110 0.377265 0.264816 628 21710 175308 1812 199458 458 
50 13189 1 12.1001 13189 0.382401 0.266412 639 22296 177381 1947 202263 470 
51 13513 1 11.9791 13513 0.383401 0.272957 655 22633 184619 2069 209976 483 
52 13553 1 11.8593 13553 0.381866 0.273765 670 22970 189855 2203 215698 496 
53 13686 1 11.7407 13686 0.392777 0.276451 686 23307 192549 2344 218886 509 
54 13728 1 11.6233 13728 0.393777 0.2773 702 23644 200624 2485 227455 522 
55 13795 1 11.5071 13795 0.491427 0.278653 714 23981 206510 2691 233896 535 
56 13802 1 11.392 13802 0.330369 0.278794 731 24318 207540 2932 235521 548 
57 13866 1 11.2781 13866 0.26421 0.280087 743 24655 212519 3180 241097 561 
58 13897 1 11.1653 13897 0.539624 0.280713 755 24992 214791 3369 243907 574 
59 13949 1 11.0537 13949 0.557448 0.281764 762 25329 216875 3556 246522 587 
60 14028 1 10.9431 14028 0.564448 0.28336 780 25666 217981 3749 248176 600 
61 14033 1 10.8337 14033 0.584697 0.283461 789 26003 223964 3957 254713 613 
62 14067 1 10.7254 14067 0.573095 0.284147 805 26340 228030 4137 259312 626 
63 14071 1 10.6181 14071 0.571309 0.284228 817 26677 231840 4335 263669 639 
64 14084 1 10.5119 14084 0.571517 0.284491 837 27014 233100 4529 265480 652 
65 14747 1 10.4068 14747 0.497193 0.297883 870 27351 244142 4691 277054 665 
66 14764 1 10.3027 14764 0.498229 0.298226 888 27688 245146 4862 278584 678 
67 14780 1 10.1997 14780 0.499229 0.29855 910 28025 246878 5051 280864 691 
68 14807 1 10.0977 14807 0.509639 0.299095 918 28362 249311 5242 283833 704 
69 14919 1 9.99674 14919 0.520639 0.301357 932 28699 251382 5454 286467 717 
70 14988 1 9.89677 14988 0.522031 0.302751 950 29036 254223 5668 289877 730 
71 15002 1 9.7978 15002 0.524028 0.303034 968 29373 257222 5879 293442 744 
72 15028 1 9.69983 15028 0.526026 0.303559 988 29710 259841 6103 296642 758 
73 15818 1 9.60283 15818 0.522035 0.319517 1007 30047 269276 6319 306649 772 
74 15822 1 9.5068 15822 0.524999 0.319598 1019 30384 272498 6543 310444 786 
75 15836 1 9.41173 15836 0.526035 0.31988 1035 30721 275671 6762 314189 800 
76 15843 1 9.31761 15843 0.527035 0.320022 1048 31251 278536 6985 317820 814 
77 15939 1 9.22444 15939 0.551318 0.321961 1056 31781 281955 7480 322272 828 
78 15959 1 9.13219 15959 0.557318 0.322365 1074 32311 284130 7977 325492 842 
79 15967 1 9.04087 15967 0.4379 0.322527 1092 32841 286312 8477 328722 856 
80 16008 1 8.95046 16008 0.539404 0.323355 1103 33371 291098 9039 334611 870 
81 16087 1 8.86096 16087 0.571375 0.324951 1133 33901 312307 9585 356926 884 
82 16095 1 8.77235 16095 0.607879 0.325112 1148 34431 314003 10059 359641 898 
83 16130 1 8.68463 16130 0.576312 0.325819 1157 34961 319046 10574 365738 912 
84 16244 1 8.59778 16244 0.577516 0.328122 1165 35491 323814 11124 371594 926 
85 16291 1 8.5118 16291 0.647047 0.329071 1189 36021 338427 11748 387385 940 
86 16343 1 8.42668 16343 0.682419 0.330122 1199 36551 341502 12388 391640 954 
87 16344 1 8.34242 16344 0.684414 0.330142 1218 37081 342855 13016 394170 968 
88 16478 1 8.25899 16478 0.597499 0.332849 1236 37611 356460 13406 408713 982 
89 16486 1 8.1764 16486 0.576136 0.33301 1248 38141 360327 13880 413596 996 
90 16491 1 8.09464 16491 0.649932 0.333111 1259 38671 370172 14348 424450 1010 
91 16496 1 8.01369 16496 0.650932 0.333212 1277 39201 372208 14806 427492 1024 
92 16498 1 7.93356 16498 0.666509 0.333253 1292 39731 373611 15235 429869 1038 
93 16519 1 7.85422 16519 0.670509 0.333677 1306 40261 375518 15684 432769 1052 
94 16525 1 7.77568 16525 0.552002 0.333798 1311 40791 379851 16142 438095 1066 
95 16557 1 7.69792 16557 0.535618 0.334444 1323 41321 381047 16604 440295 1080 
96 16672 1 7.62094 16672 0.623132 0.336767 1353 41851 427482 18063 488749 1094 
97 16681 1 7.54473 16681 0.556969 0.336949 1361 42381 433018 19394 496154 1108 
98 16689 1 7.46928 16689 0.555925 0.337111 1380 42911 435027 20757 500075 1123 
99 16698 1 7.39459 16698 0.545652 0.337292 1394 43441 437339 22174 504348 1138 
100 16782 1 7.32065 16782 0.598033 0.338989 1402 43971 441505 23820 510698 1153 
101 16784 1 7.24744 16784 0.565949 0.33903 1415 44501 443218 25211 514345 1168 
102 16798 1 7.17496 16798 0.556353 0.339312 1418 45384 447296 26726 520824 1183 
103 16888 1 7.10322 16888 0.657106 0.34113 1453 46267 462713 28015 538448 1198 
104 17073 1 7.03218 17073 0.602899 0.344867 1461 47150 468373 29772 546756 1213 
105 17073 1 6.96186 17073 0.602899 0.344867 1480 48033 469508 31654 550675 1228 
106 17088 1 6.89224 17088 0.592001 0.34517 1485 48916 472849 33533 556783 1243 
107 17089 1 6.82332 17089 0.59446 0.34519 1494 49799 481232 35370 567895 1258 
108 17102 1 6.75509 17102 0.60149 0.345453 1523 50682 497196 37320 586721 1273 
109 17152 1 6.68754 17152 0.602492 0.346463 1538 51565 498943 39223 591269 1288 
110 17216 1 6.62066 17216 0.679437 0.347756 1548 52448 505050 40753 599799 1303 
111 17225 1 6.55445 17225 0.603667 0.347938 1556 53331 514385 43221 612493 1318 
112 17227 1 6.48891 17227 0.593305 0.347978 1586 54214 566680 45940 668420 1333 
113 17229 1 6.42402 17229 0.593611 0.348018 1601 55097 568049 48548 673295 1348 
114 17230 1 6.35978 17230 0.613619 0.348039 1606 55980 571058 53073 681717 1363 
115 17231 1 6.29618 17231 0.611793 0.348059 1610 56863 572794 55435 686702 1378 
116 17231 1 6.23322 17231 0.611793 0.348059 1623 57396 574094 58577 691690 1393 
117 17232 1 6.17089 17232 0.62096 0.348079 1637 57929 575723 61623 696912 1408 
118 17240 1 6.10918 17240 0.663074 0.348241 1654 58462 576964 64834 701914 1423 
119 17244 1 6.04809 17244 0.601554 0.348321 1663 58995 580403 68311 709372 1438 
120 17247 1 5.98761 17247 0.601971 0.348382 1675 59528 585614 71303 718120 1453 
121 17259 1 5.92773 17259 0.789162 0.348624 1689 60061 589242 76255 727247 1468 
122 17269 1 5.86845 17269 0.813148 0.348826 1700 60594 594256 82986 739536 1483 
123 17339 1 5.80977 17339 0.808672 0.35024 1713 61127 596045 89279 748164 1498 
124 17339 1 5.75167 17339 0.626635 0.35024 1719 61660 600965 93655 757999 1513 
125 17341 1 5.69415 17341 0.65085 0.350281 1726 62193 606014 98548 768481 1528 
126 17341 1 5.63721 17341 0.65085 0.350281 1732 62726 610070 108242 782770 1543 
127 17350 1 5.58084 17350 0.811947 0.350463 1743 63259 611297 114909 791208 1558 
128 17375 1 5.52503 17375 0.825804 0.350968 1760 63792 619321 121907 806780 1573 
129 17398 1 5.46978 17398 0.805741 0.351432 1779 64325 620318 130338 816760 1588 
130 17928 1 5.41508 17928 0.86069 0.362138 1821 64858 638130 140136 844945 1603 
131 18009 1 5.36093 18009 0.974426 0.363774 1843 65391 640226 153739 861199 1618 
132 18111 1 5.30732 18111 0.709313 0.365834 1851 65924 649563 173259 890597 1633 
133 18117 1 5.25425 18117 0.688736 0.365956 1857 66457 653466 186851 908631 1648 
134 18183 1 5.20171 18183 0.726061 0.367289 1868 66990 655227 204252 928337 1663 
135 18217 1 5.14969 18217 0.807887 0.367976 1879 67826 663128 246832 979665 1679 
136 18332 1 5.09819 18332 0.934594 0.370299 1891 68662 664725 284187 1019465 1695 
137 18332 1 5.04721 18332 0.808838 0.370299 1897 69498 669210 315357 1055962 1711 
138 18338 1 4.99674 18338 0.83378 0.37042 1910 70334 674040 345193 1091477 1727 
139 18344 1 4.94677 18344 0.762676 0.370541 1923 71170 675225 386312 1134630 1743 
140 18351 1 4.8973 18351 0.73934 0.370682 1932 72006 681916 407687 1163541 1759 
141 18352 1 4.84833 18352 0.716916 0.370703 1942 72842 687133 446240 1208157 1775 
142 18360 1 4.79985 18360 0.766531 0.370864 1966 73678 736029 494450 1306123 1791 
143 18387 1 4.75185 18387 0.731238 0.37141 1975 74514 747245 549173 1372907 1807 
144 18388 1 4.70433 18388 0.702503 0.37143 1982 75350 752395 631012 1460739 1823 
145 18389 1 4.65729 18389 0.743804 0.37145 1995 76186 753524 707311 1539016 1839 
146 18389 1 4.61071 18389 0.743804 0.37145 2012 77289 761099 782197 1622597 1855 
147 18389 1 4.56461 18389 0.743804 0.37145 2020 78392 766005 852913 1699330 1871 
148 18398 1 4.51896 18398 0.764909 0.371632 2032 79495 772379 976406 1830312 1887 
149 18413 1 4.47377 18413 0.742365 0.371935 2048 80598 773257 1078779 1934682 1903 
150 18451 1 4.42903 18451 0.712465 0.372702 2053 81701 795082 1216048 2094884 1919 
151 18456 1 4.38474 18456 0.697405 0.372803 2070 82804 796117 1335823 2216814 1935 
152 18457 1 4.3409 18457 0.787369 0.372824 2074 83907 800319 1558855 2445155 1951 
153 18469 1 4.29749 18469 0.774037 0.373066 2084 85010 805090 2021533 2913717 1967 
154 18501 1 4.25451 18501 0.723191 0.373712 2102 86113 806003 2290940 3185158 1983 
155 18506 1 4.21197 18506 0.750937 0.373813 2106 87216 809503 2857269 3756094 1999 
156 18646 1 4.16985 18646 0.747258 0.376641 2114 88319 812824 3875882 4779139 2015 
157 18649 1 4.12815 18649 0.725523 0.376702 2132 89422 813931 5615908 6521393 2031 
158 18665 1 4.08687 18665 0.727338 0.377025 2146 90525 820859 6099389 7012919 2047 
159 18690 1 4.046 18690 0.765985 0.37753 2157 91628 825038 7095401 8014224 2063 
160 18694 1 4.00554 18694 0.721414 0.377611 2168 92731 831231 7633174 8559304 2079 
161 18712 1 3.96548 18712 0.743518 0.377974 2175 93834 833511 8212695 9142215 2095 
