1 3346 1 15 3346 0 0.0675878 25 380 0 0 405 0 
2 3685 1 15 3685 0.002 0.0744354 54 760 0 0 814 1 
3 4834 1 15 4834 0.0183859 0.0976447 72 1140 1788 0 3000 3 
4 5557 1 15 5557 0.0323859 0.112249 82 1520 3883 0 5485 6 
5 6741 1 15 6741 0.0591288 0.136165 96 1900 7333 0 9329 10 
6 7044 1 15 7044 0.0681288 0.142286 111 2280 11513 0 13904 15 
7 7086 1 15 7086 0.0701288 0.143134 127 2660 15845 0 18632 21 
8 7723 1 15 7723 0.0790857 0.156001 141 3040 22419 0 25600 28 
9 7764 1 15 7764 0.0800857 0.156829 160 3420 25684 1 29265 35 
10 7956 1 15 7956 0.128142 0.160708 169 3800 28194 2 32165 43 
11 8314 1 15 8314 0.137149 0.167939 179 4180 31700 3 36062 51 
12 8392 1 15 8392 0.144073 0.169515 186 4560 34834 5 39585 59 
13 8394 1 15 8394 0.144343 0.169555 192 4940 40191 7 45330 67 
14 8430 1 15 8430 0.146314 0.170282 202 5320 42901 11 48434 76 
15 9038 1 15 9038 0.149317 0.182564 218 5700 50280 14 56212 85 
16 9038 1 15 9038 0.149317 0.182564 223 6080 54456 17 60776 94 
17 9295 1 15 9295 0.151314 0.187755 251 6460 60629 20 67360 103 
18 9362 1 15 9362 0.152314 0.189108 269 6840 63195 25 70329 112 
19 9379 1 15 9379 0.153885 0.189452 275 7220 65645 29 73169 122 
20 9674 1 15 9674 0.155885 0.195411 291 7600 68524 34 76449 132 
21 9709 1 15 9709 0.134152 0.196118 300 7980 74000 45 82325 142 
22 9733 1 15 9733 0.136152 0.196602 316 8360 76223 53 84952 152 
23 9792 1 15 9792 0.138152 0.197794 334 8740 77749 61 86884 162 
24 9806 1 15 9806 0.142434 0.198077 341 9120 81656 71 91188 172 
25 9812 1 15 9812 0.146403 0.198198 346 9500 85376 80 95302 182 
26 9865 1 15 9865 0.148403 0.199269 364 9880 86731 89 97064 192 
27 9874 1 15 9874 0.149179 0.199451 380 10260 88144 99 98883 203 
28 9874 1 15 9874 0.149179 0.199451 397 10640 89233 110 100380 214 
29 10106 1 15 10106 0.157136 0.204137 408 11020 93485 121 105034 225 
30 10293 1 15 10293 0.157858 0.207914 420 11400 98497 135 110452 236 
31 10386 1 15 10386 0.210223 0.209793 427 11780 100405 161 112773 247 
32 10407 1 15 10407 0.208266 0.210217 443 12160 101387 195 114185 258 
33 10435 1 15 10435 0.194447 0.210783 448 12540 107670 218 120876 269 
34 11307 1 15 11307 0.210027 0.228397 465 12920 109214 241 122840 280 
35 11348 1 15 11348 0.211027 0.229225 470 13506 110971 265 125212 291 
36 11350 1 15 11350 0.202998 0.229265 477 14092 116983 294 131846 302 
37 11563 1 15 11563 0.20554 0.233568 491 14678 119890 347 135406 314 
38 11622 1 15 11622 0.282093 0.234759 500 15264 125789 411 141964 326 
39 11625 1 15 11625 0.285993 0.23482 504 15850 129849 472 146675 338 
40 11693 1 15 11693 0.306622 0.236194 515 16436 131326 552 148829 350 
41 11722 1 15 11722 0.339225 0.236779 523 17022 132952 624 151121 362 
42 12099 1 15 12099 0.351879 0.244395 544 17608 134669 715 153536 374 
43 12200 1 15 12200 0.42112 0.246435 553 18194 140888 864 160499 386 
44 12863 1 15 12863 0.42712 0.259827 565 18780 146226 1024 166595 398 
45 12909 1 15 12909 0.427141 0.260756 574 19366 152691 1198 173829 410 
46 12977 1 15 12977 0.339713 0.26213 585 19952 161290 1361 183188 422 
47 13058 1 15 13058 0.314337 0.263766 607 20538 167642 1531 190318 434 
48 13075 1 15 13075 0.337806 0.264109 616 21124 173709 1676 197125 446 
49 13110 1 15 13110 0.377265 0.264816 628 21710 175308 1803 199449 458 
50 13189 1 15 13189 0.382401 0.266412 639 22296 177381 1943 202259 470 
51 13513 1 15 13513 0.383401 0.272957 655 22633 184619 2083 209990 483 
52 13553 1 15 13553 0.381866 0.273765 670 22970 189855 2237 215732 496 
53 13686 1 15 13686 0.392777 0.276451 686 23307 192549 2373 218915 509 
54 13728 1 15 13728 0.393777 0.2773 702 23644 200624 2519 227489 522 
55 13795 1 15 13795 0.491427 0.278653 714 23981 206510 2714 233919 535 
56 13802 1 15 13802 0.330369 0.278794 731 24318 207540 2984 235573 548 
57 13866 1 15 13866 0.26421 0.280087 743 24655 212519 3251 241168 561 
58 13897 1 15 13897 0.539624 0.280713 755 24992 214791 3453 243991 574 
59 13949 1 15 13949 0.557448 0.281764 762 25329 216875 3644 246610 587 
60 14028 1 15 14028 0.564448 0.28336 780 25666 217981 3841 248268 600 
61 14033 1 15 14033 0.584697 0.283461 789 26003 223964 4040 254796 613 
62 14067 1 15 14067 0.573095 0.284147 805 26340 228030 4228 259403 626 
63 14071 1 15 14071 0.571309 0.284228 817 26677 231840 4430 263764 639 
64 14084 1 15 14084 0.571517 0.284491 837 27014 233100 4627 265578 652 
65 14747 1 15 14747 0.497193 0.297883 870 27351 244142 4794 277157 665 
66 14764 1 15 14764 0.498229 0.298226 888 27688 245146 4970 278692 678 
67 14780 1 15 14780 0.499229 0.29855 910 28025 246878 5147 280960 691 
68 14807 1 15 14807 0.509639 0.299095 918 28362 249311 5347 283938 704 
69 14919 1 15 14919 0.520639 0.301357 932 28699 251382 5563 286576 717 
70 14988 1 15 14988 0.522031 0.302751 950 29036 254223 5780 289989 730 
71 15002 1 15 15002 0.524028 0.303034 968 29373 257222 6008 293571 744 
72 15028 1 15 15028 0.526026 0.303559 988 29710 259841 6235 296774 758 
73 15818 1 15 15818 0.522035 0.319517 1007 30047 269276 6453 306783 772 
74 15822 1 15 15822 0.524999 0.319598 1019 30384 272498 6667 310568 786 
75 15836 1 15 15836 0.526035 0.31988 1035 30721 275671 6890 314317 800 
76 15843 1 15 15843 0.527035 0.320022 1048 31251 278536 7111 317946 814 
77 15939 1 15 15939 0.551318 0.321961 1056 31781 281955 7643 322435 828 
78 15959 1 15 15959 0.557318 0.322365 1074 32311 284130 8147 325662 842 
79 15967 1 15 15967 0.4379 0.322527 1092 32841 286312 8649 328894 856 
80 16008 1 15 16008 0.539404 0.323355 1103 33371 291098 9223 334795 870 
81 16087 1 15 16087 0.571375 0.324951 1133 33901 312307 9787 357128 884 
82 16095 1 15 16095 0.607879 0.325112 1148 34431 314003 10259 359841 898 
83 16130 1 15 16130 0.576312 0.325819 1157 34961 319046 10834 365998 912 
84 16244 1 15 16244 0.577516 0.328122 1165 35491 323814 11404 371874 926 
85 16291 1 15 16291 0.647047 0.329071 1189 36021 338427 12046 387683 940 
86 16343 1 15 16343 0.682419 0.330122 1199 36551 341502 12691 391943 954 
87 16344 1 15 16344 0.684414 0.330142 1218 37081 342855 13350 394504 968 
88 16478 1 15 16478 0.597499 0.332849 1236 37611 356460 13763 409070 982 
89 16486 1 15 16486 0.576136 0.33301 1248 38141 360327 14220 413936 996 
90 16491 1 15 16491 0.649932 0.333111 1259 38671 370172 14725 424827 1010 
91 16496 1 15 16496 0.650932 0.333212 1277 39201 372208 15230 427916 1024 
92 16498 1 15 16498 0.666509 0.333253 1292 39731 373611 15710 430344 1038 
93 16519 1 15 16519 0.670509 0.333677 1306 40261 375518 16192 433277 1052 
94 16525 1 15 16525 0.552002 0.333798 1311 40791 379851 16657 438610 1066 
95 16557 1 15 16557 0.535618 0.334444 1323 41321 381047 17164 440855 1080 
96 16672 1 15 16672 0.623132 0.336767 1353 41851 427482 18690 489376 1094 
97 16681 1 15 16681 0.556969 0.336949 1361 42381 433018 20111 496871 1108 
98 16689 1 15 16689 0.555925 0.337111 1380 42911 435027 21498 500816 1123 
99 16698 1 15 16698 0.545652 0.337292 1394 43441 437339 22868 505042 1138 
100 16782 1 15 16782 0.598033 0.338989 1402 43971 441505 24568 511446 1153 
101 16784 1 15 16784 0.565949 0.33903 1415 44501 443218 26048 515182 1168 
102 16798 1 15 16798 0.556353 0.339312 1418 45384 447296 27567 521665 1183 
103 16888 1 15 16888 0.657106 0.34113 1453 46267 462713 28888 539321 1198 
104 17073 1 15 17073 0.602899 0.344867 1461 47150 468373 30655 547639 1213 
105 17073 1 15 17073 0.602899 0.344867 1480 48033 469508 32588 551609 1228 
106 17088 1 15 17088 0.592001 0.34517 1485 48916 472849 34605 557855 1243 
107 17089 1 15 17089 0.59446 0.34519 1494 49799 481232 36632 569157 1258 
108 17102 1 15 17102 0.60149 0.345453 1523 50682 497196 38547 587948 1273 
109 17152 1 15 17152 0.602492 0.346463 1538 51565 498943 40514 592560 1288 
110 17216 1 15 17216 0.679437 0.347756 1548 52448 505050 42140 601186 1303 
111 17225 1 15 17225 0.60291 0.347938 1556 53331 514385 44479 613751 1318 
112 17227 1 15 17227 0.611978 0.347978 1586 54214 566680 47158 669638 1333 
113 17229 1 15 17229 0.596511 0.348018 1601 55097 568049 50079 674826 1348 
114 17230 1 15 17230 0.606757 0.348039 1606 55980 571058 53397 682041 1363 
115 17231 1 15 17231 0.60677 0.348059 1610 56863 572794 57078 688345 1378 
116 17231 1 15 17231 0.60677 0.348059 1623 57396 574094 60748 693861 1393 
117 17232 1 15 17232 0.59584 0.348079 1637 57929 575723 65021 700310 1408 
118 17240 1 15 17240 0.613952 0.348241 1654 58462 576964 68220 705300 1423 
119 17244 1 15 17244 0.614784 0.348321 1663 58995 580403 72172 713233 1438 
120 17247 1 15 17247 0.601972 0.348382 1675 59528 585614 75135 721952 1453 
121 17259 1 15 17259 0.998969 0.348624 1689 60061 589242 77962 728954 1468 
122 17269 1 15 17269 0.923031 0.348826 1700 60594 594256 82224 738774 1483 
123 17339 1 15 17339 0.865715 0.35024 1713 61127 596045 87380 746265 1498 
124 17339 1 15 17339 0.626717 0.35024 1719 61660 600965 91909 756253 1513 
125 17341 1 15 17341 0.64336 0.350281 1726 62193 606014 94852 764785 1528 
126 17341 1 15 17341 0.64336 0.350281 1732 62726 610070 98179 772707 1543 
127 17350 1 15 17350 0.977087 0.350463 1743 63259 611297 102127 778426 1558 
128 17375 1 15 17375 0.883667 0.350968 1760 63792 619321 107169 792042 1573 
129 17398 1 15 17398 0.850525 0.351432 1779 64325 620318 111603 798025 1588 
130 17928 1 15 17928 1.00829 0.362138 1821 64858 638130 116150 820959 1603 
131 18009 1 15 18009 1.01511 0.363774 1843 65391 640226 123359 830819 1618 
132 18111 1 15 18111 0.746321 0.365834 1851 65924 649563 135202 852540 1633 
133 18117 1 15 18117 0.757208 0.365956 1857 66457 653466 145936 867716 1648 
134 18183 1 15 18183 0.745553 0.367289 1868 66990 655227 157183 881268 1663 
135 18217 1 15 18217 0.975345 0.367976 1879 67826 663128 167856 900689 1679 
136 18332 1 15 18332 0.982211 0.370299 1891 68662 664725 180140 915418 1695 
137 18332 1 15 18332 0.870332 0.370299 1897 69498 669210 190830 931435 1711 
138 18338 1 15 18338 1.00113 0.37042 1910 70334 674040 200120 946404 1727 
139 18344 1 15 18344 1.13718 0.370541 1923 71170 675225 209636 957954 1743 
140 18351 1 15 18351 0.982156 0.370682 1932 72006 681916 218048 973902 1759 
141 18352 1 15 18352 0.930039 0.370703 1942 72842 687133 231642 993559 1775 
142 18360 1 15 18360 1.02446 0.370864 1966 73678 736029 244876 1056549 1791 
143 18387 1 15 18387 0.985105 0.37141 1975 74514 747245 252688 1076422 1807 
144 18388 1 15 18388 0.944238 0.37143 1982 75350 752395 279755 1109482 1823 
145 18389 1 15 18389 0.976193 0.37145 1995 76186 753524 304268 1135973 1839 
146 18389 1 15 18389 0.958998 0.37145 2012 77289 761099 324083 1164483 1855 
147 18389 1 15 18389 0.915345 0.37145 2020 78392 766005 345112 1191529 1871 
148 18398 1 15 18398 0.97958 0.371632 2032 79495 772379 360313 1214219 1887 
149 18413 1 15 18413 1.06631 0.371935 2048 80598 773257 380063 1235966 1903 
150 18451 1 15 18451 1.0482 0.372702 2053 81701 795082 398785 1277621 1919 
151 18456 1 15 18456 0.818172 0.372803 2070 82804 796117 418791 1299782 1935 
152 18457 1 15 18457 1.02581 0.372824 2074 83907 800319 442680 1328980 1951 
153 18469 1 15 18469 0.927254 0.373066 2084 85010 805090 485418 1377602 1967 
154 18501 1 15 18501 1.32705 0.373712 2102 86113 806003 512399 1406617 1983 
155 18506 1 15 18506 0.948716 0.373813 2106 87216 809503 534754 1433579 1999 
156 18646 1 15 18646 1.03459 0.376641 2114 88319 812824 561024 1464281 2015 
157 18649 1 15 18649 0.996705 0.376702 2132 89422 813931 584042 1489527 2031 
158 18665 1 15 18665 1.27879 0.377025 2146 90525 820859 610019 1523549 2047 
159 18690 1 15 18690 1.14849 0.37753 2157 91628 825038 674384 1593207 2063 
160 18694 1 15 18694 1.19065 0.377611 2168 92731 831231 727338 1653468 2079 
161 18712 1 15 18712 1.29693 0.377974 2175 93834 833511 772006 1701526 2095 
162 18721 1 15 18721 1.12371 0.378156 2183 94937 837101 814938 1749159 2111 
163 18721 1 15 18721 1.12371 0.378156 2188 96017 841077 844763 1784045 2127 
164 18721 1 15 18721 1.0602 0.378156 2197 97097 844958 867696 1811948 2143 
165 18723 1 15 18723 1.26142 0.378197 2202 98177 849219 905152 1854750 2159 
166 18723 1 15 18723 1.14375 0.378197 2206 99257 853587 935876 1890926 2175 
167 18731 1 15 18731 1.40134 0.378358 2222 100337 860448 975552 1938559 2191 
168 18731 1 15 18731 1.35502 0.378358 2234 101417 862203 1016639 1982493 2207 
169 18763 1 15 18763 1.07992 0.379005 2243 102497 864364 1072908 2042012 2223 
170 18763 1 15 18763 1.07992 0.379005 2247 103577 866784 1101732 2074340 2239 
171 18811 1 15 18811 1.23428 0.379974 2266 104657 867735 1142819 2117477 2255 
172 18916 1 15 18916 1.31286 0.382095 2279 105737 873055 1165661 2146732 2271 
173 18918 1 15 18918 1.37157 0.382136 2283 106817 887698 1246288 2243086 2287 
174 18934 1 15 18934 1.26885 0.382459 2287 107845 891601 1307241 2308974 2303 
175 18934 1 15 18934 1.26885 0.382459 2311 108873 895289 1395461 2401934 2319 
176 18936 1 15 18936 1.26027 0.382499 2322 109901 898375 1457172 2467770 2335 
177 18941 1 15 18941 1.21911 0.3826 2332 110929 902320 1574370 2589951 2351 
178 18941 1 15 18941 1.05463 0.3826 2347 111957 903523 1682702 2700529 2367 
179 18965 1 15 18965 1.29215 0.383085 2357 112985 906853 1798995 2821190 2383 
180 18966 1 15 18966 1.31669 0.383105 2369 114013 912085 1918437 2946904 2399 
181 18967 1 15 18967 1.27384 0.383125 2373 115041 924264 2011254 3052932 2415 
182 18969 1 15 18969 1.25889 0.383166 2379 116069 928057 2160330 3206835 2431 
183 18972 1 15 18972 1.35554 0.383226 2384 117097 931301 2230121 3280903 2447 
184 18975 1 15 18975 1.36774 0.383287 2388 118125 942311 2379898 3442722 2463 
185 18977 1 15 18977 1.43792 0.383327 2404 119153 949720 2534901 3606178 2479 
186 18979 1 15 18979 1.2644 0.383368 2411 119617 955165 2660501 3737694 2495 
187 18982 1 15 18982 1.17684 0.383428 2416 120081 958935 2832198 3913630 2511 
188 19031 1 15 19031 1.20182 0.384418 2430 120545 960893 2995092 4078960 2528 
189 19085 1 15 19085 1.22954 0.385509 2438 121009 967532 3091833 4182812 2545 
190 19088 1 15 19088 1.34965 0.385569 2443 121473 974195 3182122 4280233 2562 
191 19090 1 15 19090 1.21799 0.38561 2458 121937 975983 3250653 4351031 2579 
192 19122 1 15 19122 1.40892 0.386256 2466 122401 983499 3464089 4572455 2596 
193 19132 1 15 19132 1.40829 0.386458 2525 122865 1006274 3673582 4805246 2613 
194 19159 1 15 19159 1.39412 0.387004 2533 123329 1010731 3857060 4993653 2630 
195 19168 1 15 19168 1.27191 0.387185 2551 123793 1011822 4087959 5226125 2647 
196 19210 1 15 19210 1.46726 0.388034 2559 124257 1014494 4358940 5500250 2664 
197 19274 1 15 19274 1.3491 0.389327 2570 124721 1022299 4445695 5595285 2681 
198 19298 1 15 19298 1.70253 0.389811 2583 125185 1024422 4596876 5749066 2698 
199 19374 1 15 19374 1.28066 0.391347 2601 125649 1030557 4736745 5895552 2715 
200 19376 1 15 19376 1.37854 0.391387 2614 126113 1034431 4891072 6054230 2732 
201 19393 1 15 19393 1.48095 0.39173 2632 126577 1039707 5157114 6326030 2749 
202 19485 1 15 19485 1.3441 0.393589 2649 127041 1044853 5290903 6465446 2766 
203 19491 1 15 19491 1.79782 0.39371 2662 127505 1046652 5467035 6643854 2783 
204 19494 1 15 19494 1.31297 0.39377 2672 127969 1055082 5688748 6874471 2800 
205 19503 1 15 19503 1.39157 0.393952 2682 128433 1057303 5948507 7136925 2817 
206 19503 1 15 19503 1.39157 0.393952 2688 128897 1067401 6261784 7460770 2834 
207 19537 1 15 19537 1.64498 0.394639 2695 129661 1070074 6538206 7740636 2851 
208 19543 1 15 19543 1.35045 0.39476 2707 130425 1071861 6905699 8110692 2868 
209 19543 1 15 19543 1.35045 0.39476 2719 131189 1078645 6942890 8155443 2885 
210 19633 1 15 19633 1.51962 0.396578 2755 131953 1107698 7035989 8278395 2902 
211 19634 1 15 19634 1.38576 0.396598 2759 132717 1115372 7103953 8354801 2919 
212 19753 1 15 19753 1.55742 0.399002 2782 133481 1138023 7266922 8541208 2936 
213 19753 1 15 19753 1.55742 0.399002 2787 134245 1140797 7461474 8739303 2953 
214 19753 1 15 19753 1.36591 0.399002 2792 135009 1143608 7604202 8885611 2970 
215 19753 1 15 19753 1.36591 0.399002 2800 135773 1152168 7670975 8961716 2987 
216 19753 1 15 19753 1.36591 0.399002 2804 136537 1154713 7950866 9244920 3004 
217 19761 1 15 19761 1.4649 0.399164 2812 137301 1159604 8048065 9347782 3021 
218 19764 1 15 19764 1.36532 0.399224 2816 138065 1167275 8243281 9551437 3038 
219 19774 1 15 19774 1.60729 0.399426 2824 138829 1170119 8538396 9850168 3055 
220 19791 1 15 19791 1.52303 0.39977 2844 139593 1189359 8732658 10064454 3072 
221 19792 1 15 19792 1.41484 0.39979 2851 140372 1191687 8847330 10182240 3089 
222 19796 1 15 19796 1.52036 0.399871 2855 141151 1212093 8989994 10346093 3106 
223 20401 1 15 20401 1.41703 0.412091 2874 141930 1218068 9095650 10458522 3123 
224 20403 1 15 20403 1.5786 0.412132 2894 142709 1225329 9211098 10582030 3140 
225 20411 1 15 20411 1.42921 0.412293 2900 143488 1228635 9287226 10662249 3157 
226 20411 1 15 20411 1.42921 0.412293 2905 144267 1235242 9473395 10855809 3174 
227 20417 1 15 20417 1.245 0.412415 2910 145046 1257336 9598465 11003757 3191 
228 20421 1 15 20421 1.6611 0.412495 2915 145825 1285158 9760920 11194818 3208 
229 20423 1 15 20423 1.50104 0.412536 2923 146604 1290185 9970205 11409917 3225 
