1 3346 1 20 3346 0 0.0675878 25 380 0 0 405 0 
2 3685 1 20 3685 0.002 0.0744354 54 760 0 0 814 1 
3 4834 1 20 4834 0.0183859 0.0976447 72 1140 1788 0 3000 3 
4 5557 1 20 5557 0.0323859 0.112249 82 1520 3883 0 5485 6 
5 6741 1 20 6741 0.0591288 0.136165 96 1900 7333 0 9329 10 
6 7044 1 20 7044 0.0681288 0.142286 111 2280 11513 0 13904 15 
7 7086 1 20 7086 0.0701288 0.143134 127 2660 15845 0 18632 21 
8 7723 1 20 7723 0.0790857 0.156001 141 3040 22419 0 25600 28 
9 7764 1 20 7764 0.0800857 0.156829 160 3420 25684 1 29265 35 
10 7956 1 20 7956 0.128142 0.160708 169 3800 28194 2 32165 43 
11 8314 1 20 8314 0.137149 0.167939 179 4180 31700 4 36063 51 
12 8392 1 20 8392 0.144073 0.169515 186 4560 34834 6 39586 59 
13 8394 1 20 8394 0.144343 0.169555 192 4940 40191 8 45331 67 
14 8430 1 20 8430 0.146314 0.170282 202 5320 42901 10 48433 76 
15 9038 1 20 9038 0.149317 0.182564 218 5700 50280 13 56211 85 
16 9038 1 20 9038 0.149317 0.182564 223 6080 54456 16 60775 94 
17 9295 1 20 9295 0.151314 0.187755 251 6460 60629 21 67361 103 
18 9362 1 20 9362 0.152314 0.189108 269 6840 63195 25 70329 112 
19 9379 1 20 9379 0.153885 0.189452 275 7220 65645 29 73169 122 
20 9674 1 20 9674 0.155885 0.195411 291 7600 68524 35 76450 132 
21 9709 1 20 9709 0.134152 0.196118 300 7980 74000 42 82322 142 
22 9733 1 20 9733 0.136152 0.196602 316 8360 76223 52 84951 152 
23 9792 1 20 9792 0.138152 0.197794 334 8740 77749 61 86884 162 
24 9806 1 20 9806 0.142434 0.198077 341 9120 81656 77 91194 172 
25 9812 1 20 9812 0.146403 0.198198 346 9500 85376 91 95313 182 
26 9865 1 20 9865 0.148403 0.199269 364 9880 86731 105 97080 192 
27 9874 1 20 9874 0.149179 0.199451 380 10260 88144 120 98904 203 
28 9874 1 20 9874 0.149179 0.199451 397 10640 89233 136 100406 214 
29 10106 1 20 10106 0.157136 0.204137 408 11020 93485 153 105066 225 
30 10293 1 20 10293 0.157858 0.207914 420 11400 98497 174 110491 236 
31 10386 1 20 10386 0.210223 0.209793 427 11780 100405 208 112820 247 
32 10407 1 20 10407 0.208266 0.210217 443 12160 101387 238 114228 258 
33 10435 1 20 10435 0.194447 0.210783 448 12540 107670 264 120922 269 
34 11307 1 20 11307 0.210027 0.228397 465 12920 109214 291 122890 280 
35 11348 1 20 11348 0.211027 0.229225 470 13506 110971 327 125274 291 
36 11350 1 20 11350 0.202998 0.229265 477 14092 116983 366 131918 302 
37 11563 1 20 11563 0.20554 0.233568 491 14678 119890 425 135484 314 
38 11622 1 20 11622 0.282093 0.234759 500 15264 125789 485 142038 326 
39 11625 1 20 11625 0.285993 0.23482 504 15850 129849 567 146770 338 
40 11693 1 20 11693 0.306622 0.236194 515 16436 131326 643 148920 350 
41 11722 1 20 11722 0.339225 0.236779 523 17022 132952 720 151217 362 
42 12099 1 20 12099 0.351879 0.244395 544 17608 134669 807 153628 374 
43 12200 1 20 12200 0.42112 0.246435 553 18194 140888 967 160602 386 
44 12863 1 20 12863 0.42712 0.259827 565 18780 146226 1133 166704 398 
45 12909 1 20 12909 0.427141 0.260756 574 19366 152691 1314 173945 410 
46 12977 1 20 12977 0.339713 0.26213 585 19952 161290 1491 183318 422 
47 13058 1 20 13058 0.314337 0.263766 607 20538 167642 1641 190428 434 
48 13075 1 20 13075 0.337806 0.264109 616 21124 173709 1803 197252 446 
49 13110 1 20 13110 0.377265 0.264816 628 21710 175308 1937 199583 458 
50 13189 1 20 13189 0.382401 0.266412 639 22296 177381 2080 202396 470 
51 13513 1 20 13513 0.383401 0.272957 655 22633 184619 2248 210155 483 
52 13553 1 20 13553 0.381866 0.273765 670 22970 189855 2408 215903 496 
53 13686 1 20 13686 0.392777 0.276451 686 23307 192549 2571 219113 509 
54 13728 1 20 13728 0.393777 0.2773 702 23644 200624 2715 227685 522 
55 13795 1 20 13795 0.491427 0.278653 714 23981 206510 2931 234136 535 
56 13802 1 20 13802 0.330369 0.278794 731 24318 207540 3167 235756 548 
57 13866 1 20 13866 0.26421 0.280087 743 24655 212519 3429 241346 561 
58 13897 1 20 13897 0.539624 0.280713 755 24992 214791 3623 244161 574 
59 13949 1 20 13949 0.557448 0.281764 762 25329 216875 3818 246784 587 
60 14028 1 20 14028 0.564448 0.28336 780 25666 217981 4035 248462 600 
61 14033 1 20 14033 0.584697 0.283461 789 26003 223964 4254 255010 613 
62 14067 1 20 14067 0.573095 0.284147 805 26340 228030 4447 259622 626 
63 14071 1 20 14071 0.571309 0.284228 817 26677 231840 4654 263988 639 
64 14084 1 20 14084 0.571517 0.284491 837 27014 233100 4864 265815 652 
65 14747 1 20 14747 0.497193 0.297883 870 27351 244142 5049 277412 665 
66 14764 1 20 14764 0.498229 0.298226 888 27688 245146 5232 278954 678 
67 14780 1 20 14780 0.499229 0.29855 910 28025 246878 5418 281231 691 
68 14807 1 20 14807 0.509639 0.299095 918 28362 249311 5630 284221 704 
69 14919 1 20 14919 0.520639 0.301357 932 28699 251382 5845 286858 717 
70 14988 1 20 14988 0.522031 0.302751 950 29036 254223 6071 290280 730 
71 15002 1 20 15002 0.524028 0.303034 968 29373 257222 6279 293842 744 
72 15028 1 20 15028 0.526026 0.303559 988 29710 259841 6501 297040 758 
73 15818 1 20 15818 0.522035 0.319517 1007 30047 269276 6749 307079 772 
74 15822 1 20 15822 0.524999 0.319598 1019 30384 272498 6982 310883 786 
75 15836 1 20 15836 0.526035 0.31988 1035 30721 275671 7222 314649 800 
76 15843 1 20 15843 0.527035 0.320022 1048 31251 278536 7459 318294 814 
77 15939 1 20 15939 0.551318 0.321961 1056 31781 281955 7997 322789 828 
78 15959 1 20 15959 0.557318 0.322365 1074 32311 284130 8543 326058 842 
79 15967 1 20 15967 0.4379 0.322527 1092 32841 286312 9070 329315 856 
80 16008 1 20 16008 0.539404 0.323355 1103 33371 291098 9678 335250 870 
81 16087 1 20 16087 0.571375 0.324951 1133 33901 312307 10246 357587 884 
82 16095 1 20 16095 0.607879 0.325112 1148 34431 314003 10757 360339 898 
83 16130 1 20 16130 0.576312 0.325819 1157 34961 319046 11308 366472 912 
84 16244 1 20 16244 0.577516 0.328122 1165 35491 323814 11871 372341 926 
85 16291 1 20 16291 0.647047 0.329071 1189 36021 338427 12536 388173 940 
86 16343 1 20 16343 0.682419 0.330122 1199 36551 341502 13184 392436 954 
87 16344 1 20 16344 0.684414 0.330142 1218 37081 342855 13823 394977 968 
88 16478 1 20 16478 0.597499 0.332849 1236 37611 356460 14226 409533 982 
89 16486 1 20 16486 0.576136 0.33301 1248 38141 360327 14708 414424 996 
90 16491 1 20 16491 0.649932 0.333111 1259 38671 370172 15208 425310 1010 
91 16496 1 20 16496 0.650932 0.333212 1277 39201 372208 15672 428358 1024 
92 16498 1 20 16498 0.666509 0.333253 1292 39731 373611 16122 430756 1038 
93 16519 1 20 16519 0.670509 0.333677 1306 40261 375518 16590 433675 1052 
94 16525 1 20 16525 0.552002 0.333798 1311 40791 379851 17036 438989 1066 
95 16557 1 20 16557 0.535618 0.334444 1323 41321 381047 17535 441226 1080 
96 16672 1 20 16672 0.623132 0.336767 1353 41851 427482 19047 489733 1094 
97 16681 1 20 16681 0.556969 0.336949 1361 42381 433018 20456 497216 1108 
98 16689 1 20 16689 0.555925 0.337111 1380 42911 435027 21834 501152 1123 
99 16698 1 20 16698 0.545652 0.337292 1394 43441 437339 23229 505403 1138 
100 16782 1 20 16782 0.598033 0.338989 1402 43971 441505 24976 511854 1153 
101 16784 1 20 16784 0.565949 0.33903 1415 44501 443218 26427 515561 1168 
102 16798 1 20 16798 0.556353 0.339312 1418 45384 447296 27916 522014 1183 
103 16888 1 20 16888 0.657106 0.34113 1453 46267 462713 29280 539713 1198 
104 17073 1 20 17073 0.602899 0.344867 1461 47150 468373 31134 548118 1213 
105 17073 1 20 17073 0.602899 0.344867 1480 48033 469508 33091 552112 1228 
106 17088 1 20 17088 0.592001 0.34517 1485 48916 472849 35006 558256 1243 
107 17089 1 20 17089 0.59446 0.34519 1494 49799 481232 36977 569502 1258 
108 17102 1 20 17102 0.60149 0.345453 1523 50682 497196 38966 588367 1273 
109 17152 1 20 17152 0.602492 0.346463 1538 51565 498943 40914 592960 1288 
110 17216 1 20 17216 0.679437 0.347756 1548 52448 505050 42585 601631 1303 
111 17225 1 20 17225 0.60291 0.347938 1556 53331 514385 44904 614176 1318 
112 17227 1 20 17227 0.611978 0.347978 1586 54214 566680 47545 670025 1333 
113 17229 1 20 17229 0.596511 0.348018 1601 55097 568049 50441 675188 1348 
114 17230 1 20 17230 0.606757 0.348039 1606 55980 571058 53718 682362 1363 
115 17231 1 20 17231 0.60677 0.348059 1610 56863 572794 57415 688682 1378 
116 17231 1 20 17231 0.60677 0.348059 1623 57396 574094 61119 694232 1393 
117 17232 1 20 17232 0.59584 0.348079 1637 57929 575723 65326 700615 1408 
118 17240 1 20 17240 0.613952 0.348241 1654 58462 576964 68557 705637 1423 
119 17244 1 20 17244 0.614784 0.348321 1663 58995 580403 72406 713467 1438 
120 17247 1 20 17247 0.601972 0.348382 1675 59528 585614 75329 722146 1453 
121 17259 1 20 17259 0.998969 0.348624 1689 60061 589242 78234 729226 1468 
122 17269 1 20 17269 0.923031 0.348826 1700 60594 594256 82465 739015 1483 
123 17339 1 20 17339 0.865715 0.35024 1713 61127 596045 87597 746482 1498 
124 17339 1 20 17339 0.626717 0.35024 1719 61660 600965 92166 756510 1513 
125 17341 1 20 17341 0.64336 0.350281 1726 62193 606014 95217 765150 1528 
126 17341 1 20 17341 0.64336 0.350281 1732 62726 610070 98512 773040 1543 
127 17350 1 20 17350 0.977087 0.350463 1743 63259 611297 102516 778815 1558 
128 17375 1 20 17375 0.883667 0.350968 1760 63792 619321 107627 792500 1573 
129 17398 1 20 17398 0.850525 0.351432 1779 64325 620318 112033 798455 1588 
130 17928 1 20 17928 1.00829 0.362138 1821 64858 638130 116630 821439 1603 
131 18009 1 20 18009 1.01511 0.363774 1843 65391 640226 124073 831533 1618 
132 18111 1 20 18111 0.746321 0.365834 1851 65924 649563 135972 853310 1633 
133 18117 1 20 18117 0.757208 0.365956 1857 66457 653466 146762 868542 1648 
134 18183 1 20 18183 0.745553 0.367289 1868 66990 655227 158085 882170 1663 
135 18217 1 20 18217 0.975345 0.367976 1879 67826 663128 168772 901605 1679 
136 18332 1 20 18332 0.972378 0.370299 1891 68662 664725 184142 919420 1695 
137 18332 1 20 18332 0.972378 0.370299 1897 69498 669210 197804 938409 1711 
138 18338 1 20 18338 1.03004 0.37042 1910 70334 674040 209510 955794 1727 
139 18344 1 20 18344 0.949285 0.370541 1923 71170 675225 219763 968081 1743 
140 18351 1 20 18351 1.12134 0.370682 1932 72006 681916 224282 980136 1759 
141 18352 1 20 18352 0.847028 0.370703 1942 72842 687133 242297 1004214 1775 
142 18360 1 20 18360 0.906647 0.370864 1966 73678 736029 257304 1068977 1791 
143 18387 1 20 18387 0.968717 0.37141 1975 74514 747245 266582 1090316 1807 
144 18388 1 20 18388 0.955048 0.37143 1982 75350 752395 290406 1120133 1823 
145 18389 1 20 18389 0.995251 0.37145 1995 76186 753524 313469 1145174 1839 
146 18389 1 20 18389 0.937421 0.37145 2012 77289 761099 342424 1182824 1855 
147 18389 1 20 18389 0.917006 0.37145 2020 78392 766005 363827 1210244 1871 
148 18398 1 20 18398 0.928333 0.371632 2032 79495 772379 375936 1229842 1887 
149 18413 1 20 18413 1.0169 0.371935 2048 80598 773257 393105 1249008 1903 
150 18451 1 20 18451 1.07786 0.372702 2053 81701 795082 417635 1296471 1919 
151 18456 1 20 18456 1.0009 0.372803 2070 82804 796117 437211 1318202 1935 
152 18457 1 20 18457 1.12656 0.372824 2074 83907 800319 465952 1352252 1951 
153 18469 1 20 18469 1.21707 0.373066 2084 85010 805090 515195 1407379 1967 
154 18501 1 20 18501 0.964041 0.373712 2102 86113 806003 557780 1451998 1983 
155 18506 1 20 18506 1.09909 0.373813 2106 87216 809503 577160 1475985 1999 
156 18646 1 20 18646 1.07336 0.376641 2114 88319 812824 604774 1508031 2015 
157 18649 1 20 18649 0.947298 0.376702 2132 89422 813931 626598 1532083 2031 
158 18665 1 20 18665 1.19848 0.377025 2146 90525 820859 652051 1565581 2047 
159 18690 1 20 18690 1.09654 0.37753 2157 91628 825038 738522 1657345 2063 
160 18694 1 20 18694 1.10994 0.377611 2168 92731 831231 784292 1710422 2079 
161 18712 1 20 18712 1.24651 0.377974 2175 93834 833511 817669 1747189 2095 
162 18721 1 20 18721 1.34028 0.378156 2183 94937 837101 860738 1794959 2111 
163 18721 1 20 18721 1.24989 0.378156 2188 96017 841077 886498 1825780 2127 
164 18721 1 20 18721 1.10917 0.378156 2197 97097 844958 911396 1855648 2143 
165 18723 1 20 18723 1.20491 0.378197 2202 98177 849219 950438 1900036 2159 
166 18723 1 20 18723 1.20416 0.378197 2206 99257 853587 986520 1941570 2175 
167 18731 1 20 18731 1.08842 0.378358 2222 100337 860448 1034076 1997083 2191 
168 18731 1 20 18731 1.04202 0.378358 2234 101417 862203 1071442 2037296 2207 
169 18763 1 20 18763 1.09222 0.379005 2243 102497 864364 1112556 2081660 2223 
170 18763 1 20 18763 1.09222 0.379005 2247 103577 866784 1140737 2113345 2239 
171 18811 1 20 18811 1.23039 0.379974 2266 104657 867735 1177704 2152362 2255 
172 18916 1 20 18916 1.14138 0.382095 2279 105737 873055 1204974 2186045 2271 
173 18918 1 20 18918 1.23088 0.382136 2283 106817 887698 1325755 2322553 2287 
174 18934 1 20 18934 1.39147 0.382459 2287 107845 891601 1479746 2481479 2303 
175 18934 1 20 18934 1.32092 0.382459 2311 108873 895289 1581436 2587909 2319 
176 18936 1 20 18936 1.09837 0.382499 2322 109901 898375 1682435 2693033 2335 
177 18941 1 20 18941 1.2747 0.3826 2332 110929 902320 1827776 2843357 2351 
178 18941 1 20 18941 1.21176 0.3826 2347 111957 903523 1947417 2965244 2367 
179 18965 1 20 18965 1.22775 0.383085 2357 112985 906853 2111956 3134151 2383 
180 18966 1 20 18966 1.24547 0.383105 2369 114013 912085 2224867 3253334 2399 
181 18967 1 20 18967 1.39261 0.383125 2373 115041 924264 2319810 3361488 2415 
182 18969 1 20 18969 1.34714 0.383166 2379 116069 928057 2481435 3527940 2431 
183 18972 1 20 18972 1.32432 0.383226 2384 117097 931301 2540450 3591232 2447 
184 18975 1 20 18975 1.11061 0.383287 2388 118125 942311 2690373 3753197 2463 
185 18977 1 20 18977 1.31586 0.383327 2404 119153 949720 2830026 3901303 2479 
186 18979 1 20 18979 1.38189 0.383368 2411 119617 955165 2910972 3988165 2495 
187 18982 1 20 18982 1.31381 0.383428 2416 120081 958935 3102479 4183911 2511 
188 19031 1 20 19031 1.26937 0.384418 2430 120545 960893 3216953 4300821 2528 
189 19085 1 20 19085 1.06331 0.385509 2438 121009 967532 3345780 4436759 2545 
190 19088 1 20 19088 1.17392 0.385569 2443 121473 974195 3426587 4524698 2562 
191 19090 1 20 19090 1.364 0.38561 2458 121937 975983 3540676 4641054 2579 
192 19122 1 20 19122 1.31629 0.386256 2466 122401 983499 3709326 4817692 2596 
193 19132 1 20 19132 1.18311 0.386458 2525 122865 1006274 3928986 5060650 2613 
194 19159 1 20 19159 1.46063 0.387004 2533 123329 1010731 4187698 5324291 2630 
195 19168 1 20 19168 1.41975 0.387185 2551 123793 1011822 4377549 5515715 2647 
196 19210 1 20 19210 1.22598 0.388034 2559 124257 1014494 4606071 5747381 2664 
197 19274 1 20 19274 1.57434 0.389327 2570 124721 1022299 4732614 5882204 2681 
198 19298 1 20 19298 1.57932 0.389811 2583 125185 1024422 4841495 5993685 2698 
199 19374 1 20 19374 1.28527 0.391347 2601 125649 1030557 4909788 6068595 2715 
200 19376 1 20 19376 1.55811 0.391387 2614 126113 1034431 5096697 6259855 2732 
201 19393 1 20 19393 1.28387 0.39173 2632 126577 1039707 5290640 6459556 2749 
202 19485 1 20 19485 1.3789 0.393589 2649 127041 1044853 5396814 6571357 2766 
203 19491 1 20 19491 1.62512 0.39371 2662 127505 1046652 5540675 6717494 2783 
204 19494 1 20 19494 1.38223 0.39377 2672 127969 1055082 5768094 6953817 2800 
205 19503 1 20 19503 1.60109 0.393952 2682 128433 1057303 5986185 7174603 2817 
206 19503 1 20 19503 1.5091 0.393952 2688 128897 1067401 6240454 7439440 2834 
207 19537 1 20 19537 1.32892 0.394639 2695 129661 1070074 6558406 7760836 2851 
208 19543 1 20 19543 1.31435 0.39476 2707 130425 1071861 6887169 8092162 2868 
209 19543 1 20 19543 1.31435 0.39476 2719 131189 1078645 6965363 8177916 2885 
210 19633 1 20 19633 1.27058 0.396578 2755 131953 1107698 7065203 8307609 2902 
211 19634 1 20 19634 1.76212 0.396598 2759 132717 1115372 7137472 8388320 2919 
212 19753 1 20 19753 1.7415 0.399002 2782 133481 1138023 7279560 8553846 2936 
213 19753 1 20 19753 1.43451 0.399002 2787 134245 1140797 7423835 8701664 2953 
214 19753 1 20 19753 1.33731 0.399002 2792 135009 1143608 7522370 8803779 2970 
215 19753 1 20 19753 1.33731 0.399002 2800 135773 1152168 7641818 8932559 2987 
216 19753 1 20 19753 1.30325 0.399002 2804 136537 1154713 7716222 9010276 3004 
217 19761 1 20 19761 1.33945 0.399164 2812 137301 1159604 7798893 9098610 3021 
218 19764 1 20 19764 1.464 0.399224 2816 138065 1167275 7969249 9277405 3038 
219 19774 1 20 19774 1.48982 0.399426 2824 138829 1170119 8228423 9540195 3055 
220 19791 1 20 19791 1.53566 0.39977 2844 139593 1189359 8345254 9677050 3072 
221 19792 1 20 19792 1.60787 0.39979 2851 140372 1191687 8435443 9770353 3089 
222 19796 1 20 19796 1.33824 0.399871 2855 141151 1212093 8617436 9973535 3106 
223 20401 1 20 20401 1.27732 0.412091 2874 141930 1218068 8729707 10092579 3123 
224 20403 1 20 20403 1.63819 0.412132 2894 142709 1225329 8870208 10241140 3140 
225 20411 1 20 20411 1.48687 0.412293 2900 143488 1228635 8987820 10362843 3157 
226 20411 1 20 20411 1.48687 0.412293 2905 144267 1235242 9152261 10534675 3174 
227 20417 1 20 20417 1.42364 0.412415 2910 145046 1257336 9334171 10739463 3191 
228 20421 1 20 20421 1.58023 0.412495 2915 145825 1285158 9522919 10956817 3208 
229 20423 1 20 20423 1.59397 0.412536 2923 146604 1290185 9652411 11092123 3225 
230 20424 1 20 20424 1.52842 0.412556 2934 147383 1295494 9876525 11322336 3242 
