1 3346 1 4.95 3346 0 0.0675878 25 380 0 0 405 0 
2 3685 1 4.9005 3685 0.002 0.0744354 54 760 0 0 814 1 
3 4834 1 4.85149 4834 0.0183859 0.0976447 72 1140 1788 0 3000 3 
4 5557 1 4.80298 5557 0.0323859 0.112249 82 1520 3883 0 5485 6 
5 6741 1 4.75495 6741 0.0591288 0.136165 96 1900 7333 0 9329 10 
6 7044 1 4.7074 7044 0.0681288 0.142286 111 2280 11513 0 13904 15 
7 7086 1 4.66033 7086 0.0701288 0.143134 127 2660 15845 0 18632 21 
8 7723 1 4.61372 7723 0.0790857 0.156001 141 3040 22419 0 25600 28 
9 7764 1 4.56759 7764 0.0800857 0.156829 160 3420 25684 1 29265 35 
10 7956 1 4.52191 7956 0.128142 0.160708 169 3800 28194 2 32165 43 
11 8314 1 4.47669 8314 0.137149 0.167939 179 4180 31700 3 36062 51 
12 8392 1 4.43192 8392 0.144073 0.169515 186 4560 34834 5 39585 59 
13 8394 1 4.38761 8394 0.144343 0.169555 192 4940 40191 7 45330 67 
14 8430 1 4.34373 8430 0.146314 0.170282 202 5320 42901 9 48432 76 
15 9038 1 4.30029 9038 0.149317 0.182564 218 5700 50280 12 56210 85 
16 9038 1 4.25729 9038 0.149317 0.182564 223 6080 54456 15 60774 94 
17 9295 1 4.21472 9295 0.151314 0.187755 251 6460 60629 18 67358 103 
18 9362 1 4.17257 9362 0.152314 0.189108 269 6840 63195 22 70326 112 
19 9379 1 4.13084 9379 0.153885 0.189452 275 7220 65645 28 73168 122 
20 9674 1 4.08953 9674 0.155885 0.195411 291 7600 68524 33 76448 132 
21 9709 1 4.04864 9709 0.134152 0.196118 300 7980 74000 40 82320 142 
22 9733 1 4.00815 9733 0.136152 0.196602 316 8360 76223 47 84946 152 
23 9792 1 3.96807 9792 0.138152 0.197794 334 8740 77749 55 86878 162 
24 9806 1 3.92839 9806 0.142434 0.198077 341 9120 81656 64 91181 172 
25 9812 1 3.88911 9812 0.146403 0.198198 346 9500 85376 73 95295 182 
26 9865 1 3.85022 9865 0.148403 0.199269 364 9880 86731 82 97057 192 
27 9874 1 3.81171 9874 0.149179 0.199451 380 10260 88144 91 98875 203 
28 9874 1 3.7736 9874 0.149179 0.199451 397 10640 89233 101 100371 214 
29 10106 1 3.73586 10106 0.157136 0.204137 408 11020 93485 113 105026 225 
30 10293 1 3.6985 10293 0.157858 0.207914 420 11400 98497 126 110443 236 
31 10386 1 3.66152 10386 0.210223 0.209793 427 11780 100405 148 112760 247 
32 10407 1 3.6249 10407 0.208266 0.210217 443 12160 101387 178 114168 258 
33 10435 1 3.58865 10435 0.194447 0.210783 448 12540 107670 205 120863 269 
34 11307 1 3.55277 11307 0.210027 0.228397 465 12920 109214 227 122826 280 
35 11348 1 3.51724 11348 0.211027 0.229225 470 13506 110971 259 125206 291 
36 11350 1 3.48207 11350 0.202998 0.229265 477 14092 116983 285 131837 302 
37 11563 1 3.44725 11563 0.20554 0.233568 491 14678 119890 339 135398 314 
38 11622 1 3.41277 11622 0.282093 0.234759 500 15264 125789 419 141972 326 
39 11625 1 3.37864 11625 0.285993 0.23482 504 15850 129849 481 146684 338 
40 11693 1 3.34486 11693 0.306622 0.236194 515 16436 131326 551 148828 350 
41 11722 1 3.31141 11722 0.339225 0.236779 523 17022 132952 628 151125 362 
42 12099 1 3.2783 12099 0.351879 0.244395 544 17608 134669 716 153537 374 
43 12200 1 3.24551 12200 0.350939 0.246435 553 18194 140888 902 160537 386 
44 12863 1 3.21306 12863 0.344693 0.259827 565 18780 146226 1082 166653 398 
45 12909 1 3.18093 12909 0.35696 0.260756 574 19366 152691 1272 173903 410 
46 12977 1 3.14912 12977 0.339713 0.26213 585 19952 161290 1620 183447 422 
47 13058 1 3.11763 13058 0.312347 0.263766 607 20538 167642 1771 190558 434 
48 13075 1 3.08645 13075 0.337806 0.264109 616 21124 173709 1928 197377 446 
49 13110 1 3.05559 13110 0.377265 0.264816 628 21710 175308 2055 199701 458 
50 13189 1 3.02503 13189 0.382401 0.266412 639 22296 177381 2182 202498 470 
51 13513 1 2.99478 13513 0.383401 0.272957 655 22633 184619 2313 210220 483 
52 13553 1 2.96483 13553 0.381866 0.273765 670 22970 189855 2461 215956 496 
53 13686 1 2.93518 13686 0.392777 0.276451 686 23307 192549 2614 219156 509 
54 13728 1 2.90583 13728 0.393777 0.2773 702 23644 200624 2756 227726 522 
55 13795 1 2.87677 13795 0.409011 0.278653 714 23981 206510 3002 234207 535 
56 13802 1 2.84801 13802 0.330369 0.278794 731 24318 207540 3276 235865 548 
57 13866 1 2.81953 13866 0.26421 0.280087 743 24655 212519 3584 241501 561 
58 13897 1 2.79133 13897 0.281548 0.280713 755 24992 214791 3985 244523 574 
59 13949 1 2.76342 13949 0.339048 0.281764 762 25329 216875 4474 247440 587 
60 14028 1 2.73578 14028 0.290538 0.28336 780 25666 217981 4947 249374 600 
61 14033 1 2.70842 14033 0.344322 0.283461 789 26003 223964 5337 256093 613 
62 14067 1 2.68134 14067 0.308252 0.284147 805 26340 228030 5812 260987 626 
63 14071 1 2.65453 14071 0.310238 0.284228 817 26677 231840 6353 265687 639 
64 14084 1 2.62798 14084 0.310453 0.284491 837 27014 233100 6917 267868 652 
65 14747 1 2.6017 14747 0.420007 0.297883 870 27351 244142 8707 281070 665 
66 14764 1 2.57568 14764 0.390982 0.298226 888 27688 245146 9908 283630 678 
67 14780 1 2.54993 14780 0.377124 0.29855 910 28025 246878 13247 289060 691 
68 14807 1 2.52443 14807 0.394542 0.299095 918 28362 249311 15690 294281 704 
69 14919 1 2.49918 14919 0.383281 0.301357 932 28699 251382 19100 300113 717 
70 14988 1 2.47419 14988 0.364287 0.302751 950 29036 254223 23461 307670 730 
71 15002 1 2.44945 15002 0.353751 0.303034 968 29373 257222 27774 315337 744 
72 15028 1 2.42496 15028 0.40983 0.303559 988 29710 259841 32999 323538 758 
73 15818 1 2.40071 15818 0.382457 0.319517 1007 30047 269276 40536 340866 772 
74 15822 1 2.3767 15822 0.42286 0.319598 1019 30384 272498 41030 344931 786 
75 15836 1 2.35293 15836 0.41836 0.31988 1035 30721 275671 41646 349073 800 
76 15843 1 2.3294 15843 0.378923 0.320022 1048 31251 278536 42135 352970 814 
77 15939 1 2.30611 15939 0.407176 0.321961 1056 31781 281955 42929 357721 828 
78 15959 1 2.28305 15959 0.393446 0.322365 1074 32311 284130 43854 361369 842 
79 15967 1 2.26022 15967 0.416013 0.322527 1092 32841 286312 45371 365616 856 
80 16008 1 2.23762 16008 0.424298 0.323355 1103 33371 291098 46899 372471 870 
81 16087 1 2.21524 16087 0.427116 0.324951 1133 33901 312307 48632 395973 884 
82 16095 1 2.19309 16095 0.387105 0.325112 1148 34431 314003 84920 434502 898 
83 16130 1 2.17116 16130 0.385927 0.325819 1157 34961 319046 112017 467181 912 
84 16244 1 2.14944 16244 0.367282 0.328122 1165 35491 323814 151735 512205 926 
85 16291 1 2.12795 16291 0.400284 0.329071 1189 36021 338427 232374 608011 940 
86 16343 1 2.10667 16343 0.421062 0.330122 1199 36551 341502 366258 745510 954 
87 16344 1 2.0856 16344 0.404693 0.330142 1218 37081 342855 460455 841609 968 
88 16478 1 2.06475 16478 0.381738 0.332849 1236 37611 356460 531048 926355 982 
89 16486 1 2.0441 16486 0.416184 0.33301 1248 38141 360327 616805 1016521 996 
90 16491 1 2.02366 16491 0.394314 0.333111 1259 38671 370172 793107 1203209 1010 
91 16496 1 2.00342 16496 0.374663 0.333212 1277 39201 372208 895520 1308206 1024 
92 16498 1 1.98339 16498 0.402198 0.333253 1292 39731 373611 947012 1361646 1038 
93 16519 1 1.96355 16519 0.404799 0.333677 1306 40261 375518 1094307 1511392 1052 
94 16525 1 1.94392 16525 0.389446 0.333798 1311 40791 379851 1249576 1671529 1066 
95 16557 1 1.92448 16557 0.398587 0.334444 1323 41321 381047 1590549 2014240 1080 
96 16672 1 1.90524 16672 0.408981 0.336767 1353 41851 427482 1830679 2301365 1094 
97 16681 1 1.88618 16681 0.392373 0.336949 1361 42381 433018 2177336 2654096 1108 
98 16689 1 1.86732 16689 0.415109 0.337111 1380 42911 435027 2785119 3264437 1123 
99 16698 1 1.84865 16698 0.418805 0.337292 1394 43441 437339 2973856 3456030 1138 
100 16782 1 1.83016 16782 0.41466 0.338989 1402 43971 441505 3243835 3730713 1153 
101 16784 1 1.81186 16784 0.417385 0.33903 1415 44501 443218 4131574 4620708 1168 
102 16798 1 1.79374 16798 0.443611 0.339312 1418 45384 447296 5289994 5784092 1183 
103 16888 1 1.7758 16888 0.420051 0.34113 1453 46267 462713 5655014 6165447 1198 
104 17073 1 1.75805 17073 0.449554 0.344867 1461 47150 468373 6406331 6923315 1213 
105 17073 1 1.74047 17073 0.434979 0.344867 1480 48033 469508 6842038 7361059 1228 
106 17088 1 1.72306 17088 0.428071 0.34517 1485 48916 472849 7182646 7705896 1243 
107 17089 1 1.70583 17089 0.456662 0.34519 1494 49799 481232 8210668 8743193 1258 
