1 3346 0.01 4.95 3346 0 0.0675878 25 380 0 0 405 0 
35 11348 0.296552 3.51724 8119 0.147862 0.164 470 13506 110971 43 124990 291 
73 15818 0.519858 2.40071 13353 0.330754 0.269725 1007 30047 269276 658 300988 772 
133 18117 0.737287 1.31356 15024 0.251476 0.303478 1857 66457 653466 2809 724589 1648 
162 18721 0.803708 0.981457 15611 0.226131 0.315336 2183 94937 837101 6104 940325 2111 
174 18934 0.82601 0.869949 15970 0.214668 0.322587 2287 107845 891601 10213 1011946 2303 
184 18975 0.842647 0.786766 16410 0.203749 0.331475 2388 118125 942311 16625 1079449 2463 
194 19159 0.857693 0.711537 16444 0.201612 0.332162 2533 123329 1010731 33041 1169634 2630 
195 19168 0.859116 0.704422 16523 0.204624 0.333758 2551 123793 1011822 52183 1190349 2647 
196 19210 0.860524 0.697378 16555 0.200938 0.334404 2559 124257 1014494 86483 1227793 2664 
197 19274 0.861919 0.690404 16626 0.204634 0.335838 2570 124721 1022299 165430 1315020 2681 
198 19298 0.8633 0.6835 16668 0.213294 0.336686 2583 125185 1024422 239651 1391841 2698 
199 19374 0.864667 0.676665 16839 0.204557 0.340141 2601 125649 1030557 325054 1483861 2715 
202 19485 0.868686 0.656567 16927 0.223218 0.341918 2649 127041 1044853 651160 1825703 2766 
203 19491 0.87 0.650001 16964 0.222281 0.342666 2662 127505 1046652 942397 2119216 2783 
204 19494 0.8713 0.643501 16999 0.217848 0.343373 2672 127969 1055082 1267833 2453556 2800 
205 19503 0.872587 0.637066 17026 0.220982 0.343918 2682 128433 1057303 1814360 3002778 2817 
206 19503 0.873861 0.630696 17047 0.210741 0.344342 2688 128897 1067401 2109952 3308938 2834 
207 19537 0.875122 0.624389 17110 0.227937 0.345615 2695 129661 1070074 3068835 4271265 2851 
208 19543 0.876371 0.618145 17133 0.221118 0.346079 2707 130425 1071861 3525731 4730724 2868 
209 19543 0.877607 0.611963 17163 0.230871 0.346685 2719 131189 1078645 4971596 6184149 2885 
210 19633 0.878831 0.605844 17259 0.21365 0.348624 2755 131953 1107698 5196569 6438975 2902 
211 19634 0.880043 0.599785 17279 0.211578 0.349028 2759 132717 1115372 5933575 7184423 2919 
212 19753 0.881242 0.593787 17419 0.237622 0.351856 2782 133481 1138023 7301870 8576156 2936 
213 19753 0.88243 0.58785 17434 0.236307 0.352159 2787 134245 1140797 9429874 10707703 2953 
